atlas-91bg,2017ejb,ATLAS2017ejb,192.150042,-41.325981,0.009867,0.012917984625307658,57901.63099537045
++++++++++++++++++++++++++++++++++++++++++++++++++++++++++++++++
mu,-124.0,-124.0
hostMass,nan,nan
++++++++++++++++++++++++++++++++++++++++++++++++++++++++++++++++
++++++++++++++++++++++++++++++++++++++++++++++++++++++++++++++++
zp,23.8997519329957,23.899863767625234,23.899844214769836,23.89999606534836,23.899735243586864,23.900190810602744,23.900190810602744,23.89995128125945
filter,o,o,o,o,o,o,o,o
mjd,57922.306046,57922.314431,57923.309153,57923.31712,57926.299717,57926.308053,57926.316418,57930.288514
flux,1826.0,1838.0,1698.0,1808.0,1407.0,1405.0,1405.0,1012.0
dflux,24.0,22.0,62.0,134.0,22.0,19.0,20.0,22.0
mag,15.746,15.739,15.825,15.757,16.029,16.031,16.031,16.387
dmag,0.013,0.012,0.037,0.074,0.015,0.014,0.014,0.022
