MJD,m,dm,uJy,duJy,F,err,chi/N,RA,Dec,x,y,maj,min,phi,apfit,mag5sig,Sky,Obs
60698.138549,21.125,0.966,13,12,c,0,1.85,74.84817,-11.13058,6981.05,1914.07,2.42,2.03,-22.1,-0.387,19.56,21.64,04a60698o0244c
60698.154542,21.682,1.704,8,13,c,0,2.64,74.84817,-11.13058,6996.83,1954.2,2.39,2.01,-19.5,-0.382,19.59,21.54,04a60698o0279c
60698.158769,19.882,0.238,40,10,c,0,3.1,74.84817,-11.13058,6941.04,1877.0,2.4,2.04,-22.6,-0.387,19.54,21.54,04a60698o0288c
60698.164774,21.055,0.849,14,12,c,0,1.27,74.84817,-11.13058,6920.29,1993.44,2.41,2.06,-21.8,-0.379,19.54,21.5,04a60698o0301c
60698.347785,21.293,1.2,11,13,o,0,4.03,74.84817,-11.13058,6967.24,1933.52,2.64,2.62,-62.4,-0.429,19.48,20.89,01a60698o0176o
60698.351006,-21.473,1.531,-9,14,o,0,2.7,74.84817,-11.13058,6983.73,1973.18,2.64,2.61,42.0,-0.425,19.49,20.9,01a60698o0183o
60698.358162,21.198,1.129,12,14,o,0,2.73,74.84817,-11.13058,6923.96,1893.0,2.59,2.54,79.5,-0.436,19.47,20.85,01a60698o0198o
60698.371115,-19.462,0.228,-60,14,o,0,3.66,74.84817,-11.13058,6900.44,2009.22,2.69,2.63,77.9,-0.425,19.44,20.83,01a60698o0226o
60699.106467,20.337,0.394,27,10,c,0,3.11,74.84817,-11.13058,6975.85,1916.0,2.68,2.16,-20.3,-0.379,19.51,21.5,04a60699o0177c
60699.110101,20.652,0.637,20,13,c,0,1.76,74.84817,-11.13058,6994.27,1955.73,2.74,2.27,-18.0,-0.361,19.52,21.51,04a60699o0185c
60699.127848,21.887,2.189,6,14,c,0,1.59,74.84817,-11.13058,6935.82,1879.49,2.67,2.23,-14.8,-0.382,19.49,21.47,04a60699o0224c
60699.145162,22.045,2.833,6,16,c,0,1.42,74.84817,-11.13058,6916.42,1997.48,2.51,2.09,-25.5,-0.387,19.5,21.44,04a60699o0262c
60700.849346,-21.573,1.542,-8,13,o,0,7.1,74.84817,-11.13058,6628.23,6315.53,2.35,2.0,-54.4,-0.425,19.47,21.0,03a60701o0179o
60700.852523,-22.223,2.636,-5,12,o,0,3.02,74.84817,-11.13058,6648.86,6355.13,2.32,1.97,-54.1,-0.428,19.49,20.98,03a60701o0186o
60700.862521,21.593,1.521,8,13,o,0,3.24,74.84817,-11.13058,6591.39,6275.91,2.51,2.24,-52.9,-0.425,19.4,20.98,03a60701o0208o
60700.869302,22.967,5.357,2,13,o,0,3.81,74.84817,-11.13058,6575.87,6391.38,2.51,2.21,-52.7,-0.408,19.37,20.95,03a60701o0223o
60703.099327,-23.099,7.556,-2,16,c,0,4.64,74.84817,-11.13058,9144.11,257.57,3.36,2.49,-27.1,-0.33,19.47,21.26,04a60703o0176c
60703.099778,19.061,0.178,86,15,c,0,8.82,74.84817,-11.13058,1064.7,10466.04,3.15,2.18,-72.2,-0.36,19.44,21.19,04a60703o0177c
60703.102961,23.356,9.857,2,16,c,0,2.85,74.84817,-11.13058,9163.57,297.5,3.32,2.56,-24.4,-0.33,19.41,21.25,04a60703o0184c
60703.103412,19.039,0.326,88,29,c,0,6.86,74.84817,-11.13058,1083.99,10505.93,3.29,2.1,-71.6,-0.355,19.41,21.18,04a60703o0185c
60703.108908,21.217,1.117,12,13,c,0,3.52,74.84817,-11.13058,1025.88,10428.06,3.15,2.22,-79.2,-0.357,19.39,21.16,04a60703o0197c
60703.123964,20.667,0.791,20,16,c,0,4.09,74.84817,-11.13058,9108.14,220.66,3.23,2.46,-22.9,-0.35,19.43,21.19,04a60703o0230c
60703.141788,-19.966,0.399,-38,15,c,0,2.03,74.84817,-11.13058,9085.65,340.28,3.27,2.46,-28.3,-0.333,19.43,21.14,04a60703o0269c
60704.372964,-19.458,0.558,-60,33,c,0,1.51,74.84817,-11.13058,9687.15,3988.29,2.94,2.66,-49.0,-0.397,18.44,20.14,02a60704o0236c
60704.376139,19.938,1.063,38,41,c,0,1.4,74.84817,-11.13058,9667.62,3950.08,2.81,2.51,-48.2,-0.403,18.26,19.87,02a60704o0243c
60704.383577,-19.431,0.748,-61,46,c,0,1.52,74.84817,-11.13058,9728.28,4028.38,3.4,2.91,-11.5,-0.38,18.38,20.21,02a60704o0259c
60704.393592,21.431,2.645,10,26,c,0,1.5,74.84817,-11.13058,9747.45,3912.93,2.8,2.51,-39.6,-0.405,18.72,20.38,02a60704o0281c
60704.85105,21.382,1.524,10,16,o,0,4.21,74.84817,-11.13058,839.15,6468.62,2.51,2.21,-57.1,-0.408,19.27,20.57,03a60705o0173o
60704.854234,20.191,0.525,30,16,o,0,3.87,74.84817,-11.13058,861.09,6508.06,2.56,2.2,-62.7,-0.411,19.28,20.55,03a60705o0180o
60704.861018,-19.626,0.33,-51,17,o,0,1.64,74.84817,-11.13058,802.46,6428.96,2.57,2.23,-60.8,-0.406,19.27,20.56,03a60705o0195o
60704.883901,20.35,0.623,26,16,o,0,2.93,74.84817,-11.13058,787.37,6544.96,2.65,2.32,-63.0,-0.402,19.21,20.56,03a60705o0245o
60706.831552,-21.654,2.151,-8,17,o,0,2.93,74.84817,-11.13058,2959.17,52.16,2.39,2.21,-58.9,-0.372,19.34,20.76,03a60707o0145o
60706.848998,21.351,1.4,10,15,o,0,1.56,74.84817,-11.13058,2882.35,88.65,2.37,2.22,-53.3,-0.376,19.33,20.74,03a60707o0183o
60707.086154,-22.232,2.462,-5,11,c,0,2.11,74.84817,-11.13058,4936.12,10244.53,3.07,2.06,-69.1,-0.357,19.43,21.89,04a60707o0152c
60707.089312,20.25,0.441,29,13,c,0,4.13,74.84817,-11.13058,4955.56,10283.77,3.09,2.04,-69.8,-0.36,19.48,21.98,04a60707o0159c
60707.094754,20.386,0.424,26,11,c,0,3.41,74.84817,-11.13058,4898.61,10205.9,3.08,2.0,-69.1,-0.366,19.45,22.06,04a60707o0171c
60707.104777,21.692,1.5,8,12,c,0,3.77,74.84817,-11.13058,4878.28,10324.25,3.06,2.0,-68.7,-0.348,19.46,21.74,04a60707o0193c
60708.348276,20.124,0.403,32,13,c,0,4.37,74.84817,-11.13058,7367.9,6514.27,2.51,2.42,30.9,-0.405,19.47,21.16,02a60708o0314c
60708.351468,-22.703,4.053,-3,12,c,0,2.4,74.84817,-11.13058,7347.91,6475.68,2.53,2.44,31.8,-0.402,19.49,21.16,02a60708o0321c
60708.357598,-21.23,1.123,-12,13,c,0,2.58,74.84817,-11.13058,7404.52,6553.29,2.55,2.42,22.9,-0.405,19.45,21.14,02a60708o0334c
60708.368537,21.322,1.162,11,12,c,0,2.92,74.84817,-11.13058,7425.62,6438.28,2.46,2.44,23.4,-0.409,19.44,21.1,02a60708o0358c
60708.813782,22.178,3.129,5,15,o,0,2.81,74.84817,-11.13058,3209.66,4008.41,2.45,2.21,-62.2,-0.407,19.3,20.8,03a60709o0110o
60708.817881,-22.132,2.697,-5,14,o,0,2.09,74.84817,-11.13058,3229.16,4047.87,2.42,2.18,-58.6,-0.407,19.33,20.76,03a60709o0119o
60708.823306,-20.212,0.469,-30,14,o,0,1.79,74.84817,-11.13058,3176.16,3969.54,2.43,2.16,-62.8,-0.412,19.34,20.79,03a60709o0131o
60708.856458,-19.855,0.297,-42,12,o,0,3.96,74.84817,-11.13058,3161.48,4081.91,2.36,2.13,-58.0,-0.413,19.35,20.81,03a60709o0203o
60711.064847,-21.103,1.711,-13,22,o,0,1.69,74.84817,-11.13058,7084.24,3891.07,2.26,1.85,-19.4,-0.455,19.11,20.34,04a60711o0039o
60711.068015,-20.653,0.977,-20,19,o,0,1.74,74.84817,-11.13058,7027.88,3813.74,2.25,1.81,-20.1,-0.453,19.16,20.35,04a60711o0046o
60711.073458,20.507,0.793,23,18,o,0,2.56,74.84817,-11.13058,7006.88,3929.56,2.29,1.85,-25.2,-0.458,19.14,20.35,04a60711o0058o
60711.093069,-19.488,0.363,-58,21,o,0,1.27,74.84817,-11.13058,7009.48,3932.12,2.11,1.97,-49.6,-0.454,19.04,20.18,04a60711o0101o
60712.311355,19.123,0.284,82,23,o,0,4.2,74.84817,-11.13058,7654.23,2152.46,2.17,1.91,-57.8,-0.438,18.77,19.26,02a60712o0215o
60712.314284,19.49,0.352,58,20,o,0,3.36,74.84817,-11.13058,7633.99,2113.69,2.16,1.89,-61.6,-0.441,18.87,19.41,02a60712o0221o
60712.319717,22.957,10.7,2,26,o,0,3.36,74.84817,-11.13058,7693.67,2193.51,2.18,1.9,-59.8,-0.433,18.75,19.26,02a60712o0233o
60712.330637,19.996,0.626,36,23,o,0,4.11,74.84817,-11.13058,7711.19,2078.26,2.18,1.83,-58.2,-0.443,18.87,19.4,02a60712o0257o
60712.840521,-19.545,0.443,-55,24,o,0,1.44,74.84817,-11.13058,2834.64,8343.21,2.71,2.42,-54.7,-0.369,18.65,19.39,03a60713o0128o
60712.843687,-22.475,5.25,-4,20,o,0,2.78,74.84817,-11.13058,2857.23,8383.4,2.7,2.37,-47.7,-0.363,18.68,19.39,03a60713o0135o
60712.871703,-22.822,8.077,-3,22,o,0,2.36,74.84817,-11.13058,2798.82,8300.48,2.83,2.48,-53.5,-0.365,18.57,19.42,03a60713o0196o
60712.890191,-20.193,0.83,-30,25,o,0,1.81,74.84817,-11.13058,2783.49,8420.12,2.85,2.48,-51.4,-0.369,18.62,19.44,03a60713o0236o
60714.275864,20.996,1.67,14,24,o,0,1.39,74.84817,-11.13058,9245.76,2320.32,2.5,2.32,-48.1,-0.456,18.88,19.31,01a60714o0143o
60714.284177,-21.352,2.232,-10,23,o,0,2.33,74.84817,-11.13058,9265.2,2358.13,2.45,2.3,-48.1,-0.461,18.88,19.3,01a60714o0161o
60714.297338,-20.012,0.654,-36,24,o,0,2.16,74.84817,-11.13058,9202.81,2278.92,2.56,2.4,-48.2,-0.458,18.81,19.28,01a60714o0189o
60714.30058,-21.251,1.762,-12,20,o,0,2.28,74.84817,-11.13058,9180.79,2395.46,2.56,2.37,-53.9,-0.457,18.83,19.27,01a60714o0196o
60715.07803,-21.195,3.673,-12,44,o,0,2.58,74.84817,-11.13058,9254.05,2312.66,2.78,2.32,-23.0,-0.372,18.15,18.45,04a60715o0146o
60715.081198,-20.501,1.925,-23,44,o,0,1.6,74.84817,-11.13058,9274.05,2351.75,2.69,2.2,-21.1,-0.406,18.17,18.62,04a60715o0153o
60715.086639,-18.606,0.781,-131,102,o,0,1.51,74.84817,-11.13058,9213.09,2273.77,2.74,2.31,-24.5,-0.391,17.05,17.76,04a60715o0165o
60715.107013,22.495,12.5,4,46,o,0,1.18,74.84817,-11.13058,9194.41,2392.86,2.72,2.36,-23.1,-0.373,18.21,18.66,04a60715o0209o
60716.335181,19.433,0.454,61,28,o,0,1.83,74.84817,-11.13058,1431.89,1920.45,2.08,1.95,43.0,-0.469,18.56,18.9,02a60716o0284o
60716.342981,-20.158,0.881,-31,28,o,0,2.11,74.84817,-11.13058,1413.24,1880.0,2.05,1.98,49.7,-0.466,18.53,18.89,02a60716o0301o
60716.347094,19.986,0.785,37,29,o,0,2.51,74.84817,-11.13058,1471.88,1959.41,2.1,2.02,46.7,-0.464,18.52,18.89,02a60716o0310o
60716.36082,-22.095,5.951,-5,31,o,0,2.52,74.84817,-11.13058,1493.42,1842.42,2.13,2.07,-59.8,-0.468,18.47,18.79,02a60716o0340o
60716.825542,-19.881,0.71,-40,29,o,0,0.98,74.84817,-11.13058,9030.61,8720.65,2.67,2.04,-54.4,-0.413,18.71,19.25,03a60717o0134o
60716.832876,-19.394,0.459,-63,29,o,0,1.39,74.84817,-11.13058,9050.09,8760.26,2.76,2.08,-52.8,-0.409,18.66,19.22,03a60717o0150o
60716.836038,19.612,0.551,52,29,o,0,2.44,74.84817,-11.13058,8996.02,8680.5,2.75,2.11,-52.7,-0.414,18.66,19.2,03a60717o0157o
60716.848378,22.072,5.333,5,29,o,0,2.11,74.84817,-11.13058,8974.86,8795.09,2.93,2.34,-49.1,-0.397,18.53,19.15,03a60717o0184o
60718.108061,-21.249,3.034,-12,35,o,0,1.35,74.84817,-11.13058,5032.99,2003.38,1.96,1.88,-24.8,-0.465,18.34,18.65,04a60718o0212o
60718.110831,-22.034,7.465,-6,42,o,0,1.07,74.84817,-11.13058,5052.55,2042.98,1.95,1.83,-31.0,-0.479,18.35,18.61,04a60718o0218o
60718.116448,19.633,0.714,51,36,o,0,1.35,74.84817,-11.13058,4992.83,1965.67,1.93,1.84,-21.6,-0.476,18.34,18.58,04a60718o0230o
60718.126747,19.602,0.618,52,32,o,0,1.95,74.84817,-11.13058,4975.66,2084.08,2.05,1.91,-18.0,-0.451,18.31,18.54,04a60718o0252o
60718.375289,-21.567,3.262,-9,28,o,0,1.3,74.84817,-11.13058,4985.09,2022.57,2.51,2.36,55.1,-0.445,18.57,18.75,01a60718o0162o
60718.381294,21.127,2.244,13,29,o,0,1.79,74.84817,-11.13058,5000.77,2061.75,2.73,2.38,51.6,-0.413,18.48,18.72,01a60718o0175o
60718.384965,-21.235,3.026,-12,35,o,0,0.92,74.84817,-11.13058,4938.23,1983.93,2.81,2.47,52.3,-0.405,18.44,18.67,01a60718o0183o
60718.396138,19.444,0.474,61,29,o,0,2.6,74.84817,-11.13058,4912.91,2100.71,2.72,2.49,51.3,-0.411,18.36,18.58,01a60718o0207o
60719.12406,20.164,1.115,31,35,o,0,1.05,74.84817,-11.13058,5034.82,2012.67,2.08,1.9,-16.1,-0.468,18.43,18.81,04a60719o0252o
60719.139594,19.436,0.651,61,40,o,0,1.05,74.84817,-11.13058,5054.88,2052.67,2.09,1.95,-12.4,-0.495,18.37,18.73,04a60719o0286o
60719.142857,20.683,1.921,19,37,o,0,0.92,74.84817,-11.13058,4993.26,1973.54,2.11,1.94,-15.0,-0.486,18.37,18.75,04a60719o0293o
60719.154731,19.984,1.139,37,42,o,0,1.15,74.84817,-11.13058,4976.38,2092.39,2.08,1.91,-17.4,-0.459,18.32,18.57,04a60719o0319o
60720.349063,-20.447,0.99,-24,24,o,0,1.51,74.84817,-11.13058,5818.11,4190.73,2.21,1.96,38.2,-0.42,18.82,19.29,02a60720o0312o
60720.352268,-20.144,0.799,-32,25,o,0,2.59,74.84817,-11.13058,5798.71,4151.78,2.23,1.97,32.0,-0.424,18.81,19.28,02a60720o0319o
60720.362372,21.948,4.2,6,25,o,0,1.45,74.84817,-11.13058,5858.29,4229.33,2.22,2.0,31.8,-0.423,18.78,19.21,02a60720o0341o
60720.367814,20.721,1.143,19,21,o,0,4.95,74.84817,-11.13058,5875.84,4113.1,2.35,2.01,29.0,-0.409,18.7,19.17,02a60720o0353o
60720.859431,19.532,0.43,56,24,o,0,2.14,74.84817,-11.13058,4720.19,6359.62,2.51,2.23,-46.3,-0.39,18.74,19.52,03a60721o0229o
60720.862304,-20.135,0.747,-32,24,o,0,1.85,74.84817,-11.13058,4740.28,6399.39,2.7,2.5,-49.6,-0.397,18.64,19.52,03a60721o0235o
60720.886405,-20.168,0.836,-31,26,o,0,1.47,74.84817,-11.13058,4683.14,6319.98,2.57,2.28,-53.9,-0.383,18.63,19.37,03a60721o0288o
60720.903687,-21.213,2.088,-12,25,o,0,1.97,74.84817,-11.13058,4663.5,6435.35,2.54,2.24,-45.7,-0.393,18.55,19.24,03a60721o0326o
60723.109051,21.774,2.288,7,16,o,0,2.88,74.84817,-11.13058,2902.02,6421.54,2.24,1.9,-77.9,-0.419,18.95,20.04,04a60723o0107o
60723.11223,21.425,2.153,10,21,o,0,1.35,74.84817,-11.13058,2920.73,6460.13,2.25,1.9,-75.2,-0.41,18.99,20.02,04a60723o0114o
60723.119696,21.457,2.113,10,20,o,0,1.55,74.84817,-11.13058,2862.22,6383.87,2.09,1.91,-69.9,-0.435,18.94,19.92,04a60723o0130o
60723.133152,20.32,0.794,27,22,o,0,1.12,74.84817,-11.13058,2839.81,6499.31,2.19,1.85,-82.1,-0.419,18.9,19.86,04a60723o0159o
60724.805063,-20.748,0.824,-18,15,c,0,2.59,74.84817,-11.13058,899.2,8409.46,3.06,2.75,-42.8,-0.36,19.32,21.37,03a60725o0109c
60724.808246,-22.311,2.7,-4,12,c,0,4.08,74.84817,-11.13058,918.55,8448.67,2.89,2.61,-43.1,-0.375,19.41,21.44,03a60725o0116c
60724.814202,20.443,0.571,24,14,c,0,3.22,74.84817,-11.13058,861.05,8369.9,2.93,2.59,-42.3,-0.368,19.44,21.43,03a60725o0129c
60724.824133,-22.621,4.571,-3,15,c,0,2.04,74.84817,-11.13058,844.06,8486.46,3.0,2.7,-43.2,-0.368,19.38,21.43,03a60725o0151c
60726.129092,20.399,0.754,25,19,o,0,2.04,74.84817,-11.13058,1329.75,4102.95,2.12,1.89,75.0,-0.425,19.16,20.41,04a60726o0269o
60726.132945,20.947,1.132,15,17,o,0,5.05,74.84817,-11.13058,1345.94,4140.36,2.22,1.89,63.7,-0.398,19.11,20.38,04a60726o0277o
60726.138137,-21.663,2.667,-8,21,o,0,1.39,74.84817,-11.13058,1286.82,4064.53,2.26,1.98,64.6,-0.402,19.04,20.3,04a60726o0288o
60726.148962,-20.509,0.987,-23,22,o,0,1.01,74.84817,-11.13058,1261.24,4184.33,2.21,1.91,60.0,-0.388,19.0,20.09,04a60726o0311o
60726.267664,19.942,0.388,38,15,o,0,6.07,74.84817,-11.13058,1229.84,4179.67,2.67,2.46,46.8,-0.401,19.3,20.41,01a60726o0133o
60726.271792,21.307,1.444,11,16,o,0,1.79,74.84817,-11.13058,1249.12,4217.9,2.49,2.3,47.3,-0.412,19.33,20.43,01a60726o0142o
60726.278207,20.221,0.592,30,18,o,0,3.92,74.84817,-11.13058,1189.73,4140.39,2.42,2.21,47.0,-0.414,19.39,20.43,01a60726o0156o
