MJD,m,dm,uJy,duJy,F,err,chi/N,RA,Dec,x,y,maj,min,phi,apfit,mag5sig,Sky,Obs
60696.061804,20.69,0.431,19,8,c,0,1.17,47.7202,-45.51451,1765.37,3664.93,2.24,1.95,54.7,-0.39,19.62,21.79,04a60696o0075c
60696.067289,21.145,0.566,13,7,c,0,1.85,47.7202,-45.51451,1786.65,3704.52,2.24,1.97,52.6,-0.39,19.63,21.81,04a60696o0087c
60696.070573,20.767,0.526,18,9,c,0,1.13,47.7202,-45.51451,1727.72,3629.26,2.27,1.99,56.8,-0.393,19.61,21.81,04a60696o0094c
60696.080907,20.282,0.317,28,9,c,0,1.21,47.7202,-45.51451,1706.56,3745.69,2.25,1.94,54.8,-0.392,19.62,21.77,04a60696o0116c
60697.804278,20.404,0.478,25,12,o,0,0.82,47.7202,-45.51451,3201.74,7458.52,2.33,2.06,-55.3,-0.383,19.45,20.92,03a60698o0061o
60697.80751,20.341,0.385,26,10,o,0,1.46,47.7202,-45.51451,3220.66,7497.85,2.36,2.09,-55.4,-0.391,19.44,20.89,03a60698o0068o
60697.814916,23.332,6.727,2,11,o,0,1.32,47.7202,-45.51451,3166.92,7420.77,2.44,2.16,-54.7,-0.387,19.41,20.91,03a60698o0084o
60697.82633,20.065,0.325,34,11,o,0,1.47,47.7202,-45.51451,3149.66,7537.53,2.6,2.22,-65.1,-0.382,19.36,20.89,03a60698o0109o
60700.049121,23.163,5.444,2,11,c,0,1.39,47.7202,-45.51451,10269.42,1793.8,3.16,2.42,-22.8,-0.359,19.53,21.55,04a60700o0051c
60700.051965,21.177,0.818,12,10,c,0,1.37,47.7202,-45.51451,10289.69,1834.09,3.09,2.47,-20.9,-0.362,19.54,21.62,04a60700o0057c
60700.057948,21.03,0.846,14,12,c,0,0.84,47.7202,-45.51451,10229.44,1754.32,3.12,2.41,-23.0,-0.358,19.58,21.68,04a60700o0070c
60700.061595,20.789,0.704,18,12,c,0,0.94,47.7202,-45.51451,251.46,1765.5,2.9,1.9,39.9,-0.405,19.58,21.75,04a60700o0078c
60700.065323,21.09,0.762,13,10,c,0,1.15,47.7202,-45.51451,272.96,1805.11,2.84,1.91,39.8,-0.403,19.58,21.72,04a60700o0086c
60700.068656,21.15,0.871,13,11,c,0,1.05,47.7202,-45.51451,10209.07,1871.92,3.02,2.34,-23.2,-0.362,19.56,21.64,04a60700o0093c
60700.071038,21.313,0.942,11,10,c,0,1.36,47.7202,-45.51451,211.77,1730.08,2.75,1.88,37.3,-0.426,19.59,21.7,04a60700o0098c
60700.09173,21.036,0.667,14,9,c,0,1.46,47.7202,-45.51451,194.51,1848.14,2.8,1.8,37.8,-0.428,19.59,21.67,04a60700o0143c
60701.810264,-21.276,1.356,-11,15,o,0,0.96,47.7202,-45.51451,5795.13,5873.75,3.03,2.77,-45.5,-0.378,19.07,20.75,03a60702o0020o
60701.814077,20.857,0.943,16,16,o,0,1.14,47.7202,-45.51451,5814.75,5913.3,2.97,2.64,-56.6,-0.39,19.06,20.72,03a60702o0028o
60701.820494,21.346,1.543,10,16,o,0,1.19,47.7202,-45.51451,5761.28,5833.94,2.91,2.58,-66.7,-0.397,19.09,20.68,03a60702o0042o
60701.831173,20.136,0.558,32,18,o,0,0.96,47.7202,-45.51451,5740.52,5948.87,3.28,2.84,-56.6,-0.389,18.91,20.59,03a60702o0065o
60704.059712,20.676,0.43,20,8,c,0,1.57,47.7202,-45.51451,4250.41,1976.82,2.13,2.06,44.9,-0.416,19.56,21.54,04a60704o0091c
60704.063034,21.328,0.846,11,9,c,0,1.33,47.7202,-45.51451,4269.69,2017.43,2.2,2.1,48.5,-0.412,19.51,21.52,04a60704o0098c
60704.068193,20.932,0.546,15,8,c,0,1.09,47.7202,-45.51451,4208.53,1938.7,2.13,2.04,55.6,-0.412,19.56,21.52,04a60704o0109c
60704.078913,21.78,1.333,7,9,c,0,0.87,47.7202,-45.51451,4190.57,2056.99,2.14,2.05,47.1,-0.408,19.53,21.48,04a60704o0132c
60705.786387,22.003,2.811,6,16,o,0,0.81,47.7202,-45.51451,9652.96,5883.04,2.63,2.07,-58.4,-0.384,19.13,20.31,03a60706o0045o
60705.79154,20.298,0.449,28,12,o,0,0.88,47.7202,-45.51451,9673.34,5922.62,2.66,2.07,-58.2,-0.384,19.35,20.77,03a60706o0056o
60705.794701,-21.668,1.62,-8,13,o,0,1.18,47.7202,-45.51451,9618.44,5841.9,2.66,2.06,-57.9,-0.39,19.39,20.91,03a60706o0063o
60705.80589,23.059,5.154,2,11,o,0,1.34,47.7202,-45.51451,9597.3,5956.15,2.71,2.17,-55.8,-0.387,19.39,21.02,03a60706o0087o
60708.042565,21.175,1.429,12,18,c,0,1.05,47.7202,-45.51451,10354.12,9780.33,2.84,2.32,10.4,-0.438,19.44,21.25,04a60708o0055c
60708.045787,-21.545,1.968,-9,17,c,0,1.22,47.7202,-45.51451,10375.04,9820.52,2.75,2.43,0.7,-0.531,19.48,21.32,04a60708o0062c
60708.062599,22.05,3.316,6,18,c,0,0.99,47.7202,-45.51451,10316.12,9739.71,2.7,2.67,-56.6,-0.436,19.48,21.41,04a60708o0098c
60708.067637,20.536,0.532,22,12,c,0,1.01,47.7202,-45.51451,903.63,9718.67,2.99,2.0,-73.9,-0.362,19.51,21.54,04a60708o0109c
60708.068091,-21.64,1.857,-8,15,c,0,1.33,47.7202,-45.51451,10298.56,9857.65,2.65,2.39,9.0,-0.456,19.52,21.47,04a60708o0110c
60708.077441,-21.42,0.923,-10,9,c,0,1.87,47.7202,-45.51451,922.2,9758.15,3.05,2.12,-77.1,-0.351,19.54,21.6,04a60708o0130c
60708.080323,21.306,0.897,11,10,c,0,1.37,47.7202,-45.51451,869.76,9684.0,2.99,2.14,-73.7,-0.355,19.45,21.61,04a60708o0136c
60708.098981,22.658,3.722,3,12,c,0,1.16,47.7202,-45.51451,851.3,9805.09,2.77,1.97,-70.9,-0.399,19.5,21.55,04a60708o0176c
60709.783484,20.256,0.539,29,16,o,0,1.12,47.7202,-45.51451,4523.0,9421.25,2.58,2.18,-47.1,-0.386,19.2,20.3,03a60710o0043o
60709.788633,21.05,0.931,14,13,o,0,1.49,47.7202,-45.51451,4542.38,9460.65,2.57,2.16,-44.0,-0.383,19.29,20.54,03a60710o0054o
60709.791829,20.288,0.419,28,12,o,0,1.33,47.7202,-45.51451,4489.47,9380.9,2.45,2.1,-43.4,-0.398,19.35,20.62,03a60710o0061o
60709.807537,21.111,1.167,13,15,o,0,1.07,47.7202,-45.51451,4468.43,9497.21,2.69,2.37,-44.1,-0.37,19.25,20.64,03a60710o0095o
60712.033007,19.61,0.415,52,22,o,0,1.52,47.7202,-45.51451,7607.69,3845.41,2.38,2.19,-34.5,-0.445,18.75,19.6,04a60712o0043o
60712.036771,-20.695,0.826,-19,16,o,0,1.73,47.7202,-45.51451,7627.27,3884.53,2.34,2.06,-26.7,-0.464,18.9,19.87,04a60712o0051o
60712.044085,21.035,1.012,14,14,o,0,2.16,47.7202,-45.51451,7569.04,3806.86,2.36,2.09,-22.1,-0.446,18.99,20.04,04a60712o0067o
60712.067705,20.963,1.12,15,17,o,0,1.15,47.7202,-45.51451,7549.43,3924.27,2.21,1.91,-22.1,-0.47,19.03,20.05,04a60712o0118o
60716.119733,20.13,0.957,32,31,o,0,0.82,47.7202,-45.51451,3691.33,4023.79,2.08,1.98,-25.5,-0.455,18.41,18.99,04a60716o0097o
60716.122986,23.61,22.556,1,30,o,0,1.28,47.7202,-45.51451,3708.99,4062.94,2.03,1.93,-30.7,-0.448,18.41,18.97,04a60716o0104o
60716.147323,20.112,1.076,33,35,o,0,0.81,47.7202,-45.51451,3650.47,3989.11,2.13,2.09,-69.6,-0.408,18.23,18.79,04a60716o0156o
60716.164854,19.593,0.755,53,40,o,0,0.87,47.7202,-45.51451,3631.15,4107.59,2.14,2.1,-47.2,-0.404,18.09,18.63,04a60716o0193o
60717.777651,20.211,0.872,30,26,o,0,1.22,47.7202,-45.51451,1308.71,7557.85,2.56,2.23,-57.9,-0.394,18.75,19.34,03a60718o0041o
60717.781375,20.504,0.993,23,23,o,0,1.09,47.7202,-45.51451,1326.41,7596.17,2.53,2.19,-57.5,-0.389,18.78,19.44,03a60718o0049o
60717.787303,22.26,6.407,4,29,o,0,1.08,47.7202,-45.51451,1274.29,7519.93,2.57,2.23,-59.5,-0.391,18.76,19.47,03a60718o0062o
60717.798889,20.214,0.918,30,27,o,0,1.0,47.7202,-45.51451,1253.1,7636.55,2.62,2.3,-60.2,-0.386,18.73,19.44,03a60718o0087o
60720.0891,22.596,9.722,3,32,o,0,1.14,47.7202,-45.51451,8256.96,1831.6,2.23,2.0,-42.1,-0.459,18.52,19.08,04a60720o0175o
60720.094451,19.613,0.457,52,24,o,0,2.02,47.7202,-45.51451,8276.89,1872.47,2.31,2.05,-29.9,-0.426,18.46,18.99,04a60720o0186o
60720.118137,19.825,0.817,43,35,o,0,1.01,47.7202,-45.51451,8217.03,1794.96,2.06,1.94,-40.7,-0.489,18.36,18.82,04a60720o0237o
60720.121064,22.376,7.913,4,32,o,0,0.78,47.7202,-45.51451,8191.26,1909.01,2.36,2.01,-22.5,-0.41,18.39,18.85,04a60720o0243o
60721.807806,-22.173,3.741,-5,18,o,0,1.39,47.7202,-45.51451,6316.94,1932.6,2.6,2.26,-53.3,-0.418,18.88,20.03,03a60722o0107o
60721.831362,-20.945,1.295,-15,20,o,0,0.78,47.7202,-45.51451,6336.15,1970.31,2.43,2.16,-52.7,-0.418,18.84,19.78,03a60722o0154o
60721.835064,-20.483,0.882,-23,20,o,0,0.72,47.7202,-45.51451,6277.94,1891.24,2.36,2.08,-55.5,-0.427,18.84,19.75,03a60722o0162o
60721.840811,-21.952,2.971,-6,18,o,0,1.48,47.7202,-45.51451,6252.02,2007.14,2.47,2.25,-54.7,-0.426,18.75,19.72,03a60722o0174o
60724.043984,23.298,7.455,2,13,o,0,1.47,47.7202,-45.51451,5745.12,3892.45,2.19,1.96,-31.0,-0.512,19.18,20.45,04a60724o0020o
60724.049142,23.162,7.846,2,16,o,0,0.79,47.7202,-45.51451,5762.47,3932.71,2.19,1.91,-26.4,-0.497,19.2,20.48,04a60724o0031o
60724.051938,20.782,1.057,18,19,o,0,0.79,47.7202,-45.51451,5701.17,3853.04,2.12,1.88,-21.8,-0.51,19.19,20.48,04a60724o0037o
