MJD,m,dm,uJy,duJy,F,err,chi/N,RA,Dec,x,y,maj,min,phi,apfit,mag5sig,Sky,Obs
60407.368504,20.847,0.626,17,10,o,0,1.73,341.1337,-42.52182,7773.82,8520.22,2.34,2.08,-60.5,-0.44,19.62,19.97,04a60407o0260o
60407.38107,24.021,12.444,1,11,o,0,1.02,341.1337,-42.52182,7746.34,8484.73,2.53,2.14,-56.9,-0.413,19.62,20.02,04a60407o0269o
60407.388052,21.749,1.643,7,12,o,0,1.08,341.1337,-42.52182,7804.61,8562.66,2.28,2.1,-49.3,-0.39,19.69,20.05,04a60407o0274o
60420.384247,21.43,1.414,10,14,o,0,1.68,341.1337,-42.52182,5108.77,4412.15,2.42,2.21,-53.5,-0.459,19.07,20.25,04a60420o0908o
60420.387487,20.052,0.356,35,12,o,0,1.94,341.1337,-42.52182,5088.52,4374.1,2.38,2.18,-44.5,-0.448,19.06,20.3,04a60420o0915o
60420.410828,20.47,0.559,24,13,o,0,1.54,341.1337,-42.52182,5145.54,4457.47,2.13,1.98,-46.4,-0.495,19.21,20.29,04a60420o0963o
60420.425772,19.04,0.418,88,37,o,0,1.53,341.1337,-42.52182,5165.49,4344.27,2.11,2.0,-40.9,-0.515,18.18,18.23,04a60420o0993o
60424.142948,-18.753,0.764,-114,88,o,0,1.22,341.1337,-42.52182,9291.9,2294.94,2.25,1.95,-51.4,-0.419,17.19,16.86,03a60424o0945o
60424.162445,-20.678,5.877,-20,114,o,0,1.01,341.1337,-42.52182,9277.29,2253.7,2.34,2.01,-54.7,-0.435,16.92,16.68,03a60424o0987o
60424.166536,19.707,3.039,48,144,o,0,0.79,341.1337,-42.52182,9331.44,2331.79,2.23,1.94,-50.8,-0.449,16.64,16.32,03a60424o0996o
60424.174365,17.785,0.562,279,157,o,0,0.88,341.1337,-42.52182,9355.33,2215.55,2.23,1.94,-51.0,-0.447,16.71,16.21,03a60424o1013o
60425.389418,19.958,0.715,38,27,o,0,1.5,341.1337,-42.52182,9304.66,2191.09,2.96,2.67,-32.0,-0.323,18.42,19.23,04a60425o0927o
60425.39318,-20.526,1.085,-22,24,o,0,1.26,341.1337,-42.52182,9284.84,2154.01,2.71,2.61,-33.5,-0.353,18.53,19.27,04a60425o0935o
60425.411676,20.002,0.663,36,24,o,0,1.62,341.1337,-42.52182,9342.3,2233.54,2.7,2.05,74.2,-0.403,18.57,19.25,04a60425o0973o
60425.424581,-19.793,0.774,-44,34,o,0,1.25,341.1337,-42.52182,9364.18,2119.92,2.62,2.58,81.6,-0.349,18.39,18.79,04a60425o1000o
60432.330703,20.834,1.454,17,24,o,0,1.12,341.1337,-42.52182,7766.21,8532.25,2.57,2.21,-75.4,-0.412,18.71,19.5,04a60432o0816o
60432.347075,21.252,1.967,12,23,o,0,1.21,341.1337,-42.52182,7738.45,8497.26,2.1,2.02,-18.8,-0.383,18.82,19.53,04a60432o0848o
60432.35027,19.631,0.378,51,19,o,0,1.63,341.1337,-42.52182,7798.7,8574.31,2.25,2.14,-51.4,-0.371,18.77,19.55,04a60432o0855o
60432.369816,19.729,0.409,47,19,o,0,1.24,341.1337,-42.52182,7812.43,8463.15,2.16,1.99,-26.1,-0.388,18.8,19.58,04a60432o0895o
60434.073181,21.177,1.939,12,24,o,0,1.26,341.1337,-42.52182,5500.75,2491.18,2.29,2.07,-47.8,-0.424,18.64,19.73,03a60434o0776o
60434.076452,-21.101,2.523,-13,33,o,0,1.27,341.1337,-42.52182,5481.92,2451.2,2.39,2.21,-39.9,-0.421,18.25,19.21,03a60434o0783o
60434.102269,-19.968,0.551,-37,21,o,0,1.05,341.1337,-42.52182,5536.99,2532.49,2.42,2.23,-44.1,-0.414,18.7,19.7,03a60434o0836o
60434.107829,21.159,5.185,12,65,o,0,1.3,341.1337,-42.52182,5559.36,2413.75,2.36,2.17,-41.8,-0.421,17.77,18.73,03a60434o0848o
60434.405383,21.709,2.231,8,17,o,0,1.11,341.1337,-42.52182,5520.55,2487.93,2.27,2.16,-12.1,-0.456,19.05,20.16,04a60434o0979o
60434.409107,-21.262,1.433,-11,16,o,0,1.54,341.1337,-42.52182,5502.5,2450.15,2.43,2.39,-43.1,-0.45,19.05,20.28,04a60434o0987o
60434.419419,20.746,0.853,18,16,o,0,1.45,341.1337,-42.52182,5564.25,2530.04,2.55,2.49,-70.4,-0.42,18.98,20.12,04a60434o1009o
60434.428332,-20.056,0.742,-34,26,o,0,1.08,341.1337,-42.52182,5586.73,2414.46,2.49,2.43,-22.4,-0.475,18.68,19.5,04a60434o1028o
60436.309465,20.051,0.671,35,23,o,0,0.9,341.1337,-42.52182,4228.96,6820.67,3.03,2.74,-77.3,-0.361,18.73,20.05,04a60436o0779o
60436.313181,21.114,1.733,13,23,o,0,1.37,341.1337,-42.52182,4207.53,6783.25,3.46,3.23,-77.0,-0.313,18.57,20.12,04a60436o0787o
60436.319582,20.106,0.66,33,22,o,0,0.91,341.1337,-42.52182,4261.73,6861.11,3.12,2.78,-69.7,-0.335,18.72,20.04,04a60436o0801o
60436.339665,19.501,0.339,58,20,o,0,1.28,341.1337,-42.52182,4275.14,6750.17,2.79,2.49,-71.2,-0.429,18.87,20.19,04a60436o0844o
60440.368023,-23.341,13.167,-2,22,o,0,1.01,341.1337,-42.52182,199.21,6467.17,3.43,3.21,46.4,-0.307,18.72,20.31,04a60440o0900o
60441.996132,20.897,1.123,16,18,c,0,0.94,341.1337,-42.52182,1147.08,3989.23,2.78,2.53,-50.2,-0.373,19.01,20.48,03a60442o0654c
60441.999949,20.902,1.062,16,17,c,0,1.3,341.1337,-42.52182,1124.09,3954.19,2.95,2.75,-49.0,-0.364,19.0,20.53,03a60442o0662c
60442.005146,20.316,0.708,27,19,c,0,0.83,341.1337,-42.52182,1179.94,4033.55,2.92,2.7,-45.0,-0.372,18.99,20.55,03a60442o0673c
60442.029401,21.528,1.617,9,14,c,0,1.26,341.1337,-42.52182,1197.32,3914.7,2.66,2.46,-53.6,-0.386,19.14,20.6,03a60442o0724c
60446.118103,-22.3,2.687,-4,12,c,0,1.05,341.1337,-42.52182,3613.43,2534.96,2.34,2.19,-50.7,-0.402,19.48,21.0,03a60446o0882c
60446.121398,-23.944,13.0,-1,12,c,0,1.01,341.1337,-42.52182,3595.56,2495.04,2.52,2.39,-46.8,-0.398,19.39,21.02,03a60446o0889c
60446.141207,21.219,0.808,12,10,c,0,1.62,341.1337,-42.52182,3652.61,2570.04,2.46,2.35,-47.1,-0.402,19.48,21.13,03a60446o0930c
60446.151612,-20.72,0.509,-19,10,c,0,1.56,341.1337,-42.52182,3675.5,2452.02,2.57,2.44,-56.7,-0.396,19.43,21.12,03a60446o0951c
60448.307647,22.532,4.455,4,16,o,0,1.11,341.1337,-42.52182,1774.59,8837.39,2.64,2.12,-74.5,-0.383,19.09,20.31,04a60448o0786o
60448.310877,-21.235,1.346,-12,16,o,0,1.3,341.1337,-42.52182,1754.8,8798.43,2.53,2.03,-70.4,-0.404,19.08,20.29,04a60448o0793o
60448.326641,-21.171,1.2,-12,15,o,0,1.59,341.1337,-42.52182,1814.08,8880.42,2.63,2.18,-73.0,-0.404,19.04,20.3,04a60448o0826o
60448.339162,19.926,0.358,39,14,o,0,1.53,341.1337,-42.52182,1832.03,8768.54,2.71,2.17,-75.6,-0.395,19.05,20.3,04a60448o0852o
60450.12352,20.665,1.128,20,22,o,0,1.09,341.1337,-42.52182,3135.95,4442.88,2.24,2.04,-57.1,-0.429,18.8,19.78,03a60450o0909o
60450.126326,22.691,4.292,3,13,o,0,1.18,341.1337,-42.52182,3117.41,4404.41,2.18,1.97,-57.3,-0.433,19.18,20.15,03a60450o0915o
60450.131445,-21.669,1.844,-8,14,o,0,0.96,341.1337,-42.52182,3174.54,4483.23,2.2,1.98,-57.7,-0.424,19.22,20.18,03a60450o0926o
60450.142165,-23.489,9.333,-2,14,o,0,1.49,341.1337,-42.52182,3196.94,4365.59,2.14,1.99,-62.5,-0.439,19.18,20.15,03a60450o0948o
60452.046839,21.602,4.17,8,35,o,0,0.79,341.1337,-42.52182,9152.58,346.28,2.33,2.14,-42.1,-0.466,18.41,18.75,03a60452o0762o
60452.050058,-22.319,7.269,-4,31,o,0,1.15,341.1337,-42.52182,9134.78,307.16,2.41,2.19,-51.3,-0.458,18.41,18.79,03a60452o0769o
60452.07236,21.923,4.487,6,28,o,0,1.4,341.1337,-42.52182,9189.46,385.78,2.37,2.17,-44.0,-0.464,18.52,18.88,03a60452o0816o
60452.078768,20.602,1.586,21,33,o,0,0.93,341.1337,-42.52182,9214.8,264.66,2.25,2.09,-28.0,-0.504,18.54,18.92,03a60452o0830o
60456.031124,-19.817,0.56,-43,24,o,0,1.25,341.1337,-42.52182,5414.74,547.17,2.37,2.22,-36.2,-0.393,18.59,19.03,03a60456o0732o
60456.034059,20.846,1.701,17,28,o,0,0.88,341.1337,-42.52182,5397.88,509.45,2.37,2.18,-42.1,-0.389,18.58,19.06,03a60456o0738o
60456.039358,24.257,35.8,1,26,o,0,1.09,341.1337,-42.52182,5454.74,585.33,2.36,2.22,-34.5,-0.393,18.59,19.08,03a60456o0749o
60456.066697,19.532,0.393,56,22,o,0,1.21,341.1337,-42.52182,5475.73,464.93,2.22,2.05,-35.3,-0.412,18.74,19.21,03a60456o0803o
60458.134631,20.388,0.863,25,22,o,0,1.31,341.1337,-42.52182,6042.86,6738.2,2.42,2.13,-50.7,-0.411,18.72,19.18,03a60458o0940o
60458.137027,19.69,0.396,48,19,o,0,1.93,341.1337,-42.52182,6025.62,6698.46,2.4,2.06,-50.6,-0.414,18.73,19.18,03a60458o0945o
60458.14303,-21.063,1.615,-14,22,o,0,1.1,341.1337,-42.52182,6081.87,6775.56,2.35,2.07,-50.9,-0.414,18.75,19.18,03a60458o0957o
60458.157294,19.542,0.392,55,22,o,0,1.43,341.1337,-42.52182,6106.45,6657.2,2.43,2.14,-49.3,-0.409,18.75,19.26,03a60458o0986o
60462.119061,19.322,0.806,68,55,o,0,1.3,341.1337,-42.52182,7398.25,2407.91,2.32,2.11,-44.8,-0.451,17.5,18.18,03a60462o0576o
60462.122156,-20.559,2.056,-22,45,o,0,1.1,341.1337,-42.52182,7382.54,2370.22,2.27,2.1,-44.5,-0.454,17.97,18.67,03a60462o0582o
60462.1281,20.141,0.561,32,18,o,0,0.65,341.1337,-42.52182,7437.42,2448.06,2.33,2.09,-47.3,-0.45,19.12,20.25,03a60462o0593o
60462.145428,20.978,1.405,15,21,o,0,1.42,341.1337,-42.52182,7462.47,2326.71,2.39,2.22,-49.1,-0.451,18.75,19.81,03a60462o0625o
60468.293298,0.0,21.317,0,11,c,0,1.16,341.1337,-42.52182,3761.13,8773.2,2.75,1.94,-72.8,-0.407,19.5,21.33,04a60468o0763c
60468.311394,-22.954,3.737,-2,9,c,0,1.05,341.1337,-42.52182,3745.37,8739.63,2.56,1.85,-74.1,-0.408,19.58,21.37,04a60468o0801c
60468.318389,21.746,1.294,7,9,c,0,1.08,341.1337,-42.52182,3808.86,8817.54,2.8,1.94,-71.7,-0.397,19.52,21.39,04a60468o0816c
60468.320196,-20.702,0.558,-19,11,c,0,1.25,341.1337,-42.52182,3828.14,8701.19,2.81,1.95,-72.4,-0.398,19.53,21.37,04a60468o0820c
60478.078097,-21.568,1.603,-9,14,o,0,1.35,341.1337,-42.52182,7296.52,460.01,2.26,2.08,-32.5,-0.427,19.37,20.74,03a60478o0837o
60478.083173,21.022,0.921,14,13,o,0,1.67,341.1337,-42.52182,7280.64,416.52,2.27,2.13,-26.2,-0.432,19.33,20.75,03a60478o0847o
60478.083624,21.753,1.732,7,12,o,0,1.74,341.1337,-42.52182,5169.5,10523.43,2.77,2.29,-40.3,-0.389,19.31,20.74,03a60478o0848o
60478.086544,21.638,1.345,8,11,o,0,2.36,341.1337,-42.52182,7335.17,498.08,2.28,2.12,-42.7,-0.417,19.33,20.73,03a60478o0854o
60478.093191,20.644,0.734,20,15,o,0,1.13,341.1337,-42.52182,7360.18,380.29,2.32,2.16,-34.2,-0.419,19.29,20.68,03a60478o0868o
60482.048276,19.178,0.338,77,26,o,0,1.56,341.1337,-42.52182,7578.4,8589.81,2.72,2.24,-33.8,-0.4,18.44,18.87,03a60482o0778o
60482.051178,19.673,0.604,49,30,o,0,0.93,341.1337,-42.52182,7559.02,8549.91,2.68,2.21,-36.7,-0.397,18.5,18.88,03a60482o0784o
60482.053946,-21.247,2.377,-12,27,o,0,1.34,341.1337,-42.52182,7616.93,8628.19,2.84,2.39,-32.6,-0.394,18.46,18.89,03a60482o0790o
60482.063867,22.201,6.333,5,30,o,0,0.98,341.1337,-42.52182,7638.24,8510.73,2.72,2.33,-40.3,-0.396,18.49,18.92,03a60482o0811o
60484.00934,-19.454,0.673,-60,40,o,0,1.61,341.1337,-42.52182,5502.13,2481.4,2.47,2.3,-41.3,-0.42,17.84,17.79,03a60484o0698o
60484.011167,-20.412,2.114,-25,52,o,0,0.84,341.1337,-42.52182,5481.39,2448.11,2.48,2.27,-49.5,-0.416,17.8,17.78,03a60484o0702o
60484.014491,-20.609,2.102,-21,44,o,0,1.57,341.1337,-42.52182,5537.69,2526.29,2.43,2.22,-51.2,-0.42,17.81,17.77,03a60484o0709o
60484.019694,19.577,0.745,54,40,o,0,1.63,341.1337,-42.52182,5560.46,2410.15,2.38,2.21,-46.5,-0.435,17.87,17.76,03a60484o0720o
60486.000726,-21.572,4.136,-8,35,o,0,1.08,341.1337,-42.52182,4096.93,6794.67,2.51,2.13,-44.2,-0.373,18.29,18.42,03a60486o0676o
60486.002699,20.203,0.964,30,29,o,0,1.49,341.1337,-42.52182,4079.56,6752.71,2.27,2.12,-56.8,-0.427,18.36,18.42,03a60486o0680o
60486.03559,-23.505,20.778,-1,30,o,0,1.45,341.1337,-42.52182,4135.22,6828.57,2.53,2.35,-55.7,-0.389,18.28,18.5,03a60486o0750o
60486.038554,19.353,0.44,66,29,o,0,1.67,341.1337,-42.52182,4156.21,6715.57,2.42,2.21,-47.9,-0.396,18.36,18.5,03a60486o0756o
60489.274696,-15.225,2.547,-2951,7515,o,0,1.13,341.1337,-42.52182,1448.54,185.06,1.99,1.92,8.8,-0.491,12.67,12.72,04a60489o0695o
60489.277477,14.017,0.858,8976,7704,o,0,0.95,341.1337,-42.52182,1429.73,144.97,2.02,1.86,-2.7,-0.429,12.72,12.64,04a60489o0701o
60489.299037,16.366,5.022,1032,5181,o,0,0.93,341.1337,-42.52182,1500.42,228.71,2.01,1.94,-55.2,-0.467,13.39,13.24,04a60489o0742o
60489.302217,13.514,0.868,14273,12396,o,0,0.76,341.1337,-42.52182,1520.22,111.87,2.07,1.86,10.5,-0.441,12.27,12.21,04a60489o0749o
60492.195134,21.021,0.826,14,12,o,0,0.83,341.1337,-42.52182,1169.47,4067.49,2.16,1.97,58.9,-0.397,19.45,20.82,04a60492o0548o
60492.197936,20.083,0.355,34,12,o,0,1.16,341.1337,-42.52182,1150.28,4028.05,2.11,2.03,-40.3,-0.423,19.37,20.82,04a60492o0554o
60492.201129,20.339,0.429,27,11,o,0,1.55,341.1337,-42.52182,1209.14,4107.96,2.13,2.0,67.3,-0.41,19.4,20.89,04a60492o0561o
60492.227196,20.073,0.349,34,12,o,0,1.33,341.1337,-42.52182,1229.32,3997.98,2.12,1.91,53.7,-0.398,19.43,20.79,04a60492o0617o
60496.199036,19.984,0.337,37,12,o,0,1.57,341.1337,-42.52182,3624.44,2570.43,1.92,1.82,49.7,-0.436,19.23,20.25,04a60496o0555o
60496.201835,19.821,0.516,43,22,o,0,0.99,341.1337,-42.52182,3605.7,2531.69,2.01,1.93,35.1,-0.432,18.63,19.65,04a60496o0561o
60496.205059,20.642,0.94,20,19,o,0,0.96,341.1337,-42.52182,3661.83,2610.68,1.99,1.93,31.3,-0.433,18.88,19.98,04a60496o0568o
60496.23012,19.905,0.398,40,16,o,0,1.49,341.1337,-42.52182,3684.02,2500.52,2.07,1.97,41.7,-0.424,19.0,20.18,04a60496o0621o
60497.292687,21.995,2.515,6,14,o,0,1.04,341.1337,-42.52182,3665.56,2585.25,2.11,2.04,40.7,-0.429,19.1,20.65,04a60497o0742o
60497.29441,20.082,0.486,34,16,o,0,1.19,341.1337,-42.52182,3646.77,2546.61,2.13,2.08,59.8,-0.423,19.23,20.84,04a60497o0745o
60497.297288,19.653,0.23,50,12,o,0,1.49,341.1337,-42.52182,3705.85,2625.83,2.17,2.03,52.2,-0.426,19.39,20.97,04a60497o0751o
60497.303088,21.678,6.909,8,54,o,0,1.55,341.1337,-42.52182,3728.59,2509.7,2.15,2.04,67.4,-0.442,18.66,20.28,04a60497o0763o
60498.027138,19.476,0.193,59,11,c,0,1.25,341.1337,-42.52182,1602.15,8726.12,2.89,2.6,-37.8,-0.376,19.46,21.36,03a60498o0734c
60498.03121,19.597,0.208,53,11,c,0,1.52,341.1337,-42.52182,1584.99,8687.36,3.09,2.76,-39.1,-0.372,19.43,21.37,03a60498o0743c
60498.035279,19.849,0.276,42,12,c,0,1.05,341.1337,-42.52182,1643.74,8767.42,2.93,2.61,-40.7,-0.372,19.49,21.35,03a60498o0752c
60498.040756,20.204,0.404,30,12,c,0,0.94,341.1337,-42.52182,1666.75,8651.01,2.89,2.58,-39.0,-0.373,19.46,21.34,03a60498o0764c
60500.245199,20.332,0.417,27,11,o,0,0.91,341.1337,-42.52182,3212.14,4514.48,1.9,1.75,75.7,-0.425,19.55,20.88,04a60500o0652o
60500.253268,19.664,0.202,50,10,o,0,1.38,341.1337,-42.52182,3196.93,4475.44,1.94,1.83,71.3,-0.427,19.5,20.97,04a60500o0669o
60500.271117,19.633,0.161,51,8,o,0,1.67,341.1337,-42.52182,3266.1,4560.16,1.9,1.83,82.2,-0.426,19.51,20.97,04a60500o0708o
60500.274321,19.5,0.13,58,8,o,0,2.99,341.1337,-42.52182,3286.12,4445.17,1.96,1.85,-83.8,-0.419,19.53,21.03,04a60500o0715o
60504.185779,19.867,0.243,41,10,o,0,1.32,341.1337,-42.52182,8950.01,4147.41,2.34,1.98,-20.6,-0.428,19.47,21.09,04a60504o0532o
60504.18758,19.159,0.143,79,11,o,0,1.28,341.1337,-42.52182,8930.36,4109.32,2.47,2.19,-28.7,-0.41,19.48,21.1,04a60504o0536o
60504.190776,19.287,0.186,70,13,o,0,0.89,341.1337,-42.52182,8989.72,4185.54,2.33,2.04,-28.1,-0.435,19.53,21.12,04a60504o0543o
60504.220468,18.991,0.109,92,10,o,0,1.54,341.1337,-42.52182,9013.31,4077.68,2.46,2.1,-20.8,-0.421,19.51,21.16,04a60504o0606o
60508.178554,18.835,0.171,106,18,o,0,1.65,341.1337,-42.52182,6162.79,6725.96,2.2,1.98,-41.9,-0.413,18.98,19.93,04a60508o0491o
60508.207079,19.422,0.304,62,19,o,0,0.91,341.1337,-42.52182,6148.0,6694.87,2.16,1.91,-42.9,-0.423,19.1,20.09,04a60508o0553o
60508.223683,19.2,0.194,76,15,o,0,1.6,341.1337,-42.52182,6214.79,6776.09,2.09,1.86,-27.7,-0.445,19.13,20.11,04a60508o0588o
60508.239776,19.757,0.323,45,15,o,0,1.49,341.1337,-42.52182,6242.49,6660.68,2.29,1.98,-31.9,-0.426,19.08,20.14,04a60508o0623o
60509.232799,18.913,0.195,99,19,o,0,1.2,341.1337,-42.52182,6181.54,6738.0,2.03,1.84,-29.0,-0.431,19.0,19.77,04a60509o0605o
60509.234606,19.305,0.21,69,14,o,0,1.4,341.1337,-42.52182,6163.05,6699.74,1.99,1.81,-26.7,-0.429,19.02,19.75,04a60509o0609o
60509.238295,19.469,0.324,59,19,o,0,1.25,341.1337,-42.52182,6223.44,6777.05,1.97,1.84,-30.6,-0.432,19.0,19.79,04a60509o0617o
60509.25389,20.265,0.569,28,16,o,0,1.56,341.1337,-42.52182,6255.57,6664.08,1.97,1.76,-16.8,-0.44,19.04,19.82,04a60509o0649o
60517.225328,19.963,0.396,38,15,o,0,1.33,341.1337,-42.52182,1697.92,2152.1,2.32,1.99,44.0,-0.397,19.1,20.12,04a60517o0569o
60517.228586,19.962,0.366,38,14,o,0,1.36,341.1337,-42.52182,1680.63,2112.83,2.27,1.93,42.4,-0.404,19.09,20.11,04a60517o0576o
60517.231366,19.846,0.416,42,17,o,0,1.11,341.1337,-42.52182,1740.11,2192.67,2.15,1.9,50.8,-0.432,19.12,20.09,04a60517o0582o
60517.236952,19.529,0.282,56,16,o,0,1.03,341.1337,-42.52182,1762.9,2077.57,2.19,1.88,46.3,-0.424,19.12,20.08,04a60517o0594o
60520.211945,20.949,0.504,15,8,c,0,1.54,341.1337,-42.52182,5131.37,4429.76,2.28,2.1,-60.5,-0.381,19.64,21.69,04a60520o0566c
60520.226985,20.326,0.264,27,7,c,0,1.87,341.1337,-42.52182,5121.11,4393.73,2.14,1.98,-51.2,-0.39,19.66,21.64,04a60520o0598c
60520.229815,21.496,0.747,9,7,c,0,1.37,341.1337,-42.52182,5181.75,4469.77,2.21,2.01,-57.7,-0.389,19.65,21.66,04a60520o0604c
60520.235046,19.969,0.245,37,9,c,0,1.25,341.1337,-42.52182,5201.21,4358.8,2.18,2.0,-37.8,-0.393,19.67,21.63,04a60520o0615c
60521.943501,20.127,0.323,32,10,o,0,2.18,341.1337,-42.52182,7003.86,4343.86,2.14,2.02,-45.5,-0.479,19.54,20.94,03a60522o0533o
60521.945309,19.961,0.33,38,12,o,0,1.17,341.1337,-42.52182,6985.02,4306.24,2.17,2.02,-45.3,-0.471,19.49,20.93,03a60522o0537o
60521.948064,20.402,0.408,25,10,o,0,1.3,341.1337,-42.52182,7041.99,4383.63,2.16,2.05,-48.3,-0.471,19.5,20.92,03a60522o0543o
60521.953196,19.631,0.21,51,11,o,0,1.33,341.1337,-42.52182,7065.6,4265.94,2.17,2.07,-46.6,-0.477,19.55,20.97,03a60522o0554o
60523.972256,20.056,0.312,34,11,o,0,1.56,341.1337,-42.52182,9333.42,2303.89,2.21,1.98,-47.6,-0.439,19.55,21.22,03a60524o0588o
60523.991808,20.195,0.324,30,10,o,0,1.66,341.1337,-42.52182,9321.1,2265.84,2.43,2.03,-53.9,-0.416,19.53,21.15,03a60524o0629o
60524.012522,20.103,0.333,33,11,o,0,1.07,341.1337,-42.52182,9378.76,2344.05,2.41,1.99,-57.8,-0.406,19.55,21.16,03a60524o0671o
60524.027365,20.762,0.511,18,9,o,0,1.53,341.1337,-42.52182,9402.99,2229.36,2.4,2.01,-54.7,-0.42,19.55,21.17,03a60524o0703o
60525.952039,20.655,0.7,20,14,o,0,1.21,341.1337,-42.52182,8037.47,6661.26,2.58,2.12,-47.9,-0.397,19.06,20.43,03a60526o0550o
60525.954311,19.718,0.343,47,16,o,0,1.02,341.1337,-42.52182,8016.21,6623.4,2.69,2.18,-48.9,-0.386,19.07,20.48,03a60526o0555o
60525.957186,19.427,0.225,62,14,o,0,1.22,341.1337,-42.52182,8076.44,6700.25,2.53,2.17,-46.3,-0.399,19.1,20.46,03a60526o0561o
60525.962669,20.308,0.6,27,16,o,0,0.94,341.1337,-42.52182,8099.1,6584.63,2.64,2.17,-46.7,-0.393,19.03,20.41,03a60526o0573o
60528.147901,21.208,0.982,12,12,c,0,1.2,341.1337,-42.52182,7261.77,410.79,2.89,2.74,-21.4,-0.345,19.4,21.37,04a60528o0288c
60528.14977,-25.061,32.5,0,11,c,0,0.88,341.1337,-42.52182,7242.99,373.1,2.75,2.35,-25.2,-0.356,19.48,21.4,04a60528o0292c
60528.152507,20.513,0.484,23,11,c,0,1.08,341.1337,-42.52182,7299.72,450.94,2.78,2.4,-27.3,-0.356,19.47,21.37,04a60528o0298c
60528.158043,20.466,0.479,24,11,c,0,1.29,341.1337,-42.52182,7321.52,334.05,2.97,2.62,-23.0,-0.332,19.41,21.37,04a60528o0310c
60529.932318,22.995,5.133,2,12,o,0,1.02,341.1337,-42.52182,5622.31,8672.64,2.48,2.18,-44.0,-0.406,19.42,20.87,03a60530o0503o
60529.935244,20.351,0.503,26,13,o,0,0.99,341.1337,-42.52182,5605.73,8632.19,2.35,2.13,-47.9,-0.417,19.47,20.89,03a60530o0509o
60529.938928,20.565,0.546,22,12,o,0,1.58,341.1337,-42.52182,5660.12,8713.25,2.52,2.17,-42.5,-0.395,19.43,20.89,03a60530o0517o
60529.948356,-21.81,1.5,-7,10,o,0,1.62,341.1337,-42.52182,5682.68,8598.68,2.48,2.04,-45.1,-0.404,19.5,20.92,03a60530o0537o
60532.304841,21.153,0.689,13,9,c,0,1.66,341.1337,-42.52182,3023.52,2046.2,2.29,2.04,46.7,-0.399,19.61,21.46,04a60532o0434c
60532.308269,19.534,0.174,56,10,c,0,1.61,341.1337,-42.52182,3046.39,2082.87,2.41,2.1,51.5,-0.392,19.56,21.45,04a60532o0441c
60532.314698,-23.861,7.25,-1,8,c,0,2.1,341.1337,-42.52182,2982.98,2000.83,2.35,2.08,47.9,-0.397,19.58,21.46,04a60532o0455c
60532.326909,20.995,0.619,14,9,c,0,1.28,341.1337,-42.52182,2964.15,2113.42,2.33,2.1,43.9,-0.391,19.49,21.3,04a60532o0480c
60533.128416,20.137,0.401,32,13,o,0,2.28,341.1337,-42.52182,7754.11,8543.5,2.15,1.87,-50.6,-0.471,19.32,20.78,04a60533o0366o
60533.14788,20.074,0.305,34,10,o,0,1.94,341.1337,-42.52182,7734.19,8511.79,2.12,1.88,-21.8,-0.423,19.47,21.04,04a60533o0406o
60533.149847,20.226,0.373,30,11,o,0,1.37,341.1337,-42.52182,7798.95,8587.23,2.2,1.95,-13.6,-0.394,19.51,21.04,04a60533o0410o
60533.160356,19.907,0.378,40,15,o,0,0.64,341.1337,-42.52182,7821.62,8472.06,2.22,1.96,-27.2,-0.448,19.48,21.16,04a60533o0427o
60534.943216,-20.93,1.619,-15,25,o,0,0.92,341.1337,-42.52182,5549.48,2493.96,2.37,2.08,-51.5,-0.42,18.41,19.42,03a60535o0526o
60534.945018,18.979,0.301,93,28,o,0,1.19,341.1337,-42.52182,5531.34,2455.26,2.29,2.05,-46.2,-0.434,18.45,19.41,03a60535o0530o
60534.948174,19.962,0.832,38,31,o,0,0.94,341.1337,-42.52182,5587.53,2534.32,2.22,2.07,-44.5,-0.442,18.48,19.48,03a60535o0537o
60534.980563,20.041,1.328,35,46,o,0,1.29,341.1337,-42.52182,5616.55,2417.46,2.24,1.93,-52.8,-0.426,17.7,19.0,03a60535o0602o
60536.171494,20.613,0.691,21,14,o,0,1.26,341.1337,-42.52182,4239.32,6842.57,2.22,1.91,-67.7,-0.405,19.24,20.45,04a60536o0451o
60536.174341,20.699,0.627,19,12,o,0,1.28,341.1337,-42.52182,4222.49,6803.17,2.07,1.87,-62.2,-0.4,19.3,20.44,04a60536o0457o
60536.177558,20.183,0.416,31,13,o,0,1.79,341.1337,-42.52182,4282.04,6881.43,2.14,1.89,-66.5,-0.406,19.26,20.49,04a60536o0464o
60536.195832,21.54,1.488,9,13,o,0,1.03,341.1337,-42.52182,4313.26,6769.22,2.01,1.77,-53.8,-0.424,19.35,20.46,04a60536o0503o
60537.108829,21.47,2.185,9,20,o,0,0.9,341.1337,-42.52182,4216.25,6830.96,2.3,2.03,-29.4,-0.404,18.86,19.68,04a60537o0318o
60537.11206,21.76,2.148,7,15,o,0,1.4,341.1337,-42.52182,4193.24,6795.36,2.11,1.84,-72.7,-0.427,18.97,19.78,04a60537o0325o
60537.117313,21.969,3.021,6,18,o,0,1.33,341.1337,-42.52182,4252.81,6873.79,2.17,1.91,-65.9,-0.42,18.95,19.79,04a60537o0336o
60537.140402,21.529,1.783,9,16,o,0,1.42,341.1337,-42.52182,4281.95,6761.75,2.28,1.98,-71.7,-0.421,18.99,19.89,04a60537o0379o
60537.897682,23.86,29.833,1,31,o,0,0.68,341.1337,-42.52182,1533.45,95.38,2.37,2.11,-56.7,-0.43,18.4,18.99,03a60538o0396o
60537.899488,-20.353,1.346,-26,35,o,0,0.82,341.1337,-42.52182,1515.41,54.35,2.38,2.19,-49.8,-0.456,18.3,18.79,03a60538o0400o
60537.901813,-22.312,8.15,-4,35,o,0,1.01,341.1337,-42.52182,9224.22,10450.68,2.92,2.27,-42.0,-0.436,18.56,19.23,03a60538o0405o
60537.902719,22.448,6.125,4,23,o,0,1.0,341.1337,-42.52182,1571.18,136.23,2.4,2.22,-59.5,-0.427,18.76,19.54,03a60538o0407o
60537.903619,-20.512,1.0,-23,23,o,0,1.35,341.1337,-42.52182,9200.24,10412.27,2.81,2.17,-42.5,-0.428,18.95,19.7,03a60538o0409o
60537.916953,-22.529,11.533,-4,41,o,0,1.51,341.1337,-42.52182,9261.69,10495.16,2.9,2.2,-49.0,-0.447,18.19,18.64,03a60538o0438o
60537.937044,19.597,0.602,53,32,o,0,0.86,341.1337,-42.52182,9281.66,10376.34,2.8,2.14,-44.9,-0.445,18.71,19.36,03a60538o0482o
60538.902396,-21.256,2.456,-11,28,o,0,1.14,341.1337,-42.52182,1534.39,95.98,2.61,2.31,-69.7,-0.41,18.55,19.1,03a60539o0442o
60538.904202,19.048,0.35,87,30,o,0,1.08,341.1337,-42.52182,1515.53,55.54,2.62,2.33,-75.7,-0.399,18.53,19.14,03a60539o0446o
60538.907358,19.573,0.507,54,27,o,0,0.9,341.1337,-42.52182,1571.65,137.6,2.42,2.16,-53.8,-0.423,18.68,19.23,03a60539o0453o
60545.937453,-17.009,0.636,-570,363,o,0,1.25,341.1337,-42.52182,3667.92,2539.31,2.64,2.53,-41.6,-0.417,15.89,16.37,03a60546o0501o
60545.939267,-22.306,23.333,-4,101,o,0,1.32,341.1337,-42.52182,3650.39,2499.68,2.54,2.44,-42.8,-0.405,16.61,17.15,03a60546o0505o
60545.942429,-20.584,6.25,-21,132,o,0,1.15,341.1337,-42.52182,3705.3,2579.2,2.39,2.36,-33.0,-0.41,16.65,17.22,03a60546o0512o
60545.947845,19.598,0.616,53,32,o,0,1.05,341.1337,-42.52182,3728.2,2463.66,2.36,2.28,-49.9,-0.415,18.35,18.97,03a60546o0524o
60547.179416,19.925,0.307,39,12,o,0,1.16,341.1337,-42.52182,3249.71,4520.04,2.19,2.11,-51.4,-0.4,19.38,20.82,04a60547o0432o
60547.215207,21.055,0.897,14,12,o,0,0.98,341.1337,-42.52182,3268.35,4481.43,2.08,2.03,-63.4,-0.411,19.27,20.55,04a60547o0496o
60547.239404,21.357,1.441,10,15,o,0,1.58,341.1337,-42.52182,7522.26,6082.46,2.4,2.22,-34.8,-0.424,19.19,20.41,04a60547o0542o
60547.254332,-24.118,20.6,-1,17,o,0,0.87,341.1337,-42.52182,7500.22,6184.81,2.5,2.27,-36.9,-0.427,19.15,20.39,04a60547o0570o
60547.970279,-23.827,11.286,-1,12,o,0,1.31,341.1337,-42.52182,7379.23,6138.79,2.48,2.09,-48.1,-0.402,19.28,20.72,03a60548o0511o
60547.99003,20.652,0.785,20,16,o,0,1.08,341.1337,-42.52182,7397.05,6180.98,2.71,2.33,-45.4,-0.39,19.13,20.53,03a60548o0548o
60547.993565,21.467,1.551,9,15,o,0,1.23,341.1337,-42.52182,7341.38,6101.32,2.67,2.44,-40.6,-0.403,19.11,20.5,03a60548o0555o
60548.00414,20.762,0.927,18,17,o,0,1.0,341.1337,-42.52182,7320.1,6220.76,2.91,2.59,-48.2,-0.38,18.96,20.41,03a60548o0574o
60550.220034,-25.549,91.0,0,20,o,0,1.11,341.1337,-42.52182,7561.25,6129.18,2.32,2.08,-33.0,-0.425,18.92,20.46,04a60550o0520o
60550.226196,21.608,2.147,8,18,o,0,1.16,341.1337,-42.52182,7580.35,6165.12,2.42,2.24,-47.9,-0.421,18.86,20.45,04a60550o0531o
60550.231941,19.855,0.671,42,28,o,0,0.94,341.1337,-42.52182,7521.85,6079.39,2.3,2.07,-30.6,-0.428,18.52,20.06,04a60550o0543o
60550.267006,20.356,1.064,26,28,o,0,1.0,341.1337,-42.52182,7498.46,6169.57,2.44,2.23,-51.0,-0.436,18.46,19.92,04a60550o0616o
60551.160307,18.317,0.728,171,125,o,0,1.57,341.1337,-42.52182,3242.89,4520.89,2.41,2.35,-83.8,-0.369,16.7,18.17,04a60551o0406o
60551.163012,-17.223,0.583,-469,273,o,0,1.48,341.1337,-42.52182,3225.84,4482.42,2.1,2.04,-67.4,-0.416,15.83,17.18,04a60551o0412o
60551.166167,18.875,0.587,102,60,o,0,1.33,341.1337,-42.52182,3286.68,4560.88,2.1,2.04,-77.5,-0.409,17.4,18.68,04a60551o0419o
60551.174502,19.232,0.792,74,58,o,0,0.93,341.1337,-42.52182,3313.6,4445.64,2.44,2.38,-74.2,-0.385,17.57,19.04,04a60551o0437o
60551.945874,20.423,0.503,25,12,o,0,0.99,341.1337,-42.52182,7376.48,6136.14,2.43,2.22,-28.7,-0.43,19.36,20.92,03a60552o0490o
60551.961244,20.617,0.596,21,12,o,0,1.34,341.1337,-42.52182,7394.0,6175.88,2.44,2.2,-30.7,-0.423,19.39,20.85,03a60552o0522o
60551.96448,20.506,0.438,23,10,o,0,1.63,341.1337,-42.52182,7338.26,6095.73,2.33,2.13,-50.5,-0.441,19.43,20.87,03a60552o0529o
60551.970094,20.526,0.529,22,12,o,0,1.4,341.1337,-42.52182,7315.81,6210.67,2.36,2.16,-49.8,-0.443,19.43,20.87,03a60552o0541o
60553.159695,21.881,1.648,6,11,o,0,1.35,341.1337,-42.52182,3252.7,4522.48,2.04,2.02,-30.3,-0.409,19.5,21.07,04a60553o0400o
60553.162853,22.14,1.977,5,10,o,0,1.24,341.1337,-42.52182,3236.6,4483.77,2.0,1.96,75.3,-0.419,19.49,21.05,04a60553o0407o
60553.168261,20.319,0.321,27,9,o,0,2.06,341.1337,-42.52182,3299.82,4561.85,2.09,2.06,70.2,-0.411,19.45,21.03,04a60553o0419o
60553.190253,20.465,0.432,24,10,o,0,1.45,341.1337,-42.52182,3341.49,4444.87,1.92,1.85,80.3,-0.427,19.52,20.95,04a60553o0460o
60553.830313,21.114,0.75,13,10,c,0,1.68,341.1337,-42.52182,8934.65,4246.85,2.79,2.34,-58.7,-0.385,19.48,21.51,03a60554o0256c
60553.832116,22.109,1.968,5,10,c,0,1.29,341.1337,-42.52182,8915.77,4208.76,2.66,2.27,-55.2,-0.392,19.56,21.52,03a60554o0260c
60553.83527,20.388,0.385,25,10,c,0,1.28,341.1337,-42.52182,8971.47,4285.69,2.66,2.23,-57.2,-0.393,19.57,21.54,03a60554o0267c
60553.84068,21.126,0.768,13,10,c,0,1.25,341.1337,-42.52182,8993.83,4169.93,2.59,2.2,-56.3,-0.392,19.59,21.55,03a60554o0279c
60556.226846,21.34,1.109,11,12,o,0,1.68,341.1337,-42.52182,5350.57,10070.78,3.09,2.3,-75.9,-0.397,19.27,21.01,04a60556o0576o
60556.23001,22.574,3.619,3,12,o,0,1.19,341.1337,-42.52182,5367.43,10107.74,2.83,2.1,-75.7,-0.397,19.38,21.01,04a60556o0583o
60556.235493,20.27,0.488,28,14,o,0,1.01,341.1337,-42.52182,5310.19,10024.99,2.92,2.16,-72.9,-0.406,19.3,20.94,04a60556o0595o
60556.269922,20.274,0.421,28,12,o,0,1.4,341.1337,-42.52182,5287.28,10121.02,2.82,2.08,-74.2,-0.405,19.28,20.9,04a60556o0669o
60557.22727,21.944,1.925,6,12,o,0,1.41,341.1337,-42.52182,5350.68,10071.15,2.08,1.82,-57.1,-0.443,19.45,20.88,04a60557o0503o
60557.230889,-24.27,20.0,-1,14,o,0,1.34,341.1337,-42.52182,5367.35,10108.18,2.32,1.85,-68.8,-0.469,19.45,20.91,04a60557o0511o
60557.257551,-21.309,1.347,-11,15,o,0,1.7,341.1337,-42.52182,5307.01,10012.03,2.56,1.93,-75.2,-0.43,19.39,20.91,04a60557o0557o
60557.268695,20.981,0.991,15,15,o,0,1.27,341.1337,-42.52182,5286.43,10123.25,2.18,1.84,-69.2,-0.428,19.38,20.81,04a60557o0576o
60560.195036,20.708,0.63,19,12,o,0,1.12,341.1337,-42.52182,8519.78,3725.89,2.39,2.05,-19.6,-0.416,19.41,20.9,04a60560o0487o
60560.202429,21.329,1.108,11,12,o,0,1.4,341.1337,-42.52182,8541.4,3759.48,2.35,2.14,-22.0,-0.431,19.42,20.92,04a60560o0502o
60560.205637,21.395,1.172,10,12,o,0,1.0,341.1337,-42.52182,8479.8,3677.54,2.44,2.25,-12.8,-0.41,19.39,20.9,04a60560o0509o
60560.239983,19.938,0.315,38,12,o,0,1.26,341.1337,-42.52182,8454.27,3771.5,2.36,2.09,-28.3,-0.423,19.38,20.74,04a60560o0581o
60564.195255,22.064,2.816,5,15,o,0,0.94,341.1337,-42.52182,1032.03,2212.06,2.41,1.88,47.7,-0.418,19.19,20.55,04a60564o0475o
60564.198436,20.213,0.609,30,18,o,0,1.3,341.1337,-42.52182,1051.04,2247.47,2.34,1.93,49.7,-0.415,18.84,20.12,04a60564o0482o
60564.203959,19.696,0.278,48,13,o,0,1.21,341.1337,-42.52182,989.38,2166.28,2.4,1.89,49.5,-0.415,19.18,20.52,04a60564o0494o
60564.234235,20.489,1.02,23,24,o,0,1.42,341.1337,-42.52182,964.82,2260.95,2.46,1.97,48.8,-0.416,18.71,20.06,04a60564o0557o
60565.203715,18.853,0.443,104,46,o,0,1.05,341.1337,-42.52182,1030.71,2205.58,2.46,1.91,44.1,-0.411,18.07,18.93,04a60565o0455o
60565.207288,21.44,3.915,10,38,o,0,1.14,341.1337,-42.52182,1049.4,2240.76,2.23,1.8,49.8,-0.432,18.19,18.79,04a60565o0462o
60565.237905,-20.082,0.892,-34,30,o,0,1.09,341.1337,-42.52182,982.38,2141.61,2.18,1.82,45.4,-0.439,18.38,19.16,04a60565o0518o
60565.24492,19.591,0.422,53,22,o,0,1.46,341.1337,-42.52182,960.49,2253.64,2.3,1.91,47.7,-0.431,18.6,19.47,04a60565o0529o
60565.935728,21.731,3.563,7,26,o,0,0.95,341.1337,-42.52182,8826.83,8527.72,2.49,2.12,-43.2,-0.397,18.77,19.43,03a60566o0461o
60565.938919,-21.324,2.059,-11,22,o,0,1.57,341.1337,-42.52182,8843.89,8567.86,2.56,2.13,-50.4,-0.397,18.72,19.42,03a60566o0468o
60565.945782,20.15,0.792,32,25,o,0,1.3,341.1337,-42.52182,8790.56,8487.67,2.47,2.13,-47.9,-0.391,18.75,19.42,03a60566o0483o
60565.981188,23.116,11.25,2,23,o,0,1.44,341.1337,-42.52182,8769.54,8608.5,2.71,2.19,-44.7,-0.39,18.72,19.44,03a60566o0558o
60566.908306,-19.362,0.497,-65,32,o,0,1.66,341.1337,-42.52182,8827.21,8527.27,2.66,2.19,-42.2,-0.378,18.31,18.65,03a60567o0262o
60566.943181,21.73,6.813,7,50,o,0,0.9,341.1337,-42.52182,8843.27,8571.84,2.87,2.2,-40.9,-0.391,18.2,18.84,03a60567o0336o
60566.946008,-19.445,0.603,-60,36,o,0,1.19,341.1337,-42.52182,8790.36,8491.0,2.79,2.16,-43.7,-0.383,18.35,18.75,03a60567o0342o
60566.974398,-19.807,0.934,-43,40,o,0,1.01,341.1337,-42.52182,8768.56,8610.01,2.67,2.17,-47.0,-0.389,18.31,18.62,03a60567o0402o
60567.831331,-20.364,2.517,-26,65,o,0,1.19,341.1337,-42.52182,3646.11,8727.62,2.79,2.45,-49.8,-0.349,17.47,17.48,03a60568o0234o
60567.832973,21.684,9.343,8,72,o,0,0.97,341.1337,-42.52182,3626.99,8689.58,2.82,2.44,-41.3,-0.364,17.46,17.39,03a60568o0237o
60567.836134,20.409,2.829,25,70,o,0,1.05,341.1337,-42.52182,3685.61,8770.7,2.79,2.41,-41.1,-0.362,17.45,17.38,03a60568o0244o
60567.841584,19.525,1.043,56,59,o,0,1.51,341.1337,-42.52182,3708.14,8656.16,2.71,2.33,-39.2,-0.367,17.47,17.37,03a60568o0256o
60570.931516,-20.226,1.78,-30,52,o,0,0.93,341.1337,-42.52182,5459.88,6163.05,2.36,2.14,-56.0,-0.4,17.89,17.71,03a60571o0464o
60570.964353,-19.471,0.931,-59,55,o,0,1.3,341.1337,-42.52182,5477.59,6204.89,2.56,2.22,-51.7,-0.399,17.69,17.43,03a60571o0532o
60570.992289,19.474,1.035,59,61,o,0,1.17,341.1337,-42.52182,5422.55,6130.86,2.42,2.11,-47.1,-0.402,17.72,17.44,03a60571o0590o
60570.995879,-19.537,0.926,-56,52,o,0,1.02,341.1337,-42.52182,5402.25,6246.21,2.47,2.1,-47.2,-0.38,17.73,17.46,03a60571o0594o
60573.166939,22.399,6.091,4,24,o,0,1.08,341.1337,-42.52182,3732.32,6317.36,2.11,1.87,-53.9,-0.423,18.82,19.38,04a60573o0422o
60573.171432,19.097,0.252,83,21,o,0,1.11,341.1337,-42.52182,3750.5,6351.03,2.03,1.8,-57.6,-0.447,18.88,19.39,04a60573o0431o
60573.188199,20.615,0.941,21,19,o,0,1.34,341.1337,-42.52182,3690.8,6260.83,2.11,1.9,-51.0,-0.419,18.82,19.42,04a60573o0462o
60573.199909,21.548,2.62,9,23,o,0,0.88,341.1337,-42.52182,3667.39,6367.68,1.97,1.85,-64.4,-0.437,18.83,19.38,04a60573o0486o
60577.907384,20.722,0.667,19,12,o,0,1.07,341.1337,-42.52182,3200.39,10095.13,2.57,2.24,-42.1,-0.395,19.49,21.06,03a60578o0400o
60577.912941,21.501,1.228,9,11,o,0,1.48,341.1337,-42.52182,3215.54,10134.33,2.51,2.17,-43.1,-0.393,19.5,21.06,03a60578o0412o
60577.916157,19.721,0.24,47,11,o,0,1.67,341.1337,-42.52182,3163.74,10056.18,2.52,2.14,-36.7,-0.401,19.53,21.08,03a60578o0419o
60577.923527,22.928,4.55,2,11,o,0,0.87,341.1337,-42.52182,5370.0,35.43,2.06,1.99,-32.5,-0.416,19.53,21.04,03a60578o0435o
60577.927186,20.516,0.529,23,12,o,0,1.39,341.1337,-42.52182,3141.04,10175.12,2.58,2.22,-45.7,-0.387,19.5,21.05,03a60578o0443o
60580.26129,22.255,2.182,4,10,c,0,1.44,341.1337,-42.52182,4993.71,1893.39,2.22,2.19,1.8,-0.402,19.43,21.15,04a60580o0031c
60580.265055,21.319,0.975,11,10,c,0,1.2,341.1337,-42.52182,5011.87,1932.36,2.22,2.17,-1.4,-0.403,19.47,21.16,04a60580o0039c
60580.270623,20.52,0.441,22,10,c,0,1.11,341.1337,-42.52182,4949.2,1853.24,2.26,2.18,16.2,-0.396,19.45,21.14,04a60580o0051c
60580.281476,22.729,3.19,3,9,c,0,1.89,341.1337,-42.52182,4922.38,1970.03,2.27,2.15,9.2,-0.396,19.39,21.04,04a60580o0074c
60584.322678,-22.011,1.971,-6,11,c,0,2.06,341.1337,-42.52182,5168.76,8097.79,2.65,2.05,-71.2,-0.373,19.22,20.82,04a60584o0153c
60584.334388,-20.454,0.504,-24,12,c,0,1.6,341.1337,-42.52182,5179.85,8142.62,2.75,2.17,-71.2,-0.368,19.12,20.78,04a60584o0177c
60584.348817,-20.63,0.663,-20,14,c,0,1.6,341.1337,-42.52182,5111.82,8072.06,2.87,2.3,-72.1,-0.357,18.99,20.63,04a60584o0206c
60584.359222,23.443,10.0,2,15,c,0,1.42,341.1337,-42.52182,5086.55,8196.63,2.78,2.33,-82.8,-0.35,18.88,20.47,04a60584o0227c
60585.144807,21.041,0.632,14,9,c,0,1.26,341.1337,-42.52182,5229.84,8131.55,2.52,1.93,-71.2,-0.402,19.63,21.51,04a60585o0356c
60585.148008,22.408,2.031,4,8,c,0,1.45,341.1337,-42.52182,5249.04,8167.94,2.42,1.88,-74.3,-0.407,19.64,21.53,04a60585o0363c
60585.161023,21.058,0.635,14,9,c,0,0.98,341.1337,-42.52182,5188.29,8079.79,2.64,2.03,-74.5,-0.392,19.57,21.54,04a60585o0388c
60585.1675,24.6,15.5,0,8,c,0,1.26,341.1337,-42.52182,5167.51,8191.86,2.55,1.91,-74.5,-0.404,19.63,21.53,04a60585o0401c
60585.883788,19.831,0.272,42,12,o,0,1.61,341.1337,-42.52182,6424.77,3775.94,2.59,2.46,-53.7,-0.421,19.26,20.86,03a60586o0342o
60585.887435,21.699,1.765,8,13,o,0,1.24,341.1337,-42.52182,6443.65,3815.86,2.87,2.69,-56.6,-0.411,19.18,20.85,03a60586o0350o
60585.893444,19.798,0.314,44,14,o,0,1.13,341.1337,-42.52182,6388.2,3737.24,2.57,2.34,-60.0,-0.421,19.2,20.77,03a60586o0363o
60585.907175,21.754,1.97,7,14,o,0,1.13,341.1337,-42.52182,6367.19,3854.45,2.76,2.6,-58.1,-0.419,19.13,20.78,03a60586o0393o
60587.786477,20.816,0.647,17,11,o,0,1.34,341.1337,-42.52182,1544.55,99.54,2.2,1.95,-50.9,-0.451,19.42,20.82,03a60588o0128o
60587.788758,19.658,0.223,50,11,o,0,1.46,341.1337,-42.52182,1525.69,59.39,2.17,1.93,-54.3,-0.459,19.44,20.83,03a60588o0133o
60587.791876,-21.147,0.93,-13,12,o,0,1.37,341.1337,-42.52182,1582.15,141.32,2.21,2.0,-46.4,-0.446,19.39,20.81,03a60588o0139o
60588.173623,21.422,1.323,10,13,c,0,1.07,341.1337,-42.52182,1382.14,207.05,2.69,1.85,41.5,-0.451,19.49,21.34,04a60588o0300c
60588.177613,-20.547,0.659,-22,14,c,0,1.42,341.1337,-42.52182,1403.02,244.5,2.62,1.79,41.1,-0.46,19.36,21.12,04a60588o0308c
60588.18384,21.689,1.556,8,12,c,0,0.75,341.1337,-42.52182,1338.45,163.62,2.68,1.83,40.7,-0.45,19.6,21.42,04a60588o0321c
60588.194433,23.482,7.7,2,11,c,0,1.52,341.1337,-42.52182,1314.88,275.33,2.74,1.85,41.1,-0.439,19.61,21.44,04a60588o0343c
60589.853193,-21.102,2.839,-13,37,o,0,1.38,341.1337,-42.52182,10415.68,4262.98,2.35,2.07,-54.9,-0.386,18.17,19.55,03a60590o0278o
60589.856827,20.653,2.455,20,49,o,0,1.64,341.1337,-42.52182,10434.1,4304.1,2.4,2.14,-52.3,-0.387,17.8,19.17,03a60590o0286o
60589.85958,20.444,2.783,24,67,o,0,0.93,341.1337,-42.52182,535.48,4002.12,2.72,2.49,-66.5,-0.391,17.52,19.01,03a60590o0292o
60589.864234,21.329,2.697,11,29,o,0,1.27,341.1337,-42.52182,10376.42,4223.27,2.46,2.17,-53.8,-0.383,18.62,20.04,03a60590o0302o
60589.868454,-21.338,3.125,-11,33,o,0,1.2,341.1337,-42.52182,555.12,4040.51,2.27,1.99,-70.3,-0.413,18.49,19.88,03a60590o0311o
60589.87167,24.936,99.0,0,38,o,0,1.07,341.1337,-42.52182,498.89,3964.13,2.23,1.96,-64.8,-0.413,18.29,19.66,03a60590o0318o
60589.87631,21.47,3.0,9,28,o,0,1.13,341.1337,-42.52182,10356.03,4340.13,2.35,2.06,-54.7,-0.388,18.67,20.04,03a60590o0328o
60589.90701,23.611,16.667,1,22,o,0,0.67,341.1337,-42.52182,477.14,4083.52,2.25,1.98,-64.4,-0.414,18.95,20.42,03a60590o0393o
60592.103301,20.115,0.829,33,27,o,0,1.29,341.1337,-42.52182,9590.93,6569.84,2.77,2.38,-17.3,-0.405,18.6,19.87,04a60592o0198o
60592.107545,-18.478,1.737,-148,256,o,0,0.91,341.1337,-42.52182,9610.14,6604.98,2.7,2.37,-12.0,-0.432,16.34,17.46,04a60592o0207o
60592.113052,-19.797,1.671,-44,73,o,0,1.28,341.1337,-42.52182,9549.32,6520.72,2.89,2.6,-17.3,-0.404,17.92,19.09,04a60592o0219o
60593.08369,21.241,1.406,12,16,o,0,2.0,341.1337,-42.52182,9587.67,6589.37,2.64,2.25,-22.4,-0.418,18.95,20.04,04a60593o0159o
60593.116114,-20.508,0.785,-23,18,o,0,1.18,341.1337,-42.52182,9606.54,6598.32,2.66,2.33,-25.5,-0.409,18.94,20.11,04a60593o0225o
60593.130809,21.591,2.195,8,18,o,0,1.06,341.1337,-42.52182,9545.04,6506.84,2.82,2.45,-22.7,-0.373,18.94,20.14,04a60593o0257o
60593.156081,-20.138,0.611,-32,20,o,0,0.89,341.1337,-42.52182,9522.85,6609.51,2.71,2.39,-17.6,-0.397,18.97,20.12,04a60593o0307o
60593.865597,-19.002,0.807,-91,74,o,0,0.82,341.1337,-42.52182,6942.46,9990.63,2.57,2.15,-39.3,-0.397,17.85,18.3,03a60594o0295o
60593.868818,17.405,0.438,396,174,o,0,0.87,341.1337,-42.52182,6960.92,10030.81,2.72,2.28,-44.2,-0.406,16.86,17.41,03a60594o0302o
60593.875272,-20.893,2.154,-16,34,o,0,1.51,341.1337,-42.52182,6908.34,9951.31,2.67,2.18,-42.6,-0.4,17.91,18.51,03a60594o0316o
60593.886296,-15.36,0.595,-2606,1551,o,0,0.92,341.1337,-42.52182,6886.19,10068.93,2.7,2.2,-44.8,-0.43,14.07,14.19,03a60594o0340o
60594.862124,-21.153,1.835,-13,23,o,0,1.05,341.1337,-42.52182,6937.53,9995.13,2.54,2.16,-45.5,-0.41,18.79,19.39,03a60595o0274o
60594.865841,22.953,9.8,2,24,o,0,0.98,341.1337,-42.52182,6956.17,10035.03,2.6,2.12,-44.8,-0.41,18.81,19.43,03a60595o0282o
60594.89287,-20.956,1.363,-15,20,o,0,1.52,341.1337,-42.52182,6902.16,9956.95,2.63,2.17,-50.8,-0.404,18.77,19.4,03a60595o0338o
60594.898867,-20.332,0.907,-27,24,o,0,1.17,341.1337,-42.52182,6879.67,10072.57,2.62,2.14,-42.5,-0.409,18.77,19.41,03a60595o0351o
60595.861577,-19.98,1.021,-37,38,o,0,0.92,341.1337,-42.52182,6887.08,8047.54,2.49,2.07,-48.8,-0.397,18.19,18.32,03a60596o0274o
60595.864546,19.478,0.645,59,38,o,0,1.17,341.1337,-42.52182,6905.91,8087.22,2.59,2.15,-50.0,-0.4,18.14,18.32,03a60596o0280o
60595.871132,21.031,2.449,14,34,o,0,1.11,341.1337,-42.52182,6852.82,8008.69,2.49,2.12,-53.1,-0.397,18.19,18.38,03a60596o0292o
60595.906649,20.723,1.836,19,34,o,0,1.31,341.1337,-42.52182,6830.94,8126.66,2.53,2.09,-49.7,-0.404,18.17,18.34,03a60596o0364o
60597.853897,20.18,1.358,31,42,o,0,1.31,341.1337,-42.52182,8938.35,1845.48,3.02,2.66,-65.1,-0.39,18.05,18.59,03a60598o0265o
60597.857627,22.211,8.7,5,41,o,0,1.26,341.1337,-42.52182,8957.73,1886.33,3.05,2.77,-9.6,-0.391,18.06,18.58,03a60598o0273o
60597.863133,-19.573,0.667,-54,36,o,0,1.13,341.1337,-42.52182,8901.01,1806.35,2.78,2.55,-56.7,-0.392,18.13,18.58,03a60598o0285o
60597.873318,-20.755,2.376,-18,43,o,0,1.04,341.1337,-42.52182,8881.34,1924.69,2.87,2.64,-52.4,-0.39,18.09,18.57,03a60598o0307o
60600.113356,21.145,2.047,13,26,o,0,1.23,341.1337,-42.52182,7566.28,6104.69,2.12,1.95,-23.0,-0.425,18.52,18.72,04a60600o0265o
60600.116594,22.132,5.822,5,30,o,0,0.8,341.1337,-42.52182,7584.98,6140.46,2.1,1.84,-17.0,-0.417,18.56,18.72,04a60600o0272o
60600.122537,-19.004,0.236,-91,22,o,0,1.82,341.1337,-42.52182,7526.07,6057.52,2.04,1.84,-17.0,-0.414,18.53,18.74,04a60600o0285o
60600.13251,-21.639,3.556,-8,28,o,0,1.14,341.1337,-42.52182,7503.98,6166.88,2.06,1.81,-18.4,-0.421,18.52,18.73,04a60600o0306o
60601.861699,20.74,1.2,18,22,o,0,1.11,341.1337,-42.52182,3426.73,54.94,2.5,2.32,-64.4,-0.345,18.72,19.44,03a60602o0283o
60601.863991,-20.857,1.597,-16,26,o,0,1.09,341.1337,-42.52182,1329.52,10201.29,2.88,2.52,-44.3,-0.413,18.69,19.42,03a60602o0288o
60601.866755,-19.882,0.727,-40,29,o,0,0.93,341.1337,-42.52182,1347.9,10239.32,3.05,2.61,-49.3,-0.43,18.66,19.41,03a60602o0294o
60601.872234,20.136,0.969,32,31,o,0,1.03,341.1337,-42.52182,1295.66,10162.48,3.06,2.79,-47.6,-0.413,18.63,19.36,03a60602o0306o
60601.877306,21.889,3.684,6,24,o,0,1.02,341.1337,-42.52182,3348.29,94.32,2.54,2.33,-67.9,-0.366,18.65,19.34,03a60602o0317o
60601.883262,-21.223,2.444,-12,29,o,0,1.25,341.1337,-42.52182,1273.63,10281.89,2.92,2.49,-47.6,-0.433,18.66,19.3,03a60602o0330o
60604.117186,25.869,78.0,0,13,o,0,1.28,341.1337,-42.52182,1810.96,6423.83,2.64,2.27,-87.1,-0.375,19.28,20.83,04a60604o0284o
60604.122421,21.571,1.3,8,11,o,0,1.39,341.1337,-42.52182,1829.51,6458.29,2.49,2.07,-88.2,-0.383,19.28,20.74,04a60604o0294o
60604.1256,20.66,0.624,20,12,o,0,1.15,341.1337,-42.52182,1770.82,6380.21,2.42,2.09,-86.3,-0.383,19.29,20.71,04a60604o0301o
