MJD,m,dm,uJy,duJy,F,err,chi/N,RA,Dec,x,y,maj,min,phi,apfit,mag5sig,Sky,Obs
60322.643291,-21.244,1.531,-12,18,o,0,1.21,236.65642,-13.37768,8762.61,9916.21,2.92,2.89,84.6,-0.418,18.89,19.95,01a60322o0927o
60322.649337,21.357,1.726,10,18,o,0,1.34,236.65642,-13.37768,8746.2,9876.48,2.84,2.8,-80.6,-0.41,18.93,19.92,01a60322o0939o
60322.659963,21.193,1.769,12,21,o,0,1.1,236.65642,-13.37768,8812.36,9954.37,3.04,2.96,-68.3,-0.398,18.75,19.68,01a60322o0961o
60324.640892,-20.147,0.447,-32,14,o,0,1.74,236.65642,-13.37768,10093.67,2694.5,2.34,1.79,-57.9,-0.48,19.21,20.11,02a60324o0780o
60324.646837,-20.5,0.67,-23,15,o,0,1.34,236.65642,-13.37768,10112.48,2733.1,2.15,1.71,-55.8,-0.484,19.25,20.15,02a60324o0793o
60324.664113,-21.402,2.427,-10,24,o,0,1.24,236.65642,-13.37768,10055.88,2655.15,2.15,1.71,-55.5,-0.483,19.0,19.7,02a60324o0828o
60324.671615,-20.814,2.509,-17,43,o,0,1.28,236.65642,-13.37768,10035.82,2771.43,2.15,1.71,-58.6,-0.509,18.14,18.2,02a60324o0844o
60331.572172,20.624,1.649,20,34,o,0,1.21,236.65642,-13.37768,1869.82,4060.39,3.38,2.92,28.7,-0.349,18.3,18.89,01a60331o0774o
60331.576725,-19.904,0.777,-40,31,o,0,1.49,236.65642,-13.37768,1852.23,4021.44,3.47,3.02,31.5,-0.348,18.32,18.98,01a60331o0783o
60331.583113,-21.256,3.077,-11,35,o,0,0.98,236.65642,-13.37768,1911.53,4100.86,3.49,3.02,37.4,-0.345,18.37,19.11,01a60331o0796o
60331.598988,-25.011,68.0,0,24,o,0,0.94,236.65642,-13.37768,1938.39,3985.9,3.22,2.72,40.2,-0.353,18.66,19.45,01a60331o0828o
60332.634634,-19.99,0.673,-37,25,o,0,1.03,236.65642,-13.37768,6747.86,6553.23,2.64,2.08,36.5,-0.419,18.75,19.34,02a60332o0922o
60332.639767,-19.683,0.452,-49,22,o,0,1.05,236.65642,-13.37768,6766.2,6593.14,2.49,1.99,35.7,-0.421,18.81,19.44,02a60332o0931o
60332.654783,22.391,4.31,4,17,o,0,1.17,236.65642,-13.37768,6706.29,6513.02,2.56,2.03,37.3,-0.42,19.04,19.83,02a60332o0963o
60332.665547,-20.405,0.741,-25,18,o,0,1.27,236.65642,-13.37768,6685.48,6628.81,2.54,1.96,36.8,-0.421,18.98,19.77,02a60332o0986o
60336.61183,-21.616,3.351,-8,28,o,0,2.11,236.65642,-13.37768,720.79,8338.04,2.43,2.13,-20.4,-0.456,18.52,19.17,02a60336o0869o
60336.614642,-23.419,22.0,-2,34,o,0,1.16,236.65642,-13.37768,737.22,8376.28,2.5,2.26,-7.1,-0.436,18.54,19.19,02a60336o0875o
60336.620142,-18.948,0.352,-96,34,o,0,1.74,236.65642,-13.37768,679.64,8298.87,2.57,2.23,-16.1,-0.438,18.56,19.23,02a60336o0887o
60336.631645,-20.398,1.296,-25,33,o,0,1.23,236.65642,-13.37768,658.46,8414.56,2.3,2.1,-25.7,-0.464,18.66,19.3,02a60336o0912o
60339.35572,-21.048,1.894,-14,26,o,0,1.05,236.65642,-13.37768,2316.77,5865.79,2.23,1.98,-49.0,-0.444,18.57,19.07,04a60339o0737o
60339.359849,-20.306,0.763,-27,21,o,0,1.71,236.65642,-13.37768,2296.25,5828.01,2.23,2.0,-50.8,-0.433,18.61,19.12,04a60339o0746o
60339.372023,-20.886,1.725,-16,28,o,0,1.03,236.65642,-13.37768,2352.95,5906.53,2.14,1.91,-47.5,-0.446,18.56,19.02,04a60339o0770o
60339.38088,20.927,2.083,16,32,o,0,1.01,236.65642,-13.37768,2372.16,5790.67,2.1,1.88,-56.7,-0.451,18.34,18.47,04a60339o0789o
60340.612688,21.223,1.356,12,16,o,0,1.97,236.65642,-13.37768,4944.92,8589.81,2.2,1.93,23.1,-0.432,18.94,19.51,02a60340o0886o
60340.616026,-20.69,1.043,-19,20,o,0,1.51,236.65642,-13.37768,4964.56,8628.6,2.27,1.94,15.1,-0.431,18.95,19.53,02a60340o0893o
60340.621902,22.931,7.095,2,17,o,0,2.13,236.65642,-13.37768,4907.11,8550.52,2.22,1.93,32.0,-0.43,18.97,19.58,02a60340o0906o
60340.632919,-20.878,1.216,-16,20,o,0,1.38,236.65642,-13.37768,4888.1,8666.35,2.14,1.89,26.5,-0.435,19.01,19.6,02a60340o0928o
60341.100526,-20.721,1.25,-19,23,o,0,0.87,236.65642,-13.37768,5668.98,1986.98,2.23,2.06,-52.9,-0.428,18.72,19.2,03a60341o0664o
60341.103295,19.817,0.451,43,19,o,0,1.67,236.65642,-13.37768,5650.07,1947.67,2.18,1.99,-52.1,-0.434,18.78,19.29,03a60341o0670o
60341.119375,19.348,0.357,66,24,o,0,1.17,236.65642,-13.37768,5705.67,2025.72,2.16,1.96,-56.8,-0.437,18.74,19.14,03a60341o0702o
60341.126747,21.663,3.138,8,25,o,0,1.45,236.65642,-13.37768,5727.35,1909.79,2.13,1.95,-47.9,-0.446,18.46,18.7,03a60341o0718o
60342.360402,-20.084,0.807,-34,27,o,0,1.51,236.65642,-13.37768,2587.57,9750.93,2.35,1.77,-71.6,-0.463,18.6,18.99,04a60342o0727o
60342.36362,-20.02,0.925,-36,33,o,0,1.27,236.65642,-13.37768,2567.87,9712.09,2.17,1.74,-66.6,-0.467,18.63,19.02,04a60342o0734o
60342.369573,-19.654,0.587,-50,29,o,0,1.41,236.65642,-13.37768,2623.66,9791.24,2.17,1.71,-66.9,-0.469,18.65,18.98,04a60342o0747o
60342.374805,-20.09,1.021,-33,34,o,0,1.03,236.65642,-13.37768,2643.82,9674.17,2.15,1.73,-67.2,-0.444,18.62,18.97,04a60342o0758o
60342.646042,21.877,2.881,6,19,o,0,1.6,236.65642,-13.37768,2561.18,9715.13,3.0,2.61,63.2,-0.363,18.85,19.58,01a60342o0915o
60342.659577,20.915,1.376,16,22,o,0,1.08,236.65642,-13.37768,2540.51,9675.6,2.82,2.52,56.6,-0.388,18.84,19.49,01a60342o0941o
60342.664047,-19.66,0.477,-50,24,o,0,1.16,236.65642,-13.37768,2597.4,9755.17,2.8,2.51,56.0,-0.391,18.7,19.22,01a60342o0950o
60344.62334,-20.22,0.554,-30,16,o,0,1.36,236.65642,-13.37768,5894.08,4327.35,2.43,1.93,37.4,-0.434,18.96,19.66,02a60344o0884o
60344.626509,-21.004,1.057,-14,15,o,0,1.43,236.65642,-13.37768,5911.27,4365.97,2.34,1.84,31.5,-0.436,19.0,19.67,02a60344o0891o
60344.633399,21.493,2.014,9,18,o,0,1.03,236.65642,-13.37768,5854.17,4288.16,2.47,1.97,32.9,-0.43,18.98,19.68,02a60344o0904o
60344.653555,22.029,3.25,6,18,o,0,2.46,236.65642,-13.37768,5835.03,4404.16,2.58,2.02,33.1,-0.431,18.97,19.71,02a60344o0945o
60347.34099,-20.335,0.534,-27,14,o,0,1.51,236.65642,-13.37768,4786.19,8183.65,1.96,1.73,-54.5,-0.45,19.16,20.31,04a60347o0712o
60347.34415,20.316,0.56,27,15,o,0,2.1,236.65642,-13.37768,4765.93,8144.97,2.04,1.76,-61.1,-0.419,19.14,20.32,04a60347o0719o
60347.36419,-20.71,0.825,-19,16,o,0,1.09,236.65642,-13.37768,4821.55,8225.54,1.94,1.72,-49.6,-0.452,19.17,20.36,04a60347o0761o
60347.377186,19.321,0.234,68,16,o,0,1.49,236.65642,-13.37768,4839.93,8109.58,1.98,1.76,-54.5,-0.451,19.15,20.29,04a60347o0789o
60348.619744,22.144,2.548,5,13,c,0,1.4,236.65642,-13.37768,2572.75,6271.72,2.64,2.39,25.2,-0.398,19.35,21.0,02a60348o0884c
60348.622908,-21.5,1.418,-9,13,c,0,1.28,236.65642,-13.37768,2592.05,6310.26,2.68,2.42,23.6,-0.399,19.36,20.99,02a60348o0891c
60348.640686,-19.972,0.357,-37,13,c,0,0.88,236.65642,-13.37768,2531.57,6232.84,2.55,2.31,29.9,-0.404,19.4,21.02,02a60348o0928c
60348.653859,20.553,0.591,22,13,c,0,1.17,236.65642,-13.37768,2513.08,6349.71,2.68,2.44,27.8,-0.398,19.36,21.05,02a60348o0955c
60348.672603,20.337,1.358,27,36,c,0,2.0,236.65642,-13.37768,2555.02,6290.07,2.71,2.43,29.1,-0.394,18.07,18.95,02a60348o0993c
60350.35907,-23.216,6.813,-2,13,o,0,3.09,236.65642,-13.37768,4888.8,10134.3,2.0,1.7,-66.1,-0.472,19.28,20.54,04a60350o0667o
60350.362266,19.969,0.383,37,14,o,0,2.15,236.65642,-13.37768,4868.73,10095.41,1.99,1.68,-63.2,-0.472,19.31,20.53,04a60350o0674o
60350.384066,19.742,0.389,46,18,o,0,0.95,236.65642,-13.37768,4932.32,10174.61,1.94,1.68,-62.6,-0.469,19.17,20.2,04a60350o0716o
60350.388239,-21.353,1.75,-10,18,o,0,1.21,236.65642,-13.37768,4952.78,10057.1,1.9,1.64,-58.0,-0.471,18.98,19.71,04a60350o0724o
60351.12205,-20.591,1.042,-21,22,o,0,1.35,236.65642,-13.37768,4757.04,10097.85,3.53,3.13,-36.5,-0.387,18.96,20.35,03a60351o0677o
60351.123883,21.722,2.25,7,17,o,0,1.85,236.65642,-13.37768,4737.7,10058.17,3.24,2.78,-38.1,-0.359,18.95,20.21,03a60351o0681o
60351.126631,-21.766,3.071,-7,22,o,0,1.57,236.65642,-13.37768,4795.33,10137.29,3.46,2.88,-33.1,-0.347,18.79,19.89,03a60351o0687o
60351.129804,-21.283,3.281,-11,36,o,0,1.27,236.65642,-13.37768,4817.16,10019.44,3.9,3.44,-36.6,-0.364,18.31,19.36,03a60351o0693o
60352.098149,-20.658,0.601,-20,12,o,0,1.45,236.65642,-13.37768,329.92,5820.01,2.3,2.0,-62.5,-0.405,19.5,20.71,03a60352o0719o
60352.098599,-19.738,0.233,-46,11,o,0,1.58,236.65642,-13.37768,10451.38,6012.95,2.43,1.92,-55.7,-0.386,19.42,20.62,03a60352o0720o
60352.102742,-20.772,0.662,-18,12,o,0,1.19,236.65642,-13.37768,10435.36,5973.95,2.43,1.95,-56.4,-0.38,19.42,20.61,03a60352o0729o
60352.104595,-20.498,0.558,-23,13,o,0,1.27,236.65642,-13.37768,311.65,5779.02,2.38,2.09,-55.5,-0.397,19.45,20.72,03a60352o0733o
60352.105946,21.075,1.046,14,14,o,0,1.25,236.65642,-13.37768,10491.12,6052.22,2.41,1.98,-52.0,-0.386,19.38,20.63,03a60352o0736o
60352.106404,-23.737,11.889,-1,14,o,0,1.16,236.65642,-13.37768,369.27,5858.42,2.34,2.03,-56.5,-0.403,19.48,20.7,03a60352o0737o
60352.125909,-20.489,0.595,-23,14,o,0,1.59,236.65642,-13.37768,10513.86,5937.17,2.39,1.94,-54.1,-0.363,19.2,20.12,03a60352o0779o
60352.126896,21.606,1.91,8,16,o,0,1.46,236.65642,-13.37768,393.18,5739.69,2.3,2.0,-59.0,-0.406,19.22,20.13,03a60352o0781o
60352.635123,-21.656,1.667,-8,13,c,0,1.1,236.65642,-13.37768,10215.3,4638.69,2.68,2.52,-62.1,-0.425,19.4,21.02,02a60352o0909c
60352.637461,-17.601,0.032,-331,10,c,0,5.79,236.65642,-13.37768,55.14,4647.02,2.39,2.34,-5.3,-0.382,19.42,20.96,02a60352o0914c
60352.64725,-17.609,0.083,-328,27,c,0,1.5,236.65642,-13.37768,71.03,4686.45,2.37,2.28,-0.2,-0.377,19.41,20.95,02a60352o0935c
60352.660852,-20.705,0.613,-19,12,c,0,1.44,236.65642,-13.37768,10238.69,4679.81,2.7,2.46,-59.3,-0.423,19.33,20.81,02a60352o0962c
60352.663663,-20.087,0.389,-34,13,c,0,1.57,236.65642,-13.37768,10179.24,4600.89,2.6,2.4,-62.3,-0.426,19.25,20.57,02a60352o0968c
60352.666559,-20.611,0.794,-21,16,c,0,1.2,236.65642,-13.37768,10159.77,4717.44,2.58,2.37,-63.0,-0.437,19.07,20.13,02a60352o0974c
60353.30159,19.174,0.306,78,24,o,0,1.29,236.65642,-13.37768,10509.21,5898.6,2.53,2.11,-3.1,-0.44,19.15,20.26,04a60353o0609o
60353.304873,19.002,0.203,91,18,o,0,1.07,236.65642,-13.37768,10491.56,5860.67,2.52,2.03,-5.9,-0.439,19.18,20.27,04a60353o0616o
60354.352997,19.625,0.395,51,20,o,0,1.21,236.65642,-13.37768,609.68,9859.16,2.36,1.83,-70.7,-0.448,19.32,20.48,04a60354o0665o
60354.356176,-19.823,0.418,-43,18,o,0,1.39,236.65642,-13.37768,590.19,9819.75,2.51,1.89,-71.4,-0.43,19.33,20.49,04a60354o0672o
60354.362093,20.275,0.719,28,20,o,0,1.66,236.65642,-13.37768,651.49,9897.73,2.43,1.82,-70.4,-0.45,19.32,20.5,04a60354o0685o
60354.373239,-20.419,0.512,-25,13,o,0,2.87,236.65642,-13.37768,676.41,9779.29,2.51,1.91,-71.1,-0.417,19.3,20.49,04a60354o0707o
60354.390147,-19.45,0.56,-60,34,o,0,1.03,236.65642,-13.37768,641.58,9836.84,2.6,1.92,-69.7,-0.415,18.82,19.44,04a60354o0743o
60360.598804,19.138,0.243,80,20,o,0,1.35,236.65642,-13.37768,2664.45,8211.76,2.74,2.44,21.1,-0.408,19.02,20.2,02a60360o0807o
60360.60197,18.785,0.123,111,14,o,0,1.15,236.65642,-13.37768,2684.28,8251.29,2.08,1.93,25.9,-0.428,19.31,20.29,02a60360o0814o
60360.608599,18.947,0.165,96,16,o,0,1.03,236.65642,-13.37768,2626.82,8175.6,2.13,1.91,30.0,-0.423,19.39,20.53,02a60360o0827o
60360.61973,19.175,0.147,78,11,o,0,1.85,236.65642,-13.37768,2607.6,8292.08,2.32,1.97,26.1,-0.419,19.48,20.76,02a60360o0851o
60361.102643,18.748,0.117,115,14,o,0,1.18,236.65642,-13.37768,7934.1,2407.7,2.18,1.96,-55.4,-0.448,19.41,20.6,03a60361o0756o
60361.105817,18.873,0.123,102,13,o,0,1.42,236.65642,-13.37768,7915.56,2369.0,2.08,1.91,-49.4,-0.469,19.47,20.6,03a60361o0763o
60361.112273,18.927,0.119,98,12,o,0,2.24,236.65642,-13.37768,7970.59,2447.29,2.15,1.91,-53.6,-0.454,19.42,20.62,03a60361o0777o
60361.12334,18.967,0.12,94,11,o,0,2.0,236.65642,-13.37768,7995.29,2329.87,2.14,1.97,-53.4,-0.458,19.43,20.63,03a60361o0800o
60363.330218,18.672,0.239,123,30,o,0,1.23,236.65642,-13.37768,8686.17,7970.2,2.38,2.19,-12.2,-0.393,18.51,19.2,04a60363o0500o
60363.333843,18.827,0.26,107,28,o,0,1.24,236.65642,-13.37768,8666.68,7931.98,2.36,2.22,-4.2,-0.399,18.53,19.24,04a60363o0508o
60363.339339,18.608,0.233,131,30,o,0,1.05,236.65642,-13.37768,8728.01,8009.48,2.32,2.19,0.7,-0.404,18.56,19.27,04a60363o0520o
60363.349774,18.333,0.165,168,28,o,0,1.33,236.65642,-13.37768,8748.94,7893.41,2.6,2.32,-2.9,-0.375,18.52,19.37,04a60363o0543o
60364.54579,18.723,0.284,118,33,o,0,1.36,236.65642,-13.37768,4812.01,6651.99,2.9,2.04,34.7,-0.394,18.29,18.64,02a60364o0716o
60364.549187,-18.01,1.603,-227,364,o,0,1.67,236.65642,-13.37768,4833.31,6690.79,2.62,2.01,29.2,-0.405,16.52,17.08,02a60364o0721o
60364.554623,18.286,0.254,176,45,o,0,2.07,236.65642,-13.37768,4775.17,6612.84,2.52,2.01,36.5,-0.428,18.11,18.57,02a60364o0733o
60364.564659,18.39,0.177,160,28,o,0,1.53,236.65642,-13.37768,4757.37,6728.73,2.56,1.93,36.2,-0.42,18.53,18.88,02a60364o0755o
60366.317498,18.759,0.239,114,27,o,0,1.35,236.65642,-13.37768,2452.33,7806.26,2.14,1.82,-72.7,-0.432,18.64,19.11,04a60366o0674o
60366.320678,18.699,0.181,120,22,o,0,1.47,236.65642,-13.37768,2432.59,7767.61,2.14,1.79,-76.2,-0.438,18.72,19.19,04a60366o0681o
60366.3234,18.697,0.187,121,22,o,0,1.4,236.65642,-13.37768,2492.41,7845.33,2.07,1.78,-73.8,-0.437,18.75,19.19,04a60366o0687o
60366.348595,18.206,0.124,189,24,o,0,1.62,236.65642,-13.37768,2519.8,7728.62,2.12,1.81,-67.4,-0.422,18.76,19.35,04a60366o0738o
60368.576614,18.348,0.123,166,20,o,0,1.67,236.65642,-13.37768,623.23,6391.49,2.34,2.14,-2.8,-0.395,18.65,19.1,02a60368o0630o
60368.578421,18.488,0.156,146,23,o,0,1.42,236.65642,-13.37768,642.98,6430.02,2.12,2.02,-8.5,-0.403,18.66,19.14,02a60368o0634o
60368.581652,18.361,0.161,164,26,o,0,1.15,236.65642,-13.37768,586.36,6352.52,2.18,2.06,-0.1,-0.396,18.67,19.13,02a60368o0641o
60368.591542,18.694,0.293,121,35,o,0,1.27,236.65642,-13.37768,564.87,6469.73,2.1,1.97,5.9,-0.404,18.28,18.63,02a60368o0661o
60369.05708,18.329,0.151,169,26,o,0,1.55,236.65642,-13.37768,9918.99,4265.64,2.24,2.06,-51.6,-0.395,18.45,18.62,03a60369o0678o
60369.059867,18.744,0.295,115,34,o,0,1.12,236.65642,-13.37768,9899.94,4227.17,2.48,2.22,-1.1,-0.398,18.37,18.65,03a60369o0684o
60369.065402,18.49,0.203,146,30,o,0,1.11,236.65642,-13.37768,9956.17,4304.38,2.65,2.28,-18.0,-0.361,18.35,18.67,03a60369o0696o
60369.07947,19.039,0.349,88,31,o,0,1.47,236.65642,-13.37768,9977.2,4188.89,2.85,2.33,-65.8,-0.371,18.34,18.73,03a60369o0726o
60377.32516,18.705,0.12,120,14,o,0,1.48,236.65642,-13.37768,4956.95,5494.71,2.02,1.86,-36.1,-0.442,19.29,20.57,04a60377o0467o
60377.327875,18.682,0.115,122,14,o,0,1.27,236.65642,-13.37768,4936.89,5457.76,2.16,1.96,-41.8,-0.477,19.27,20.59,04a60377o0473o
60377.331515,18.765,0.127,113,14,o,0,1.33,236.65642,-13.37768,4997.62,5535.95,2.09,1.92,-39.1,-0.457,19.29,20.6,04a60377o0481o
60378.196964,18.879,0.157,102,16,o,0,1.36,236.65642,-13.37768,8579.28,6016.14,2.64,2.24,-22.5,-0.368,19.0,20.2,04a60378o0444o
60378.201164,18.406,0.108,158,17,o,0,1.25,236.65642,-13.37768,8554.92,5979.82,2.39,2.14,-24.5,-0.397,19.04,20.21,04a60378o0453o
60378.207696,18.595,0.116,132,15,o,0,1.41,236.65642,-13.37768,8612.6,6057.39,2.33,2.16,-36.6,-0.413,19.07,20.27,04a60378o0467o
60378.218682,18.719,0.152,118,18,o,0,1.02,236.65642,-13.37768,8625.32,5943.85,2.23,1.97,-26.4,-0.443,19.16,20.3,04a60378o0491o
60378.943378,19.309,0.172,69,12,c,0,2.07,236.65642,-13.37768,8507.65,6085.98,3.03,2.44,-55.8,-0.37,19.19,20.89,03a60379o0438c
60378.946701,19.326,0.189,68,13,c,0,1.47,236.65642,-13.37768,8487.3,6050.87,2.82,2.33,-53.4,-0.37,19.25,20.93,03a60379o0445c
60378.953695,19.417,0.198,62,12,c,0,1.34,236.65642,-13.37768,8543.91,6128.37,2.94,2.4,-53.8,-0.37,19.27,20.95,03a60379o0460c
60378.963885,19.181,0.13,77,10,c,0,1.68,236.65642,-13.37768,8563.13,6012.57,2.69,2.16,-55.3,-0.385,19.38,21.0,03a60379o0482c
60381.074906,19.091,0.119,84,10,c,0,1.53,236.65642,-13.37768,1897.64,4018.58,2.28,2.14,-61.8,-0.408,19.59,21.3,03a60381o0721c
60381.078099,20.014,0.228,36,8,c,0,1.85,236.65642,-13.37768,1879.4,3979.25,2.28,2.1,-51.3,-0.411,19.65,21.32,03a60381o0728c
60381.081272,19.466,0.17,59,10,c,0,1.56,236.65642,-13.37768,1934.64,4058.44,2.31,2.1,-55.9,-0.41,19.62,21.31,03a60381o0735c
60381.087181,19.716,0.214,47,10,c,0,1.58,236.65642,-13.37768,1957.34,3943.0,2.45,2.28,-55.1,-0.4,19.56,21.3,03a60381o0748c
60382.305527,19.861,0.316,41,13,o,0,1.49,236.65642,-13.37768,3823.76,4036.28,2.03,1.97,-35.7,-0.495,19.34,20.66,04a60382o0684o
60382.307335,19.504,0.232,57,13,o,0,1.58,236.65642,-13.37768,3804.53,3997.87,2.1,1.96,-25.7,-0.51,19.35,20.62,04a60382o0688o
60382.310057,20.459,0.577,24,14,o,0,1.31,236.65642,-13.37768,3864.82,4075.05,2.16,2.0,-43.7,-0.485,19.3,20.63,04a60382o0694o
60382.318088,19.67,0.311,49,15,o,0,1.19,236.65642,-13.37768,3887.14,3958.55,2.11,2.01,-37.7,-0.482,19.34,20.68,04a60382o0711o
60383.287364,20.322,0.528,27,14,o,0,1.73,236.65642,-13.37768,3819.18,4033.97,2.28,2.04,-33.7,-0.496,19.32,20.74,04a60383o0658o
60383.28918,20.627,0.651,20,13,o,0,1.42,236.65642,-13.37768,3800.21,3995.33,2.18,1.97,-42.8,-0.5,19.35,20.76,04a60383o0662o
60383.311387,19.334,0.182,67,12,o,0,1.45,236.65642,-13.37768,3867.77,4074.18,2.12,1.93,-31.4,-0.508,19.43,20.77,04a60383o0708o
60383.3159,20.036,0.375,35,13,o,0,1.46,236.65642,-13.37768,3888.9,3957.86,2.29,2.0,-36.0,-0.494,19.38,20.8,04a60383o0718o
60385.065324,19.207,0.144,75,11,c,0,1.48,236.65642,-13.37768,6631.21,8085.48,2.64,2.36,-58.0,-0.395,19.48,21.11,03a60385o0710c
60385.067147,19.332,0.168,67,11,c,0,0.98,236.65642,-13.37768,6612.54,8046.55,2.6,2.27,-54.3,-0.393,19.51,21.1,03a60385o0714c
60385.088852,19.688,0.194,48,9,c,0,1.42,236.65642,-13.37768,6673.37,8124.16,2.48,2.21,-53.4,-0.397,19.58,21.11,03a60385o0759c
60385.094329,19.761,0.228,45,10,c,0,1.32,236.65642,-13.37768,6695.71,8007.07,2.45,2.19,-54.6,-0.399,19.57,21.14,03a60385o0771c
60386.296207,19.393,0.236,64,15,o,0,1.36,236.65642,-13.37768,9833.47,2235.76,2.47,2.42,-43.8,-0.4,19.29,20.63,04a60386o0672o
60386.299384,21.035,1.062,14,15,o,0,1.57,236.65642,-13.37768,9817.52,2197.09,2.4,2.34,-88.9,-0.406,19.34,20.62,04a60386o0679o
60386.302562,19.241,0.192,73,14,o,0,1.64,236.65642,-13.37768,9876.16,2273.89,2.36,2.21,74.0,-0.42,19.35,20.61,04a60386o0686o
60386.308884,19.096,0.174,84,14,o,0,1.35,236.65642,-13.37768,9899.34,2157.37,2.3,2.29,48.8,-0.408,19.34,20.63,04a60386o0700o
60387.318698,19.72,0.374,47,18,o,0,1.49,236.65642,-13.37768,9843.37,2234.48,2.41,2.16,77.8,-0.46,19.24,20.47,04a60387o0734o
60387.320506,19.242,0.237,73,17,o,0,1.39,236.65642,-13.37768,9827.26,2195.98,2.44,2.29,82.1,-0.422,19.21,20.45,04a60387o0738o
60387.323679,19.349,0.27,66,18,o,0,1.12,236.65642,-13.37768,9886.27,2272.65,2.4,2.14,83.5,-0.459,19.23,20.44,04a60387o0745o
60387.329097,18.881,0.175,102,18,o,0,1.16,236.65642,-13.37768,9910.11,2155.24,2.45,2.37,86.1,-0.402,19.27,20.51,04a60387o0757o
60389.045807,19.644,0.24,50,12,c,0,1.14,236.65642,-13.37768,2279.26,5766.97,2.68,2.49,-52.1,-0.391,19.4,21.18,03a60389o0668c
60389.048979,20.453,1.241,24,30,c,0,0.89,236.65642,-13.37768,2260.87,5727.56,2.84,2.65,-44.3,-0.382,19.09,20.91,03a60389o0675c
60389.051739,20.385,0.496,26,13,c,0,1.05,236.65642,-13.37768,2316.4,5806.04,2.72,2.53,-43.7,-0.389,19.27,21.04,03a60389o0681c
60389.057388,19.92,0.339,39,13,c,0,1.57,236.65642,-13.37768,2339.55,5690.02,2.61,2.45,-53.5,-0.393,19.13,20.86,03a60389o0693c
60391.264823,18.532,0.165,140,23,o,0,1.54,236.65642,-13.37768,5613.49,1995.69,2.18,2.06,-43.4,-0.519,18.86,19.61,04a60391o0612o
60391.266633,19.712,0.477,47,23,o,0,1.12,236.65642,-13.37768,5594.09,1957.01,2.16,2.08,-57.9,-0.523,18.87,19.64,04a60391o0616o
60391.270711,18.965,0.244,94,23,o,0,1.11,236.65642,-13.37768,5651.8,2034.44,2.22,2.1,-35.7,-0.515,18.86,19.69,04a60391o0625o
60391.27614,18.832,0.224,106,24,o,0,1.0,236.65642,-13.37768,5672.75,1917.91,2.22,2.11,-52.8,-0.524,18.87,19.68,04a60391o0637o
60394.25279,19.072,0.422,85,36,o,0,0.85,236.65642,-13.37768,4680.93,6255.14,2.17,1.86,-49.0,-0.446,18.47,18.7,04a60394o0590o
60394.255049,18.567,0.245,136,33,o,0,0.87,236.65642,-13.37768,4663.91,6216.83,2.18,1.89,-43.5,-0.44,18.46,18.72,04a60394o0595o
60394.258232,18.861,0.31,104,32,o,0,0.98,236.65642,-13.37768,4721.32,6294.29,2.08,1.88,-50.5,-0.434,18.5,18.75,04a60394o0602o
60394.264117,18.814,0.295,108,32,o,0,1.26,236.65642,-13.37768,4742.39,6177.85,2.13,1.89,-46.0,-0.448,18.51,18.81,04a60394o0615o
60395.023168,20.426,1.089,24,27,o,0,1.34,236.65642,-13.37768,4626.09,6214.8,2.3,2.08,-51.1,-0.389,18.47,18.69,03a60395o0497o
60395.024994,18.784,0.249,111,28,o,0,1.4,236.65642,-13.37768,4610.5,6175.8,2.24,2.02,-48.1,-0.395,18.51,18.7,03a60395o0501o
60395.028161,18.594,0.192,133,25,o,0,1.71,236.65642,-13.37768,4665.71,6253.56,2.2,2.02,-48.1,-0.389,18.51,18.68,03a60395o0508o
60395.040692,19.298,0.37,69,26,o,0,1.08,236.65642,-13.37768,4690.48,6136.09,2.2,1.96,-48.6,-0.403,18.49,18.69,03a60395o0533o
60401.356304,19.425,0.28,62,17,o,0,1.49,236.65642,-13.37768,5818.56,462.19,2.16,2.01,-11.7,-0.447,19.03,19.85,04a60401o0570o
60401.359554,19.509,0.318,57,18,o,0,1.85,236.65642,-13.37768,5838.07,499.82,2.38,2.1,5.5,-0.436,18.9,19.62,04a60401o0577o
60401.365017,19.714,0.416,47,20,o,0,1.6,236.65642,-13.37768,5780.67,414.87,2.32,2.05,-7.8,-0.442,18.9,19.62,04a60401o0589o
60401.393484,19.087,0.26,84,22,o,0,1.25,236.65642,-13.37768,5767.49,512.64,2.07,2.01,-51.4,-0.459,18.87,19.44,04a60401o0639o
60401.414611,19.098,0.269,83,22,o,0,1.07,236.65642,-13.37768,5807.87,443.32,2.15,2.05,-32.2,-0.447,18.83,19.36,04a60401o0681o
60402.97483,19.064,0.133,86,12,o,0,1.05,236.65642,-13.37768,3822.69,3979.37,3.18,3.04,-37.5,-0.394,19.52,20.25,03a60403o0203o
60402.981762,19.362,0.124,65,8,o,0,2.3,236.65642,-13.37768,3805.15,3939.4,2.55,2.41,-56.0,-0.4,19.8,20.25,03a60403o0208o
60402.988667,19.149,0.105,80,8,o,0,1.72,236.65642,-13.37768,3862.99,4017.22,2.79,2.68,-50.0,-0.406,19.76,20.4,03a60403o0213o
60417.058448,21.879,2.349,6,15,o,0,1.03,236.65642,-13.37768,8185.39,2907.01,2.48,2.19,-37.4,-0.408,19.26,20.6,03a60417o0443o
60417.061611,-16.616,0.395,-820,323,o,0,0.23,236.65642,-13.37768,8204.83,2946.8,2.33,2.07,-50.5,-0.425,19.33,20.62,03a60417o0450o
60417.06805,21.751,1.796,7,13,o,0,1.95,236.65642,-13.37768,8147.56,2869.35,2.3,2.06,-49.8,-0.432,19.35,20.64,03a60417o0464o
60417.080505,20.762,0.791,18,14,o,0,1.23,236.65642,-13.37768,8124.49,2987.28,2.26,2.01,-53.2,-0.436,19.34,20.55,03a60417o0491o
60418.255936,20.214,0.556,30,17,o,0,1.23,236.65642,-13.37768,9962.73,4172.74,2.44,2.23,-13.8,-0.436,19.28,20.49,04a60418o0596o
60418.25775,19.769,0.317,45,14,o,0,1.07,236.65642,-13.37768,9943.79,4134.89,2.41,2.2,-17.8,-0.434,19.29,20.5,04a60418o0600o
60418.260616,19.519,0.264,56,15,o,0,1.47,236.65642,-13.37768,10003.19,4211.64,2.36,2.14,-17.9,-0.453,19.3,20.54,04a60418o0606o
60418.286535,21.178,1.11,12,14,o,0,1.52,236.65642,-13.37768,10045.89,4091.08,2.61,2.32,-24.9,-0.404,19.25,20.63,04a60418o0661o
60419.048459,20.034,0.414,35,15,o,0,0.89,236.65642,-13.37768,618.03,6322.25,2.32,2.0,-64.0,-0.415,19.32,20.41,03a60419o0725o
60419.074298,-23.301,35.333,-2,61,o,0,1.03,236.65642,-13.37768,635.13,6363.59,2.53,2.13,-69.3,-0.404,17.71,18.7,03a60419o0777o
60419.103002,-19.025,0.812,-89,72,o,0,1.12,236.65642,-13.37768,579.99,6290.3,2.4,2.08,-63.4,-0.411,17.26,18.18,03a60419o0836o
60419.128125,19.512,0.752,57,43,o,0,1.08,236.65642,-13.37768,558.03,6410.02,2.66,2.44,-59.4,-0.398,18.12,19.2,03a60419o0888o
60419.998258,19.996,0.394,36,14,o,0,1.8,236.65642,-13.37768,6698.94,10030.01,2.39,1.99,-46.6,-0.42,19.2,19.99,03a60420o0628o
60420.001455,-22.761,5.364,-3,15,o,0,1.88,236.65642,-13.37768,6679.81,9990.03,2.37,1.99,-45.1,-0.418,19.21,20.0,03a60420o0635o
60420.004238,20.767,0.888,18,16,o,0,1.33,236.65642,-13.37768,6738.09,10069.2,2.41,2.01,-43.4,-0.415,19.22,20.0,03a60420o0641o
60420.024004,22.671,4.448,3,14,o,0,1.59,236.65642,-13.37768,3796.55,636.6,2.08,1.9,-54.4,-0.4,19.18,20.02,03a60420o0681o
60420.871475,20.228,0.891,29,26,o,0,1.18,236.65642,-13.37768,6706.61,10035.77,2.8,2.28,-45.5,-0.398,18.7,19.26,03a60421o0357o
60420.87421,20.382,1.023,26,26,o,0,1.12,236.65642,-13.37768,6686.43,9996.73,2.94,2.43,-44.7,-0.386,18.63,19.28,03a60421o0363o
60420.894714,19.821,0.509,43,22,o,0,1.41,236.65642,-13.37768,6741.21,10073.76,2.65,2.16,-47.9,-0.397,18.83,19.41,03a60421o0405o
60420.89925,19.545,0.39,55,22,o,0,1.18,236.65642,-13.37768,6759.7,9956.82,2.55,2.07,-48.6,-0.406,18.87,19.44,03a60421o0415o
60423.00093,19.65,0.652,50,33,o,0,1.76,236.65642,-13.37768,8671.81,9971.56,2.6,1.98,-40.9,-0.432,18.28,18.24,03a60423o0586o
60423.004134,22.775,14.278,3,40,o,0,1.12,236.65642,-13.37768,8653.73,9932.06,2.56,1.99,-43.0,-0.43,18.25,18.2,03a60423o0593o
60423.039593,19.115,0.986,82,81,o,0,1.77,236.65642,-13.37768,1854.08,580.09,2.21,1.99,-57.4,-0.445,17.61,17.33,03a60423o0669o
60423.068195,18.77,0.439,113,50,o,0,1.42,236.65642,-13.37768,1831.99,699.98,2.19,1.9,-48.4,-0.439,17.94,17.93,03a60423o0730o
60428.518983,20.165,0.782,31,24,o,0,1.49,236.65642,-13.37768,8454.1,6017.87,2.27,2.02,49.0,-0.437,18.71,19.07,02a60428o0619o
60428.522357,19.64,0.464,51,24,o,0,1.14,236.65642,-13.37768,8437.71,5983.54,2.37,2.14,53.4,-0.426,18.7,19.08,02a60428o0625o
60428.557903,-20.648,1.142,-20,23,o,0,1.17,236.65642,-13.37768,8509.88,6064.6,2.19,2.04,77.9,-0.442,18.72,19.17,02a60428o0698o
60428.586411,-21.671,3.066,-8,24,o,0,0.79,236.65642,-13.37768,8541.5,5950.36,2.18,2.06,71.0,-0.434,18.7,19.04,02a60428o0755o
60429.049791,20.767,1.014,18,18,o,0,1.3,236.65642,-13.37768,2054.85,4512.77,2.29,1.99,-59.2,-0.408,18.95,19.66,03a60429o0592o
60429.053476,-21.574,1.929,-8,16,o,0,1.9,236.65642,-13.37768,2073.76,4552.62,2.28,1.97,-60.7,-0.413,18.98,19.65,03a60429o0600o
60429.059457,20.113,0.563,33,18,o,0,1.09,236.65642,-13.37768,2015.66,4474.39,2.4,2.01,-64.1,-0.401,18.95,19.62,03a60429o0613o
60429.070491,20.548,0.881,22,19,o,0,1.24,236.65642,-13.37768,1993.65,4591.29,2.5,2.07,-62.9,-0.398,18.8,19.44,03a60429o0637o
60432.954825,-18.594,0.173,-133,23,c,0,0.82,236.65642,-13.37768,3823.75,3970.1,2.36,2.2,-51.2,-0.402,19.07,20.82,03a60433o0568c
60432.957117,-23.088,4.5,-2,10,c,0,1.55,236.65642,-13.37768,3804.78,3930.79,2.4,2.23,-50.6,-0.4,19.53,21.27,03a60433o0573c
60432.969396,23.172,5.538,2,11,c,0,0.97,236.65642,-13.37768,3865.5,4008.12,2.46,2.23,-54.3,-0.394,19.53,21.28,03a60433o0598c
60432.980943,21.076,0.971,14,13,c,0,1.17,236.65642,-13.37768,3888.98,3891.17,2.72,2.52,-61.0,-0.381,19.29,21.12,03a60433o0622c
60434.200273,20.663,0.85,20,17,o,0,0.91,236.65642,-13.37768,6760.36,8084.16,2.39,2.09,-63.4,-0.425,19.17,20.49,04a60434o0544o
60434.203447,22.811,5.722,3,16,o,0,1.59,236.65642,-13.37768,6742.64,8045.64,2.41,2.11,-62.9,-0.424,19.2,20.44,04a60434o0551o
60434.206308,-21.705,1.887,-8,14,o,0,1.56,236.65642,-13.37768,6803.34,8123.14,2.35,2.1,-53.4,-0.401,19.22,20.43,04a60434o0557o
60434.231826,-20.176,0.504,-31,16,o,0,1.3,236.65642,-13.37768,6843.14,8003.27,2.35,2.01,-54.0,-0.416,19.21,20.49,04a60434o0609o
60436.489854,21.758,2.292,7,16,o,0,1.05,236.65642,-13.37768,9761.99,2217.04,2.15,1.7,-56.1,-0.504,19.2,20.01,02a60436o0551o
60436.508319,-20.453,0.653,-24,16,o,0,1.37,236.65642,-13.37768,9747.26,2179.86,2.22,1.67,-53.6,-0.502,19.27,20.1,02a60436o0589o
60436.511482,21.443,1.558,10,15,o,0,1.72,236.65642,-13.37768,9806.09,2257.81,2.21,1.67,-56.2,-0.506,19.19,20.03,02a60436o0596o
60436.53974,-21.703,2.681,-8,20,o,0,1.55,236.65642,-13.37768,9837.65,2144.35,2.34,1.7,-55.1,-0.508,18.89,19.68,02a60436o0657o
60436.914153,21.781,1.48,7,10,c,0,1.12,236.65642,-13.37768,9860.04,2325.37,2.49,2.12,-57.4,-0.378,19.48,21.15,03a60437o0484c
60436.937234,20.015,0.34,36,12,c,0,0.9,236.65642,-13.37768,9849.06,2286.74,2.49,2.2,-48.7,-0.382,19.47,21.12,03a60437o0534c
60436.965529,20.155,0.315,32,10,c,0,1.89,236.65642,-13.37768,9909.97,2365.57,2.69,2.44,-28.7,-0.356,19.35,21.03,03a60437o0595c
60436.970234,-24.786,27.667,0,12,c,0,1.09,236.65642,-13.37768,9935.26,2247.38,2.5,2.23,-33.4,-0.376,19.44,21.02,03a60437o0605c
60438.976076,22.752,3.318,3,10,c,0,0.98,236.65642,-13.37768,8273.75,4835.27,2.32,2.11,-53.0,-0.412,19.6,21.24,03a60439o0605c
60438.979297,21.642,1.016,8,8,c,0,1.71,236.65642,-13.37768,8292.08,4875.28,2.33,2.1,-49.9,-0.409,19.61,21.23,03a60439o0612c
60439.015472,22.437,2.786,4,11,c,0,1.48,236.65642,-13.37768,8234.09,4804.99,2.36,2.17,-55.9,-0.407,19.52,21.07,03a60439o0686c
60439.026331,20.144,0.391,32,12,c,0,1.02,236.65642,-13.37768,8211.71,4919.37,2.37,2.15,-57.9,-0.404,19.5,21.06,03a60439o0708c
60442.214725,21.495,1.259,9,12,o,0,1.86,236.65642,-13.37768,8108.06,878.67,2.54,2.31,-30.2,-0.373,19.36,20.7,04a60442o0582o
60442.217924,-21.049,0.761,-14,10,o,0,1.91,236.65642,-13.37768,8129.79,913.76,2.54,2.26,-31.9,-0.385,19.4,20.69,04a60442o0589o
60442.252575,20.165,0.422,31,13,o,0,1.25,236.65642,-13.37768,8088.44,803.21,2.64,2.31,-32.5,-0.363,19.26,20.57,04a60442o0662o
60442.259801,20.744,0.826,18,15,o,0,1.1,236.65642,-13.37768,8068.87,913.38,2.59,2.29,-32.9,-0.372,19.24,20.55,04a60442o0678o
60442.976125,-21.447,1.143,-10,11,c,0,1.53,236.65642,-13.37768,8109.79,957.73,2.57,2.31,-46.8,-0.394,19.47,21.07,03a60443o0604c
60442.979318,22.362,2.704,4,11,c,0,1.32,236.65642,-13.37768,8128.49,998.2,2.67,2.25,-55.8,-0.388,19.44,21.06,03a60443o0611c
60443.007428,21.119,0.905,13,12,c,0,1.52,236.65642,-13.37768,8071.57,922.89,2.82,2.46,-54.8,-0.375,19.32,20.95,03a60443o0670c
60443.013401,-20.902,0.819,-16,13,c,0,1.06,236.65642,-13.37768,8049.9,1040.79,2.76,2.4,-54.7,-0.381,19.3,20.96,03a60443o0683c
60443.954675,20.823,0.579,17,10,c,0,1.3,236.65642,-13.37768,5927.7,4389.26,2.43,2.27,-42.7,-0.391,19.52,21.18,03a60444o0561c
60443.957961,-20.643,0.48,-20,10,c,0,1.5,236.65642,-13.37768,5943.34,4429.54,2.36,2.17,-48.3,-0.402,19.57,21.18,03a60444o0568c
60443.98885,22.727,3.714,3,11,c,0,1.13,236.65642,-13.37768,5885.6,4357.87,2.42,2.28,-48.2,-0.39,19.49,21.08,03a60444o0632c
60443.994397,-21.417,1.047,-10,10,c,0,1.49,236.65642,-13.37768,5864.56,4473.94,2.54,2.33,-29.6,-0.387,19.44,21.17,03a60444o0644c
60444.990014,21.724,1.327,7,10,c,0,1.73,236.65642,-13.37768,5929.74,4398.91,2.49,2.27,-63.5,-0.383,19.41,20.93,03a60445o0636c
60444.993689,21.843,1.565,7,10,c,0,1.68,236.65642,-13.37768,5945.79,4438.55,2.5,2.28,-50.9,-0.39,19.38,20.92,03a60445o0644c
60445.016894,-21.268,0.841,-11,10,c,0,1.64,236.65642,-13.37768,5889.44,4362.41,2.45,2.2,-53.4,-0.388,19.39,20.86,03a60445o0692c
60445.045474,22.615,3.55,3,12,c,0,1.19,236.65642,-13.37768,5864.85,4479.15,2.61,2.43,-24.5,-0.38,19.28,20.77,03a60445o0752c
60447.996609,-18.919,0.757,-98,74,o,0,2.28,236.65642,-13.37768,2567.03,6257.87,2.19,1.92,-58.0,-0.408,17.36,18.0,03a60448o0650o
60448.00632,20.242,1.654,29,48,o,0,1.01,236.65642,-13.37768,2586.63,6298.39,2.26,2.0,-48.6,-0.423,17.99,18.86,03a60448o0670o
60448.009784,-18.739,0.758,-116,88,o,0,1.14,236.65642,-13.37768,2529.86,6220.82,2.25,1.95,-55.0,-0.404,17.11,17.93,03a60448o0677o
60448.015188,-19.826,2.271,-43,97,o,0,1.15,236.65642,-13.37768,2506.72,6337.29,2.35,2.01,-56.6,-0.4,17.12,18.01,03a60448o0686o
60448.895379,20.272,0.682,28,19,o,0,1.31,236.65642,-13.37768,7974.06,4339.63,2.24,2.07,-55.0,-0.459,18.95,19.66,03a60449o0450o
60448.897221,-23.206,10.714,-2,20,o,0,1.14,236.65642,-13.37768,7955.87,4300.38,2.31,2.06,-51.9,-0.447,18.94,19.66,03a60449o0454o
60448.89999,20.272,0.627,28,18,o,0,1.21,236.65642,-13.37768,8014.56,4377.6,2.3,2.11,-51.9,-0.453,18.93,19.67,03a60449o0459o
60448.906004,21.185,1.505,12,18,o,0,1.33,236.65642,-13.37768,8037.66,4263.03,2.2,2.02,-53.5,-0.459,18.99,19.68,03a60449o0472o
60450.13852,-17.248,0.565,-458,259,o,0,1.47,236.65642,-13.37768,4905.62,10137.45,1.91,1.71,-43.4,-0.51,16.62,17.35,04a60450o0419o
60450.140348,-19.336,2.017,-67,135,o,0,1.06,236.65642,-13.37768,4886.3,10097.9,2.04,1.74,-46.8,-0.455,16.87,16.78,04a60450o0423o
60450.155453,-17.454,1.835,-379,695,o,0,1.02,236.65642,-13.37768,4955.14,10175.82,2.1,1.8,-57.0,-0.441,14.93,14.39,04a60450o0451o
60456.005885,-21.014,1.939,-14,28,o,0,0.93,236.65642,-13.37768,3997.77,4459.33,2.52,2.19,-55.6,-0.386,18.44,18.86,03a60456o0680o
60456.009105,18.996,0.32,92,29,o,0,1.02,236.65642,-13.37768,4017.19,4499.0,2.54,2.16,-54.4,-0.386,18.45,18.81,03a60456o0687o
60456.015591,21.333,2.5,11,27,o,0,1.09,236.65642,-13.37768,3958.34,4420.56,2.41,2.13,-54.0,-0.385,18.48,18.81,03a60456o0701o
60456.045819,20.655,1.532,20,30,o,0,1.02,236.65642,-13.37768,3940.83,4539.04,2.21,2.06,-55.1,-0.422,18.51,18.7,03a60456o0761o
60456.963098,20.094,0.546,33,18,o,0,1.5,236.65642,-13.37768,3999.45,4457.36,2.14,1.93,-53.2,-0.433,19.03,19.72,03a60457o0605o
60456.966305,-21.274,1.629,-11,18,o,0,1.14,236.65642,-13.37768,4017.85,4496.82,2.18,1.94,-55.6,-0.428,19.02,19.7,03a60457o0612o
60456.972541,21.268,1.752,11,20,o,0,0.89,236.65642,-13.37768,3958.8,4418.52,2.12,1.92,-54.3,-0.431,19.02,19.7,03a60457o0625o
60456.984248,21.622,2.338,8,19,o,0,1.68,236.65642,-13.37768,3940.68,4535.46,2.13,1.88,-58.3,-0.433,19.0,19.62,03a60457o0650o
60458.212549,-20.218,0.56,-30,17,o,0,1.83,236.65642,-13.37768,8923.43,8408.73,2.27,1.98,-8.0,-0.407,19.1,20.1,04a60458o0592o
60458.215732,21.267,1.761,11,20,o,0,0.95,236.65642,-13.37768,8942.85,8445.44,2.22,2.02,-10.8,-0.413,19.11,20.09,04a60458o0599o
60458.223532,22.179,3.541,5,17,o,0,1.32,236.65642,-13.37768,8884.85,8361.77,2.34,1.98,-18.4,-0.416,19.07,20.09,04a60458o0616o
60458.247987,19.662,0.385,50,19,o,0,1.44,236.65642,-13.37768,8869.12,8466.28,2.33,1.93,-7.9,-0.423,19.06,19.95,04a60458o0669o
60458.412575,-17.313,0.323,-431,139,o,0,0.79,236.65642,-13.37768,8906.61,8420.02,2.6,2.48,-59.1,-0.455,17.31,17.86,01a60458o0368o
60458.415806,-20.173,1.47,-31,46,o,0,1.31,236.65642,-13.37768,8924.73,8458.33,2.57,2.55,87.0,-0.453,17.96,18.55,01a60458o0375o
60458.421008,-19.815,1.23,-43,53,o,0,1.22,236.65642,-13.37768,8860.1,8378.43,2.61,2.49,-52.0,-0.452,17.8,18.39,01a60458o0386o
60458.430956,-23.046,13.9,-2,30,o,0,3.94,236.65642,-13.37768,8836.7,8491.88,2.66,2.62,-49.8,-0.447,18.39,19.0,01a60458o0406o
60459.933449,19.987,5.938,37,218,o,0,1.32,236.65642,-13.37768,2613.89,8191.85,3.36,2.93,-33.9,-0.394,16.31,17.55,03a60460o0529o
60459.936721,-17.61,0.288,-328,94,o,0,1.3,236.65642,-13.37768,2632.51,8231.08,3.02,2.63,-28.7,-0.386,17.01,18.16,03a60460o0536o
60459.945775,18.755,0.365,114,42,o,0,1.02,236.65642,-13.37768,2578.05,8154.58,2.95,2.69,-32.9,-0.365,18.21,19.42,03a60460o0555o
