MJD,m,dm,uJy,duJy,F,err,chi/N,RA,Dec,x,y,maj,min,phi,apfit,mag5sig,Sky,Obs
60310.508164,-20.488,0.871,-23,20,o,0,0.86,149.69247,30.65492,9574.58,4050.39,2.17,1.89,-56.9,-0.451,19.04,19.54,02a60310o0675o
60310.51099,-24.776,38.25,0,17,o,0,1.15,149.69247,30.65492,9596.95,4090.55,2.15,1.92,-55.5,-0.453,19.03,19.54,02a60310o0681o
60310.514606,20.283,0.688,28,19,o,0,1.33,149.69247,30.65492,9541.85,4014.84,2.22,2.03,-51.1,-0.437,19.0,19.53,02a60310o0689o
60310.537267,21.315,1.547,11,17,o,0,1.04,149.69247,30.65492,9545.97,4135.57,2.18,1.95,-56.7,-0.45,19.03,19.59,02a60310o0734o
60310.5419,-22.042,3.649,-6,20,o,0,0.79,149.69247,30.65492,9916.28,6071.32,2.73,2.68,-51.7,-0.414,18.89,19.59,01a60310o0729o
60310.577578,21.913,2.531,6,16,o,0,1.11,149.69247,30.65492,642.71,4031.34,2.7,2.43,53.6,-0.36,18.98,19.63,01a60310o0795o
60310.60638,22.345,4.615,4,19,o,0,1.17,149.69247,30.65492,597.99,3946.9,3.14,2.75,45.7,-0.317,18.86,19.62,01a60310o0848o
60310.613213,-21.641,2.382,-8,19,o,0,0.93,149.69247,30.65492,580.52,4061.69,2.97,2.61,48.0,-0.329,18.85,19.62,01a60310o0860o
60311.45493,20.804,1.0,17,17,o,0,1.11,149.69247,30.65492,55.05,6042.41,3.18,2.75,45.8,-0.322,18.89,19.72,01a60311o0443o
60311.457753,-22.002,2.943,-6,17,o,0,1.5,149.69247,30.65492,35.02,6005.21,3.12,2.77,49.0,-0.33,18.89,19.74,01a60311o0449o
60311.460524,-20.108,0.484,-33,16,o,0,1.45,149.69247,30.65492,89.97,6079.11,2.64,2.5,59.2,-0.39,19.01,19.75,01a60311o0455o
60311.468436,-21.472,1.653,-9,16,o,0,1.27,149.69247,30.65492,112.0,5963.22,2.59,2.46,61.0,-0.399,19.07,19.81,01a60311o0472o
60311.475858,21.649,1.917,8,15,o,0,1.59,149.69247,30.65492,9914.34,6076.09,2.54,2.48,-57.9,-0.433,19.06,19.79,01a60311o0488o
60311.478168,-21.089,1.41,-13,19,o,0,0.95,149.69247,30.65492,9893.98,6035.48,2.56,2.47,-51.4,-0.431,19.04,19.78,01a60311o0493o
60311.502243,20.809,1.041,17,18,o,0,0.92,149.69247,30.65492,9953.74,6110.84,2.59,2.57,88.8,-0.428,19.0,19.77,01a60311o0540o
60311.518699,20.807,0.82,17,14,o,0,1.39,149.69247,30.65492,9976.1,5992.98,2.54,2.49,42.1,-0.426,19.12,19.9,01a60311o0575o
60312.521527,20.364,0.484,26,13,o,0,1.09,149.69247,30.65492,2487.29,1442.97,2.73,2.48,50.7,-0.436,19.4,20.63,01a60312o0686o
60312.524496,-21.655,1.569,-8,12,o,0,0.93,149.69247,30.65492,2467.67,1404.17,2.66,2.44,54.2,-0.438,19.41,20.65,01a60312o0692o
60312.527464,-22.954,5.111,-2,12,o,0,0.85,149.69247,30.65492,2525.44,1482.15,2.65,2.4,50.1,-0.439,19.42,20.66,01a60312o0698o
60313.487022,20.405,1.223,25,31,o,0,1.5,149.69247,30.65492,7145.05,8638.82,2.3,2.01,43.2,-0.446,18.33,18.96,02a60313o0638o
60313.497114,20.59,2.656,21,56,o,0,1.42,149.69247,30.65492,7167.76,8678.77,2.29,2.04,37.3,-0.472,17.91,18.46,02a60313o0657o
60313.499826,-22.71,48.2,-3,144,o,0,1.13,149.69247,30.65492,7114.51,8600.73,2.28,2.01,41.5,-0.438,17.08,17.5,02a60313o0663o
60313.50709,-18.792,0.518,-110,57,o,0,0.94,149.69247,30.65492,7103.59,8718.2,2.34,2.03,39.3,-0.467,18.1,18.71,02a60313o0677o
60314.455008,22.025,2.744,6,15,o,0,1.0,149.69247,30.65492,1500.18,2678.65,2.31,1.91,37.3,-0.445,19.18,20.31,02a60314o0538o
60314.458185,-22.103,2.619,-5,14,o,0,1.1,149.69247,30.65492,1525.6,2719.75,2.21,1.94,26.4,-0.446,19.25,20.44,02a60314o0545o
60314.490614,-21.331,1.122,-11,12,o,0,1.11,149.69247,30.65492,1476.96,2645.43,2.48,2.17,33.9,-0.443,19.25,20.52,02a60314o0612o
60314.496101,21.162,0.978,12,12,o,0,1.16,149.69247,30.65492,1460.77,2761.48,2.38,2.13,30.7,-0.435,19.31,20.47,02a60314o0624o
60315.51684,21.204,0.8,12,10,o,0,1.41,149.69247,30.65492,9516.02,8063.46,2.87,2.8,66.0,-0.413,19.5,21.09,01a60315o0518o
60315.518686,20.923,0.741,16,12,o,0,1.0,149.69247,30.65492,9496.55,8023.77,3.01,2.92,72.9,-0.41,19.46,21.12,01a60315o0522o
60315.52156,20.342,0.469,26,12,o,0,1.02,149.69247,30.65492,9554.31,8103.2,2.97,2.92,57.8,-0.415,19.46,21.12,01a60315o0528o
60315.533521,22.595,2.81,3,9,o,0,1.21,149.69247,30.65492,9577.08,7987.32,2.79,2.73,45.9,-0.426,19.52,21.09,01a60315o0552o
60316.513084,21.757,1.487,7,11,o,0,1.47,149.69247,30.65492,8149.24,1721.46,3.0,2.98,-51.5,-0.421,19.41,21.07,01a60316o0647o
60316.514931,22.135,1.659,5,8,o,0,1.09,149.69247,30.65492,8132.16,1682.63,2.36,2.28,30.1,-0.464,19.66,21.07,01a60316o0651o
60316.517702,20.357,0.388,26,10,o,0,0.91,149.69247,30.65492,8189.44,1761.88,2.42,2.37,20.7,-0.458,19.64,21.06,01a60316o0657o
60316.543364,21.103,0.827,13,11,o,0,1.18,149.69247,30.65492,8210.66,1646.61,2.85,2.78,13.1,-0.423,19.47,21.05,01a60316o0708o
60317.530234,21.218,1.286,12,15,o,0,1.11,149.69247,30.65492,2915.02,9025.56,2.38,2.22,33.7,-0.41,19.17,20.62,02a60317o0558o
60317.532043,-20.098,0.588,-33,20,o,0,1.54,149.69247,30.65492,2932.84,9065.0,2.26,2.07,32.2,-0.416,18.91,20.25,02a60317o0562o
60317.535207,21.249,1.85,12,21,o,0,1.25,149.69247,30.65492,2876.16,8986.18,2.6,2.44,26.6,-0.405,18.68,20.18,02a60317o0569o
60317.540631,20.119,1.927,33,63,o,0,1.53,149.69247,30.65492,2858.17,9104.39,2.53,2.35,30.1,-0.404,17.91,19.34,02a60317o0581o
60320.490533,-22.874,4.353,-3,11,o,0,0.96,149.69247,30.65492,7786.88,3791.37,2.93,2.64,29.9,-0.376,19.37,20.73,01a60320o0569o
60320.496872,21.187,1.123,12,14,o,0,0.86,149.69247,30.65492,7761.4,3751.21,3.14,2.77,23.9,-0.36,19.32,20.73,01a60320o0582o
60320.501046,20.391,0.462,25,12,o,0,1.18,149.69247,30.65492,7817.33,3829.09,3.06,2.72,26.1,-0.366,19.34,20.74,01a60320o0590o
60320.524364,22.329,2.393,4,10,o,0,1.34,149.69247,30.65492,7816.22,3712.38,2.93,2.67,30.8,-0.37,19.37,20.73,01a60320o0634o
60323.515197,22.531,2.333,4,8,o,0,1.47,149.69247,30.65492,9729.39,3729.4,2.5,2.35,10.8,-0.393,19.6,21.0,01a60323o0667o
60323.517048,21.237,0.806,12,9,o,0,1.11,149.69247,30.65492,9707.02,3690.08,2.53,2.35,12.4,-0.397,19.58,21.01,01a60323o0671o
60323.51982,-20.812,0.49,-17,8,o,0,1.27,149.69247,30.65492,9764.29,3769.11,2.52,2.37,8.3,-0.394,19.58,21.02,01a60323o0677o
60323.540704,-21.572,1.136,-8,10,o,0,1.36,149.69247,30.65492,757.41,6952.1,2.69,2.39,52.2,-0.402,19.61,21.09,01a60323o0719o
60324.428899,20.309,0.401,27,11,o,0,1.43,149.69247,30.65492,5776.56,1629.69,3.02,2.61,33.6,-0.357,19.35,20.76,01a60324o0494o
60324.432134,-21.322,0.851,-11,9,o,0,1.31,149.69247,30.65492,5752.35,1588.52,2.41,2.25,41.0,-0.433,19.54,20.77,01a60324o0501o
60324.437243,20.529,0.524,22,12,o,0,1.02,149.69247,30.65492,5809.18,1667.68,2.49,2.31,41.3,-0.425,19.54,20.73,01a60324o0512o
60324.442368,21.596,1.229,8,10,o,0,1.3,149.69247,30.65492,5827.14,1551.22,2.48,2.29,42.4,-0.429,19.49,20.73,01a60324o0523o
60327.439677,21.967,1.739,6,10,o,0,0.95,149.69247,30.65492,7146.55,6005.15,2.72,2.42,40.5,-0.37,19.44,20.63,01a60327o0507o
60327.441528,21.404,1.107,10,11,o,0,1.01,149.69247,30.65492,7126.23,5965.73,2.77,2.44,38.1,-0.369,19.44,20.66,01a60327o0511o
60327.444763,21.751,1.482,7,11,o,0,1.3,149.69247,30.65492,7181.46,6043.92,2.75,2.41,39.7,-0.365,19.46,20.7,01a60327o0518o
60327.451641,-21.072,0.679,-14,9,o,0,1.17,149.69247,30.65492,7198.38,5927.33,2.73,2.4,41.8,-0.37,19.55,20.79,01a60327o0531o
60328.474581,25.199,44.5,0,13,o,0,0.89,149.69247,30.65492,1311.57,10008.82,2.8,2.57,83.9,-0.438,19.39,20.68,01a60328o0530o
60328.476431,26.008,83.0,0,12,o,0,1.4,149.69247,30.65492,1290.11,9970.51,2.71,2.54,84.8,-0.439,19.43,20.7,01a60328o0534o
60328.479201,20.877,0.784,16,13,o,0,1.09,149.69247,30.65492,1344.52,10048.44,2.76,2.55,83.0,-0.431,19.43,20.72,01a60328o0540o
60328.501931,-21.049,0.806,-14,11,o,0,1.13,149.69247,30.65492,1345.42,9933.48,2.81,2.56,84.2,-0.428,19.5,20.98,01a60328o0584o
60329.444779,23.42,10.333,2,16,o,0,1.1,149.69247,30.65492,9294.38,542.78,2.03,1.41,-63.0,-0.521,19.37,20.25,02a60329o0494o
60329.446588,0.0,20.971,0,15,o,0,0.75,149.69247,30.65492,9315.95,580.42,1.98,1.41,-62.9,-0.526,19.37,20.26,02a60329o0498o
60329.45116,-24.021,14.727,-1,13,o,0,1.03,149.69247,30.65492,9258.68,504.38,1.99,1.4,-62.4,-0.51,19.36,20.28,02a60329o0508o
60329.456587,-21.712,1.966,-8,15,o,0,1.06,149.69247,30.65492,9241.4,623.33,2.02,1.45,-63.0,-0.523,19.37,20.29,02a60329o0520o
60330.450181,-21.362,1.521,-10,16,o,0,0.9,149.69247,30.65492,5357.98,2536.87,2.08,1.92,46.5,-0.446,19.22,19.96,02a60330o0507o
60330.451878,-22.67,4.69,-3,15,o,0,0.9,149.69247,30.65492,5378.58,2575.76,2.08,1.91,49.1,-0.446,19.21,19.97,02a60330o0510o
60330.455043,-21.248,1.352,-12,16,o,0,0.75,149.69247,30.65492,5321.42,2498.44,2.07,1.91,47.8,-0.445,19.21,19.99,02a60330o0517o
60330.460922,-23.595,11.583,-1,15,o,0,1.22,149.69247,30.65492,5305.6,2616.83,2.12,1.94,50.1,-0.445,19.2,20.01,02a60330o0530o
60331.408248,20.696,0.943,19,18,o,0,0.91,149.69247,30.65492,5276.95,8013.17,2.7,2.51,49.5,-0.373,19.03,19.76,01a60331o0436o
60331.410096,-21.937,3.07,-6,19,o,0,0.66,149.69247,30.65492,5256.73,7974.48,2.81,2.53,54.0,-0.368,19.02,19.76,01a60331o0440o
60331.412871,21.663,2.213,8,17,o,0,1.03,149.69247,30.65492,5312.7,8052.28,2.67,2.42,51.3,-0.377,19.08,19.77,01a60331o0446o
60331.417947,20.316,0.621,27,17,o,0,1.24,149.69247,30.65492,5330.33,7937.48,2.86,2.55,48.9,-0.354,19.02,19.79,01a60331o0457o
60332.420169,19.056,0.322,87,28,o,0,0.87,149.69247,30.65492,7186.1,7935.46,3.62,3.54,58.5,-0.349,18.48,19.35,01a60332o0468o
60332.422561,-20.31,0.897,-27,24,o,0,0.9,149.69247,30.65492,7165.33,7895.9,3.48,3.4,86.1,-0.368,18.57,19.41,01a60332o0473o
60332.428052,19.937,0.534,38,20,o,0,1.03,149.69247,30.65492,7221.95,7975.34,2.81,2.59,57.6,-0.385,18.87,19.48,01a60332o0483o
60332.433137,21.962,3.1,6,18,o,0,1.47,149.69247,30.65492,7240.82,7858.73,2.8,2.69,53.5,-0.384,18.87,19.53,01a60332o0494o
60333.414459,20.158,0.923,31,29,o,0,0.97,149.69247,30.65492,3427.71,2617.92,2.19,2.03,42.2,-0.443,18.41,18.76,02a60333o0461o
60333.416267,20.506,1.217,23,28,o,0,1.16,149.69247,30.65492,3448.67,2657.41,2.14,1.94,42.6,-0.446,18.48,18.77,02a60333o0465o
60333.419432,20.43,1.043,24,26,o,0,1.19,149.69247,30.65492,3392.12,2578.98,2.18,2.01,45.2,-0.442,18.42,18.78,02a60333o0472o
60333.424538,20.064,0.757,34,26,o,0,1.46,149.69247,30.65492,3374.52,2695.08,2.2,1.97,41.4,-0.454,18.42,18.79,02a60333o0483o
60338.507046,-20.23,0.532,-29,16,o,0,2.01,149.69247,30.65492,5106.22,9776.67,2.36,2.24,13.2,-0.412,18.9,19.63,02a60338o0665o
60338.510222,20.259,0.69,29,20,o,0,1.23,149.69247,30.65492,5089.33,9737.61,2.37,2.31,17.5,-0.406,18.89,19.63,02a60338o0672o
60338.542579,-20.78,1.482,-18,26,o,0,0.95,149.69247,30.65492,5144.26,9817.25,2.25,2.21,35.0,-0.412,18.86,19.4,02a60338o0740o
60338.548052,-21.309,1.988,-11,22,o,0,1.01,149.69247,30.65492,5167.39,9702.07,2.25,2.16,27.7,-0.425,18.81,19.39,02a60338o0750o
60338.674026,-23.587,99.4,-1,133,o,0,0.96,149.69247,30.65492,5123.82,9764.26,4.25,2.62,-0.0,-0.335,17.02,17.46,02a60338o1001o
60339.405327,-21.654,1.932,-8,15,o,0,1.09,149.69247,30.65492,5146.82,9760.94,2.7,2.47,63.8,-0.383,19.13,19.92,01a60339o0425o
60339.4072,22.925,6.579,2,16,o,0,1.03,149.69247,30.65492,5128.14,9723.44,2.63,2.43,63.7,-0.393,19.13,19.92,01a60339o0429o
60339.410432,21.124,1.155,13,15,o,0,1.36,149.69247,30.65492,5181.95,9801.01,2.71,2.47,67.0,-0.386,19.14,19.93,01a60339o0436o
60339.425671,-20.395,0.526,-25,13,o,0,1.52,149.69247,30.65492,5190.87,9680.66,2.65,2.47,65.9,-0.391,19.21,20.06,01a60339o0461o
60340.534488,21.6,1.5,8,12,o,0,1.09,149.69247,30.65492,1510.03,4659.54,2.78,2.39,44.7,-0.392,19.29,20.36,01a60340o0597o
60340.537259,22.179,2.324,5,11,o,0,1.3,149.69247,30.65492,1531.68,4697.84,2.74,2.39,47.6,-0.394,19.31,20.34,01a60340o0603o
60340.543606,21.578,1.552,8,13,o,0,1.05,149.69247,30.65492,1474.35,4617.29,2.65,2.36,44.5,-0.399,19.31,20.34,01a60340o0614o
60340.569793,22.435,3.517,4,14,o,0,0.9,149.69247,30.65492,1457.45,4727.29,2.75,2.4,47.5,-0.392,19.3,20.31,01a60340o0666o
60341.44528,-21.189,0.964,-12,12,o,0,1.79,149.69247,30.65492,1563.55,4623.0,2.16,1.85,33.7,-0.455,19.41,20.43,02a60341o0514o
60341.448449,-20.679,0.618,-19,12,o,0,1.05,149.69247,30.65492,1585.29,4662.44,2.18,1.89,34.5,-0.458,19.43,20.44,02a60341o0521o
60341.451615,-20.704,0.659,-19,12,o,0,1.14,149.69247,30.65492,1528.66,4584.45,2.18,1.85,34.3,-0.455,19.42,20.44,02a60341o0528o
60341.469996,-21.399,1.3,-10,13,o,0,0.96,149.69247,30.65492,1517.85,4704.58,2.18,1.86,29.5,-0.459,19.43,20.42,02a60341o0565o
60343.451466,-21.105,0.843,-13,11,o,0,0.98,149.69247,30.65492,3625.42,3462.83,2.68,2.36,40.3,-0.4,19.56,20.93,01a60343o0526o
60343.4547,-21.076,0.71,-14,10,o,0,1.46,149.69247,30.65492,3601.85,3423.19,2.69,2.44,43.5,-0.399,19.54,20.92,01a60343o0533o
60343.460242,22.248,2.257,5,10,o,0,0.93,149.69247,30.65492,3653.87,3501.18,2.7,2.39,35.6,-0.399,19.58,20.95,01a60343o0545o
60343.465324,24.028,11.167,1,10,o,0,1.27,149.69247,30.65492,3667.12,3385.65,2.9,2.56,37.5,-0.385,19.48,20.93,01a60343o0556o
60344.483094,21.642,0.954,8,8,o,0,1.45,149.69247,30.65492,3295.76,411.51,2.47,2.36,52.9,-0.449,19.7,21.2,01a60344o0592o
60344.486328,-21.236,0.783,-12,9,o,0,1.09,149.69247,30.65492,3316.68,449.83,2.53,2.4,55.6,-0.437,19.66,21.22,01a60344o0599o
60344.491612,-24.562,29.5,0,16,o,0,1.12,149.69247,30.65492,3259.43,368.92,2.52,2.29,9.1,-0.478,19.15,21.19,01a60344o0610o
60344.525774,-21.416,1.588,-10,16,o,0,1.32,149.69247,30.65492,3247.15,478.2,2.6,2.41,12.5,-0.459,19.07,21.08,01a60344o0678o
60345.428975,-20.756,0.475,-18,9,c,0,1.18,149.69247,30.65492,3374.34,375.15,2.55,2.34,-70.7,-0.424,19.6,21.47,02a60345o0486c
60345.430784,21.387,0.955,10,10,c,0,1.26,149.69247,30.65492,3395.54,415.73,2.56,2.34,-72.6,-0.419,19.59,21.47,02a60345o0490c
60345.435757,22.247,1.862,5,8,c,0,1.29,149.69247,30.65492,3339.83,337.76,2.64,2.42,-72.1,-0.412,19.52,21.48,02a60345o0501c
60345.438473,-20.496,1.576,-23,36,c,0,0.38,149.69247,30.65492,665.03,10512.88,2.82,2.46,-49.8,-0.436,19.48,21.51,02a60345o0507c
60345.452371,-22.092,1.871,-5,10,c,0,0.93,149.69247,30.65492,3327.46,459.1,2.74,2.56,-81.2,-0.394,19.53,21.49,02a60345o0533c
60346.492895,-20.614,0.513,-21,11,c,0,1.09,149.69247,30.65492,9988.42,1982.85,2.89,2.44,-42.0,-0.412,19.51,21.53,02a60346o0603c
60346.500141,25.09,29.0,0,10,c,0,1.12,149.69247,30.65492,9969.69,1940.56,2.8,2.39,-45.5,-0.413,19.51,21.5,02a60346o0617c
60346.503668,-20.641,0.547,-20,11,c,0,0.82,149.69247,30.65492,10027.5,2020.64,2.73,2.29,-54.0,-0.425,19.57,21.5,02a60346o0624c
60346.528951,-21.692,1.286,-8,10,c,0,1.18,149.69247,30.65492,10045.92,1905.53,2.71,2.25,-56.0,-0.427,19.56,21.54,02a60346o0674c
60349.422153,-22.669,2.762,-3,9,c,0,1.46,149.69247,30.65492,9210.88,2314.01,2.62,2.25,-61.2,-0.42,19.6,21.42,02a60349o0466c
60349.424414,22.104,1.771,5,9,c,0,1.3,149.69247,30.65492,9229.57,2353.07,2.64,2.25,-62.5,-0.416,19.61,21.42,02a60349o0471c
60349.427578,-22.123,1.829,-5,9,c,0,1.12,149.69247,30.65492,9172.73,2277.19,2.62,2.23,-62.5,-0.42,19.61,21.44,02a60349o0478c
60349.433003,-22.348,2.034,-4,8,c,0,1.49,149.69247,30.65492,9155.75,2395.97,2.56,2.22,-61.3,-0.423,19.6,21.46,02a60349o0490c
60353.420312,-20.16,0.407,-31,13,c,0,0.75,149.69247,30.65492,7402.51,684.43,2.62,2.25,-62.1,-0.424,19.47,21.13,02a60353o0449c
60353.422571,-21.376,1.149,-10,12,c,0,1.06,149.69247,30.65492,7420.48,724.96,2.64,2.29,-63.9,-0.423,19.46,21.13,02a60353o0454c
60353.425738,-21.452,1.046,-10,10,c,0,1.61,149.69247,30.65492,7364.75,645.66,2.58,2.23,-63.3,-0.423,19.46,21.14,02a60353o0461c
60353.431725,23.887,12.667,1,13,c,0,0.85,149.69247,30.65492,7349.76,767.15,2.73,2.45,-60.3,-0.411,19.42,21.15,02a60353o0472c
60354.394768,-20.394,0.434,-25,11,c,0,0.93,149.69247,30.65492,8934.99,6975.58,2.58,2.46,42.9,-0.412,19.55,21.32,02a60354o0392c
60354.430631,22.882,4.533,3,12,c,0,0.71,149.69247,30.65492,8973.38,7023.51,2.68,2.54,39.9,-0.414,19.55,21.34,02a60354o0464c
60354.44096,21.73,1.182,7,9,c,0,1.58,149.69247,30.65492,8922.96,6949.36,2.72,2.52,38.9,-0.406,19.57,21.35,02a60354o0485c
60354.444463,-21.903,1.514,-6,10,c,0,1.29,149.69247,30.65492,8904.03,7066.33,2.74,2.51,37.2,-0.41,19.53,21.37,02a60354o0492c
60357.634018,-20.255,0.469,-29,14,c,0,1.0,149.69247,30.65492,9124.9,10144.64,2.91,2.79,8.6,-0.385,19.27,21.01,02a60357o0222c
60357.639557,-23.137,7.556,-2,15,c,0,1.05,149.69247,30.65492,9104.37,10102.35,3.02,2.71,-40.1,-0.385,19.33,20.96,02a60357o0234c
60357.6497,22.439,4.059,4,16,c,0,1.09,149.69247,30.65492,9162.06,10185.71,3.01,2.61,-43.9,-0.399,19.28,20.84,02a60357o0254c
60357.653184,-20.509,0.657,-23,15,c,0,1.04,149.69247,30.65492,9178.84,10069.56,2.96,2.61,-38.9,-0.397,19.25,20.76,02a60357o0261c
60358.328642,-22.438,4.3,-4,16,o,0,1.08,149.69247,30.65492,5391.17,4473.71,2.43,1.93,34.4,-0.439,19.15,19.95,02a60358o0238o
60358.36428,22.207,2.707,5,13,o,0,1.34,149.69247,30.65492,5425.54,4516.07,2.2,1.93,35.4,-0.444,19.25,20.09,02a60358o0310o
60358.367447,-21.683,1.58,-8,12,o,0,1.05,149.69247,30.65492,5370.68,4437.88,2.16,1.9,42.7,-0.447,19.26,20.1,02a60358o0317o
60358.392671,21.479,1.37,9,13,o,0,1.32,149.69247,30.65492,5364.98,4557.35,2.42,1.95,40.1,-0.434,19.24,20.14,02a60358o0367o
60366.458196,20.059,0.782,34,27,o,0,1.3,149.69247,30.65492,7704.11,1547.16,2.68,2.52,-71.6,-0.424,18.54,19.18,02a60366o0536o
60366.464349,20.44,0.77,24,19,o,0,1.37,149.69247,30.65492,7687.19,1507.83,1.95,1.77,-62.5,-0.467,18.78,19.15,02a60366o0549o
60366.468761,21.235,1.741,12,20,o,0,1.38,149.69247,30.65492,7745.19,1587.29,2.0,1.83,-63.9,-0.462,18.73,19.13,02a60366o0558o
60366.4786,-22.247,5.167,-5,24,o,0,0.76,149.69247,30.65492,7768.19,1469.87,2.1,1.9,-65.2,-0.449,18.69,19.13,02a60366o0576o
60368.422271,-23.461,8.75,-2,13,o,0,1.23,149.69247,30.65492,7216.07,2435.43,2.51,2.36,34.6,-0.43,19.25,20.14,01a60368o0449o
60368.425151,-25.393,47.0,0,12,o,0,1.57,149.69247,30.65492,7234.62,2473.19,2.53,2.39,32.8,-0.428,19.25,20.12,01a60368o0455o
60368.4319,22.168,3.417,5,17,o,0,0.77,149.69247,30.65492,7178.16,2394.12,2.69,2.46,29.7,-0.415,19.2,20.12,01a60368o0469o
60368.46467,22.23,3.343,5,16,o,0,0.8,149.69247,30.65492,7167.66,2506.1,2.56,2.47,36.0,-0.424,19.2,20.08,01a60368o0534o
60370.412076,-20.919,0.69,-16,11,o,0,1.41,149.69247,30.65492,7769.52,3776.8,2.07,1.93,27.8,-0.43,19.4,20.38,02a60370o0435o
60370.415239,23.264,7.562,2,14,o,0,0.88,149.69247,30.65492,7749.71,3741.27,2.17,1.97,31.7,-0.42,19.37,20.38,02a60370o0442o
60370.422166,20.422,0.516,25,13,o,0,1.46,149.69247,30.65492,7810.08,3820.76,2.12,1.96,31.3,-0.427,19.37,20.36,02a60370o0455o
60370.457356,-20.955,1.048,-15,16,o,0,1.58,149.69247,30.65492,7826.62,3704.95,2.3,2.08,29.6,-0.411,18.96,19.83,02a60370o0531o
60371.428021,-23.804,11.778,-1,13,o,0,0.78,149.69247,30.65492,2795.78,6803.29,2.59,2.29,46.0,-0.404,19.54,20.69,01a60371o0407o
60371.431255,21.542,1.254,9,11,o,0,0.97,149.69247,30.65492,2817.31,6841.53,2.61,2.32,41.7,-0.4,19.53,20.71,01a60371o0414o
60371.436567,-22.049,2.089,-6,12,o,0,1.21,149.69247,30.65492,2758.4,6762.37,2.62,2.3,35.6,-0.402,19.5,20.65,01a60371o0425o
60371.447707,-20.739,0.593,-18,11,o,0,1.09,149.69247,30.65492,2741.78,6875.05,2.59,2.3,46.1,-0.402,19.47,20.6,01a60371o0447o
60375.506069,20.825,0.75,17,13,o,0,1.02,149.69247,30.65492,4872.87,8926.09,2.87,2.53,55.8,-0.366,19.43,20.74,01a60375o0313o
60375.519636,21.072,0.853,14,12,o,0,1.42,149.69247,30.65492,4893.88,8964.48,2.71,2.53,61.0,-0.382,19.46,20.78,01a60375o0342o
60375.523053,21.092,1.047,13,14,o,0,1.21,149.69247,30.65492,4833.51,8885.53,2.92,2.67,62.4,-0.37,19.36,20.74,01a60375o0349o
60375.52906,20.539,0.665,22,15,o,0,0.89,149.69247,30.65492,4810.04,9002.73,2.87,2.77,71.9,-0.378,19.34,20.71,01a60375o0362o
60384.362872,20.647,0.538,20,11,o,0,1.48,149.69247,30.65492,8807.61,8711.95,2.67,2.66,-80.5,-0.442,19.51,20.93,01a60384o0313o
60384.365935,20.265,0.409,28,12,o,0,1.28,149.69247,30.65492,8829.83,8748.87,2.72,2.67,37.7,-0.434,19.51,20.93,01a60384o0319o
60384.371103,-22.309,2.75,-4,12,o,0,0.89,149.69247,30.65492,8769.42,8670.94,2.71,2.69,-42.2,-0.44,19.5,20.96,01a60384o0330o
60384.38162,-22.042,1.703,-6,9,o,0,1.67,149.69247,30.65492,8754.15,8785.78,2.67,2.63,-75.8,-0.442,19.57,21.01,01a60384o0351o
60386.303856,-20.755,0.653,-18,12,o,0,1.73,149.69247,30.65492,7357.97,4375.23,2.17,2.11,72.0,-0.436,19.25,20.29,02a60386o0174o
60386.305663,21.588,1.634,8,14,o,0,1.2,149.69247,30.65492,7376.23,4413.15,2.1,2.03,73.1,-0.443,19.29,20.29,02a60386o0178o
60386.341548,21.081,0.972,13,13,o,0,0.8,149.69247,30.65492,7331.14,4342.38,2.17,2.14,32.7,-0.419,19.26,20.34,02a60386o0248o
60386.363068,-23.245,8.444,-2,15,o,0,0.72,149.69247,30.65492,3314.22,6118.53,2.0,1.81,21.6,-0.458,19.4,20.36,02a60386o0287o
60387.355902,21.889,1.92,6,12,o,0,1.29,149.69247,30.65492,7288.19,4375.1,2.62,2.39,33.7,-0.4,19.24,20.14,01a60387o0275o
60387.361407,21.818,2.0,7,14,o,0,0.99,149.69247,30.65492,7306.19,4410.86,2.69,2.46,42.1,-0.388,19.23,20.13,01a60387o0285o
60387.364413,-21.579,1.656,-8,14,o,0,1.13,149.69247,30.65492,7250.06,4333.27,2.7,2.43,35.1,-0.385,19.25,20.15,01a60387o0291o
60387.397473,-22.691,4.792,-3,15,o,0,0.91,149.69247,30.65492,7237.07,4441.9,2.61,2.41,48.8,-0.381,19.25,20.16,01a60387o0357o
60388.31994,20.515,0.657,23,15,o,0,1.64,149.69247,30.65492,5121.45,9762.99,2.63,2.49,65.9,-0.387,19.04,19.65,01a60388o0205o
60388.323001,23.417,10.25,2,16,o,0,1.15,149.69247,30.65492,5102.38,9723.35,2.6,2.49,78.5,-0.386,19.05,19.64,01a60388o0211o
60388.326234,-22.993,7.647,-2,18,o,0,1.25,149.69247,30.65492,5153.93,9803.22,2.66,2.52,66.1,-0.389,19.03,19.65,01a60388o0218o
60388.331504,-20.734,0.822,-18,15,o,0,1.44,149.69247,30.65492,5168.94,9686.16,2.55,2.44,60.9,-0.392,19.09,19.67,01a60388o0229o
60394.405732,-11.572,6.199,-85337,528979,o,0,0.0,149.69247,30.65492,7224.78,10204.11,2.47,2.19,-38.8,-0.522,16.98,17.3,02a60394o0402o
60394.4089,22.19,8.0,5,39,o,0,1.03,149.69247,30.65492,7204.85,10163.99,2.3,2.21,-53.2,-0.444,18.3,18.5,02a60394o0409o
60394.415407,-20.377,1.363,-26,35,o,0,1.21,149.69247,30.65492,7263.59,10244.66,2.29,2.12,-52.9,-0.44,18.27,18.44,02a60394o0423o
60394.416311,-19.244,0.625,-73,46,o,0,1.2,149.69247,30.65492,9954.65,65.74,2.32,1.5,-60.0,-0.658,18.3,18.47,02a60394o0425o
60394.425573,20.881,2.508,16,40,o,0,1.43,149.69247,30.65492,7284.82,10125.48,2.24,2.13,-47.1,-0.45,18.29,18.43,02a60394o0444o
60396.427136,21.025,1.232,14,17,o,0,1.31,149.69247,30.65492,604.51,8606.2,2.5,2.34,83.0,-0.452,19.04,19.66,01a60396o0132o
60396.430018,22.168,3.875,5,19,o,0,1.12,149.69247,30.65492,624.96,8645.5,2.44,2.29,87.5,-0.463,19.04,19.65,01a60396o0138o
60396.435231,-21.094,1.421,-13,19,o,0,0.97,149.69247,30.65492,566.31,8564.85,2.42,2.31,-86.0,-0.47,19.03,19.62,01a60396o0149o
60396.446086,20.318,0.605,27,16,o,0,1.45,149.69247,30.65492,547.06,8679.57,2.42,2.3,-83.7,-0.464,19.01,19.6,01a60396o0172o
60397.366206,20.455,0.873,24,21,o,0,0.94,149.69247,30.65492,9987.93,1990.7,2.64,1.88,-58.8,-0.481,19.01,19.78,02a60397o0314o
60397.36937,21.663,2.226,8,18,o,0,0.97,149.69247,30.65492,9968.14,1951.07,2.4,1.74,-58.8,-0.509,19.13,19.78,02a60397o0321o
60397.379259,20.083,0.53,34,18,o,0,1.19,149.69247,30.65492,10025.65,2025.68,2.6,1.71,-55.5,-0.504,19.11,19.79,02a60397o0342o
60397.384832,-20.422,0.828,-25,20,o,0,0.94,149.69247,30.65492,10048.23,1912.0,2.44,1.72,-57.7,-0.516,19.1,19.77,02a60397o0354o
60398.355666,23.473,10.231,2,15,o,0,1.08,149.69247,30.65492,1394.77,8254.56,2.05,1.98,-30.2,-0.455,19.22,20.09,02a60398o0304o
60398.35882,20.92,0.936,16,15,o,0,1.01,149.69247,30.65492,1377.82,8216.62,2.04,1.96,-11.2,-0.444,19.23,20.08,02a60398o0310o
60398.365159,22.419,4.029,4,16,o,0,1.24,149.69247,30.65492,1437.23,8296.68,2.09,1.99,-20.9,-0.449,19.16,20.06,02a60398o0324o
60398.375108,20.373,0.566,26,15,o,0,1.12,149.69247,30.65492,1457.16,8179.21,2.27,2.15,-23.6,-0.44,19.07,20.02,02a60398o0346o
60399.363206,21.373,0.977,10,10,o,0,1.32,149.69247,30.65492,9134.75,2284.81,2.35,2.29,-29.1,-0.46,19.52,20.72,01a60399o0309o
60399.366537,23.13,4.611,2,9,o,0,1.55,149.69247,30.65492,9153.78,2323.72,2.31,2.25,-28.4,-0.461,19.5,20.68,01a60399o0316o
60399.372079,-21.633,1.284,-8,10,o,0,1.41,149.69247,30.65492,9097.58,2245.28,2.4,2.31,-27.7,-0.464,19.45,20.57,01a60399o0328o
60399.384596,-20.987,0.992,-15,14,o,0,0.84,149.69247,30.65492,9080.13,2361.82,2.45,2.34,-2.7,-0.444,19.37,20.42,01a60399o0354o
60400.368087,-21.052,0.595,-14,8,o,0,1.42,149.69247,30.65492,4751.66,6704.13,2.56,2.29,43.3,-0.389,19.59,20.86,01a60400o0268o
60400.371326,21.808,1.474,7,10,o,0,0.99,149.69247,30.65492,4771.99,6742.67,2.6,2.29,45.0,-0.39,19.6,20.87,01a60400o0275o
60400.378803,-23.163,4.294,-2,8,o,0,1.18,149.69247,30.65492,4712.99,6663.38,2.5,2.27,35.8,-0.394,19.64,20.91,01a60400o0291o
60400.389799,21.419,0.941,10,9,o,0,1.19,149.69247,30.65492,4694.97,6778.51,2.49,2.27,44.0,-0.387,19.64,20.89,01a60400o0314o
60401.366843,21.414,1.043,10,10,c,0,0.95,149.69247,30.65492,5817.51,3875.33,2.4,2.26,39.7,-0.407,19.57,21.32,02a60401o0317c
60401.370148,-21.222,0.976,-12,12,c,0,0.57,149.69247,30.65492,5797.43,3833.08,2.41,2.3,41.3,-0.404,19.54,21.32,02a60401o0324c
60401.375699,-22.449,2.25,-4,9,c,0,1.09,149.69247,30.65492,5858.16,3910.74,2.35,2.23,38.5,-0.407,19.57,21.31,02a60401o0336c
60401.396129,-21.744,1.462,-7,11,c,0,0.83,149.69247,30.65492,5879.98,3794.37,2.36,2.27,39.2,-0.405,19.55,21.27,02a60401o0380c
60404.379377,20.778,0.531,18,9,o,0,1.44,149.69247,30.65492,7149.87,7946.96,2.6,2.56,-74.5,-0.422,20.03,20.72,02a60404o0098o
60404.391934,21.138,0.801,13,10,o,0,0.73,149.69247,30.65492,7130.81,7908.03,3.1,3.03,81.1,-0.398,19.8,20.69,02a60404o0107o
60404.407446,20.248,0.395,29,11,o,0,1.85,149.69247,30.65492,7185.6,7984.79,3.01,2.92,-71.6,-0.418,19.79,20.55,02a60404o0118o
60407.254122,19.589,0.16,53,8,o,0,0.95,149.69247,30.65492,3461.7,2616.5,2.81,2.75,-87.5,-0.417,19.73,20.45,02a60407o0019o
60407.261383,19.784,0.19,44,8,o,0,1.1,149.69247,30.65492,3486.14,2654.5,2.69,2.59,-39.9,-0.414,19.83,20.5,02a60407o0024o
60407.287912,19.928,0.186,39,7,o,0,0.86,149.69247,30.65492,3444.68,2583.65,2.41,2.36,35.6,-0.429,20.05,20.66,02a60407o0030o
60410.324461,19.395,0.124,63,8,o,0,0.79,149.69247,30.65492,1769.71,1851.64,2.36,2.15,-57.1,-0.46,20.08,20.59,02a60410o0088o
60410.34288,19.371,0.104,65,7,o,0,1.17,149.69247,30.65492,1750.83,1812.96,2.44,2.06,-55.7,-0.47,20.09,20.61,02a60410o0101o
60410.362754,19.359,0.093,66,6,o,0,1.17,149.69247,30.65492,1812.41,1888.37,2.33,2.0,-56.9,-0.463,20.12,20.66,02a60410o0115o
60416.294893,-15.851,1.81,-1659,3001,o,0,1.89,149.69247,30.65492,2866.6,9041.41,2.61,2.44,51.2,-0.406,13.1,12.76,01a60416o0144o
60416.30548,17.409,2.27,395,896,o,0,1.17,149.69247,30.65492,2887.81,9077.91,2.6,2.38,53.7,-0.396,14.68,14.38,01a60416o0165o
60416.313432,-18.764,1.238,-113,140,o,0,1.03,149.69247,30.65492,2812.12,9113.4,2.67,2.41,55.7,-0.387,17.0,16.98,01a60416o0182o
60421.324492,19.067,0.231,86,20,o,0,1.49,149.69247,30.65492,7769.13,3798.56,2.15,1.97,-62.4,-0.428,18.78,19.15,02a60421o0218o
60421.327725,18.606,0.185,131,24,o,0,0.87,149.69247,30.65492,7749.28,3756.66,2.12,1.93,-61.8,-0.422,18.78,19.15,02a60421o0225o
60421.333661,18.561,0.169,137,23,o,0,1.03,149.69247,30.65492,7809.11,3836.41,2.15,1.95,-60.8,-0.421,18.72,19.09,02a60421o0238o
60421.343786,19.062,0.277,86,24,o,0,0.92,149.69247,30.65492,7829.47,3718.65,2.17,1.9,-63.0,-0.431,18.74,19.03,02a60421o0260o
60422.335084,18.893,0.26,101,26,o,0,1.09,149.69247,30.65492,9742.09,3744.87,2.64,2.03,-56.1,-0.466,18.65,19.1,02a60422o0240o
60422.351294,19.156,0.318,79,25,o,0,1.24,149.69247,30.65492,9722.78,3706.98,2.49,1.88,-53.5,-0.464,18.69,19.04,02a60422o0275o
60422.35446,18.556,0.184,137,25,o,0,1.57,149.69247,30.65492,9783.29,3786.78,2.49,1.92,-54.6,-0.474,18.71,19.03,02a60422o0282o
60422.360373,18.778,0.239,112,27,o,0,1.55,149.69247,30.65492,9802.59,3667.12,2.54,1.89,-54.3,-0.478,18.73,19.01,02a60422o0295o
60425.379685,19.171,0.463,78,36,o,0,1.35,149.69247,30.65492,5727.64,1643.73,3.33,3.2,-45.8,-0.397,18.23,19.09,02a60425o0121o
60425.382865,18.994,0.348,92,32,o,0,1.03,149.69247,30.65492,5707.94,1603.87,3.09,2.99,-49.5,-0.405,18.3,19.08,02a60425o0128o
60425.441728,-20.953,14.25,-15,215,o,0,1.09,149.69247,30.65492,5764.54,1677.19,3.44,3.34,-7.4,-0.466,16.43,16.9,02a60425o0148o
60425.449101,19.272,0.951,71,68,o,0,1.17,149.69247,30.65492,5783.72,1558.98,3.91,3.69,-23.6,-0.397,17.5,18.26,02a60425o0164o
60426.352717,18.818,0.175,108,19,o,0,1.05,149.69247,30.65492,7113.12,6019.9,2.21,2.15,45.3,-0.447,18.93,19.53,02a60426o0157o
60426.355881,18.953,0.19,95,18,o,0,1.22,149.69247,30.65492,7094.17,5980.29,2.19,2.13,47.0,-0.445,18.89,19.5,02a60426o0164o
60426.362236,19.214,0.261,75,20,o,0,1.22,149.69247,30.65492,7152.52,6057.48,2.31,2.29,77.4,-0.44,18.79,19.49,02a60426o0178o
60426.372653,18.627,0.156,129,20,o,0,1.0,149.69247,30.65492,7173.72,5940.56,2.33,2.3,66.8,-0.429,18.79,19.42,02a60426o0201o
60429.388254,18.871,0.233,103,24,o,0,1.48,149.69247,30.65492,1293.1,10024.48,2.21,1.69,-54.3,-0.419,18.68,19.67,02a60429o0336o
60429.391595,19.989,0.818,37,30,o,0,0.87,149.69247,30.65492,1273.39,9985.54,2.23,1.72,-53.6,-0.449,18.64,19.58,02a60429o0343o
60429.397769,18.904,0.22,100,22,o,0,1.95,149.69247,30.65492,1334.17,10060.42,2.31,1.62,-53.0,-0.47,18.61,19.5,02a60429o0354o
60429.433095,20.12,2.615,32,85,o,0,1.22,149.69247,30.65492,1349.09,9942.25,2.32,1.76,-52.4,-0.462,17.25,17.56,02a60429o0425o
60430.311178,17.973,0.303,235,71,o,0,1.13,149.69247,30.65492,5241.08,8040.1,2.19,2.16,21.2,-0.449,17.5,18.5,02a60430o0188o
60430.330767,19.375,0.697,65,45,o,0,1.04,149.69247,30.65492,5220.3,7998.91,2.16,2.08,29.2,-0.445,17.93,18.84,02a60430o0230o
60430.333932,18.389,0.422,160,68,o,0,1.15,149.69247,30.65492,5277.27,8078.97,2.15,2.11,17.2,-0.445,17.56,18.48,02a60430o0237o
60430.340264,20.952,3.367,15,51,o,0,0.79,149.69247,30.65492,5295.37,7962.88,2.17,2.14,-27.2,-0.435,17.78,18.75,02a60430o0251o
60431.320742,19.21,0.15,75,11,o,0,0.94,149.69247,30.65492,5311.2,2532.56,2.36,2.25,35.8,-0.438,19.55,20.72,01a60431o0183o
60431.324079,19.049,0.117,87,10,o,0,1.3,149.69247,30.65492,5331.6,2570.2,2.39,2.31,46.4,-0.442,19.53,20.71,01a60431o0190o
60431.331499,19.249,0.153,72,11,o,0,1.06,149.69247,30.65492,5274.15,2490.86,2.41,2.32,39.2,-0.439,19.51,20.69,01a60431o0205o
60431.343611,19.018,0.128,90,12,o,0,1.09,149.69247,30.65492,5256.86,2605.74,2.39,2.27,34.4,-0.438,19.53,20.65,01a60431o0230o
60433.300407,19.814,0.355,43,15,o,0,0.95,149.69247,30.65492,7129.43,7946.71,2.37,2.22,47.8,-0.435,19.37,20.49,02a60433o0152o
60433.303757,19.123,0.2,81,16,o,0,0.88,149.69247,30.65492,7110.26,7908.74,2.62,2.54,64.8,-0.423,19.23,20.53,02a60433o0159o
60433.309687,19.419,0.216,62,13,o,0,1.32,149.69247,30.65492,7171.11,7988.02,2.42,2.22,46.2,-0.43,19.37,20.55,02a60433o0172o
60433.320116,19.608,0.296,52,15,o,0,0.71,149.69247,30.65492,7191.61,7874.39,2.2,2.13,-77.2,-0.444,19.4,20.47,02a60433o0195o
60434.332741,19.299,0.223,69,15,o,0,0.84,149.69247,30.65492,1755.5,1842.16,2.11,1.96,-54.8,-0.472,19.31,20.27,02a60434o0147o
60434.335906,19.435,0.205,61,13,o,0,1.09,149.69247,30.65492,1736.26,1802.57,2.03,1.92,-55.4,-0.474,19.3,20.25,02a60434o0154o
60434.34224,19.332,0.171,67,12,o,0,1.8,149.69247,30.65492,1797.99,1879.75,2.02,1.95,-65.1,-0.476,19.31,20.31,02a60434o0168o
60434.353556,19.336,0.216,67,14,o,0,0.95,149.69247,30.65492,1821.03,1761.13,2.01,1.94,-65.2,-0.474,19.31,20.33,02a60434o0193o
60437.302321,19.633,0.24,51,12,o,0,0.94,149.69247,30.65492,3252.94,6192.53,2.05,1.79,35.1,-0.447,19.48,20.57,02a60437o0159o
60437.305488,19.072,0.146,85,12,o,0,1.08,149.69247,30.65492,3236.43,6156.48,1.96,1.78,28.4,-0.451,19.5,20.56,02a60437o0166o
60437.312507,19.726,0.229,47,11,o,0,1.26,149.69247,30.65492,3290.24,6229.33,2.17,1.83,29.0,-0.443,19.44,20.56,02a60437o0181o
60437.322584,19.408,0.176,63,11,o,0,1.12,149.69247,30.65492,3309.85,6113.7,2.02,1.77,30.0,-0.455,19.47,20.54,02a60437o0203o
60438.300118,19.215,0.196,75,15,o,0,0.93,149.69247,30.65492,5104.43,9784.69,2.15,1.92,-52.1,-0.446,19.47,20.58,02a60438o0155o
60438.30328,19.229,0.187,74,14,o,0,0.94,149.69247,30.65492,5088.01,9746.69,2.11,1.95,-54.2,-0.448,19.48,20.55,02a60438o0162o
60438.308713,19.17,0.186,78,14,o,0,1.24,149.69247,30.65492,5143.84,9826.5,2.1,1.94,-52.3,-0.454,19.48,20.51,02a60438o0174o
60438.319568,19.217,0.205,75,15,o,0,0.92,149.69247,30.65492,5165.74,9708.09,2.08,1.93,-46.0,-0.456,19.47,20.5,02a60438o0198o
60445.264696,19.986,0.946,37,35,o,0,0.74,149.69247,30.65492,9952.15,58.64,2.93,1.5,-55.8,-0.546,19.04,19.55,02a60445o0067o
60447.308632,19.282,0.306,70,22,o,0,1.14,149.69247,30.65492,601.66,8598.15,2.59,2.42,80.7,-0.438,18.9,19.51,01a60447o0121o
60447.31233,20.479,0.683,23,16,o,0,1.7,149.69247,30.65492,622.92,8637.06,2.34,2.22,-69.8,-0.481,19.05,19.49,01a60447o0129o
60447.317871,19.109,0.279,82,23,o,0,0.81,149.69247,30.65492,564.63,8557.24,2.39,2.27,-79.5,-0.473,18.98,19.47,01a60447o0141o
60447.33679,20.012,0.57,36,20,o,0,1.09,149.69247,30.65492,540.35,8672.25,2.51,2.4,-85.8,-0.455,18.9,19.42,01a60447o0179o
60450.341362,20.012,0.647,36,23,o,0,0.89,149.69247,30.65492,5816.47,3868.32,2.1,2.03,-56.0,-0.435,18.79,19.26,02a60450o0109o
60450.34457,20.904,1.462,16,23,o,0,0.86,149.69247,30.65492,5797.0,3827.31,2.11,2.08,-55.6,-0.418,18.81,19.24,02a60450o0116o
60450.354419,-21.897,3.417,-6,22,o,0,1.46,149.69247,30.65492,5852.71,3910.36,2.24,2.1,32.3,-0.414,18.71,19.16,02a60450o0137o
60450.361285,-17.71,5.951,-299,1780,o,0,0.99,149.69247,30.65492,5876.89,3788.77,2.21,2.06,-50.5,-0.456,14.1,13.91,02a60450o0152o
60451.274277,20.018,0.512,36,18,o,0,0.85,149.69247,30.65492,4758.64,6689.94,2.5,2.27,51.7,-0.4,19.01,19.53,01a60451o0087o
60451.277509,19.696,0.384,48,18,o,0,1.19,149.69247,30.65492,4778.93,6728.36,2.5,2.36,52.5,-0.406,18.98,19.52,01a60451o0094o
60451.283512,20.064,0.511,34,18,o,0,1.23,149.69247,30.65492,4718.76,6649.97,2.54,2.34,55.9,-0.403,18.94,19.47,01a60451o0107o
60451.298057,20.209,0.66,30,20,o,0,1.17,149.69247,30.65492,4697.04,6763.33,2.49,2.3,51.7,-0.403,18.94,19.39,01a60451o0138o
60452.284677,19.548,0.307,55,17,o,0,1.3,149.69247,30.65492,7326.25,650.55,2.29,2.28,65.3,-0.483,18.92,19.39,01a60452o0079o
60452.288834,19.609,0.306,52,16,o,0,2.14,149.69247,30.65492,7344.41,689.38,2.28,2.24,35.6,-0.475,18.91,19.37,01a60452o0088o
60452.294035,19.498,0.304,58,18,o,0,1.63,149.69247,30.65492,7286.98,611.8,2.28,2.27,39.4,-0.474,18.92,19.35,01a60452o0099o
60452.304925,19.893,0.533,40,21,o,0,0.96,149.69247,30.65492,7269.8,730.92,2.21,2.19,66.7,-0.479,18.9,19.3,01a60452o0122o
60453.282395,19.336,0.414,67,28,o,0,1.17,149.69247,30.65492,3213.67,9895.78,2.07,1.92,-43.9,-0.441,18.72,19.08,02a60453o0099o
60453.285559,19.951,0.754,38,29,o,0,0.9,149.69247,30.65492,3196.76,9856.5,2.13,1.94,-43.4,-0.45,18.7,19.05,02a60453o0106o
60453.290986,19.247,0.395,73,29,o,0,0.98,149.69247,30.65492,3253.74,9933.7,2.09,1.87,-40.0,-0.453,18.69,19.02,02a60453o0118o
60453.301839,21.845,6.756,7,45,o,0,1.1,149.69247,30.65492,3271.66,9815.38,2.14,1.98,-38.0,-0.426,18.21,18.45,02a60453o0142o
60454.27932,19.716,0.491,47,23,o,0,1.06,149.69247,30.65492,1687.86,3595.93,1.99,1.93,23.5,-0.455,18.72,19.12,02a60454o0088o
60454.282498,19.396,0.474,63,30,o,0,0.91,149.69247,30.65492,1667.26,3556.75,1.99,1.95,-7.8,-0.462,18.42,18.68,02a60454o0095o
60454.289807,19.746,0.615,46,28,o,0,0.63,149.69247,30.65492,1724.99,3632.51,1.94,1.91,29.1,-0.457,18.64,18.99,02a60454o0111o
60454.299846,19.891,0.611,40,24,o,0,1.02,149.69247,30.65492,1742.86,3514.87,1.94,1.91,43.6,-0.454,18.66,18.98,02a60454o0133o
60455.277152,19.078,0.819,85,70,o,0,1.69,149.69247,30.65492,8898.08,6936.07,2.47,2.42,-58.6,-0.461,17.3,18.04,01a60455o0097o
60455.284797,-20.351,2.566,-26,67,o,0,1.05,149.69247,30.65492,8916.63,6974.43,2.71,2.55,50.1,-0.417,17.53,18.14,01a60455o0113o
60455.288514,-17.973,0.647,-235,152,o,0,1.49,149.69247,30.65492,8856.47,6897.85,2.61,2.39,-62.1,-0.461,16.53,16.85,01a60455o0121o
60455.298735,-20.023,3.981,-36,142,o,0,0.8,149.69247,30.65492,8837.97,7017.39,2.54,2.4,-59.9,-0.452,16.81,16.97,01a60455o0143o
60456.27539,19.127,0.289,81,23,o,0,0.98,149.69247,30.65492,1400.82,435.11,3.13,2.92,11.7,-0.442,18.79,20.25,01a60456o0064o
60456.278624,19.756,0.409,46,19,o,0,1.15,149.69247,30.65492,1422.69,474.77,2.51,2.35,48.2,-0.451,18.97,20.19,01a60456o0071o
60456.284165,19.357,0.314,66,21,o,0,1.46,149.69247,30.65492,1363.44,392.94,2.48,2.36,49.8,-0.461,18.76,19.97,01a60456o0083o
60456.37529,-17.645,2.412,-318,766,o,0,1.05,149.69247,30.65492,1343.86,502.58,3.02,2.83,66.9,-0.42,14.64,14.82,01a60456o0096o
60457.278286,19.902,0.366,40,14,o,0,1.24,149.69247,30.65492,9137.85,10152.09,2.76,1.97,-52.4,-0.44,19.45,20.44,02a60457o0085o
60457.28147,19.579,0.288,54,15,o,0,1.13,149.69247,30.65492,9118.27,10112.42,2.77,1.96,-52.6,-0.433,19.46,20.47,02a60457o0092o
60457.286897,20.34,0.548,26,14,o,0,1.1,149.69247,30.65492,9177.97,10192.47,2.79,1.95,-53.0,-0.441,19.44,20.47,02a60457o0104o
60457.296689,20.106,0.414,33,14,o,0,1.54,149.69247,30.65492,9191.79,10074.46,2.57,1.97,-53.7,-0.444,19.42,20.44,02a60457o0125o
60458.26831,20.171,0.805,31,25,o,0,0.94,149.69247,30.65492,5187.83,6093.16,2.23,1.86,35.3,-0.439,18.51,19.4,02a60458o0065o
60458.271513,19.818,0.596,43,26,o,0,0.89,149.69247,30.65492,5168.96,6054.95,2.12,1.87,35.4,-0.452,18.62,19.55,02a60458o0072o
60458.277424,19.291,0.529,70,37,o,0,1.09,149.69247,30.65492,5227.91,6131.76,2.16,1.85,30.8,-0.449,18.13,19.01,02a60458o0085o
60458.290088,19.609,0.365,52,19,o,0,1.08,149.69247,30.65492,5247.42,6014.94,2.1,1.87,33.7,-0.442,18.9,19.83,02a60458o0113o
60459.289233,20.749,0.537,18,10,o,0,1.51,149.69247,30.65492,5377.6,4464.15,2.56,2.34,41.4,-0.414,19.39,20.6,01a60459o0119o
60459.292929,20.774,0.628,18,11,o,0,1.38,149.69247,30.65492,5396.36,4502.58,2.59,2.35,44.1,-0.414,19.36,20.57,01a60459o0127o
60459.310398,20.878,1.091,16,18,o,0,1.25,149.69247,30.65492,5318.04,4541.91,2.55,2.31,42.7,-0.415,18.99,20.15,01a60459o0164o
60460.285883,20.452,0.744,24,18,o,0,1.57,149.69247,30.65492,9240.88,4216.78,2.48,2.4,-84.5,-0.424,18.84,19.92,01a60460o0109o
60460.289581,19.803,0.353,44,15,o,0,1.45,149.69247,30.65492,9260.13,4254.8,2.53,2.42,-60.6,-0.433,18.98,20.07,01a60460o0117o
60460.296999,20.627,0.944,20,19,o,0,1.18,149.69247,30.65492,9202.41,4179.64,2.63,2.5,-46.2,-0.423,18.95,20.04,01a60460o0133o
60460.308469,-23.151,7.583,-2,15,o,0,1.24,149.69247,30.65492,9181.02,4297.71,2.51,2.43,15.0,-0.424,19.03,20.07,01a60460o0157o
60461.262894,20.55,1.068,22,23,o,0,1.13,149.69247,30.65492,1322.7,6316.82,2.16,1.96,-59.8,-0.457,18.76,19.66,02a60461o0055o
60461.266055,19.88,0.374,40,15,o,0,0.97,149.69247,30.65492,1302.77,6277.75,2.13,1.92,-56.5,-0.475,19.28,20.27,02a60461o0062o
60461.272053,20.28,0.912,28,26,o,0,0.91,149.69247,30.65492,1360.21,6352.98,2.1,1.88,-57.6,-0.466,18.75,19.65,02a60461o0075o
60461.282168,20.802,0.882,17,15,o,0,1.16,149.69247,30.65492,1380.03,6234.72,2.07,1.87,-60.6,-0.478,19.11,20.02,02a60461o0097o
60462.270925,21.175,1.27,12,16,o,0,0.75,149.69247,30.65492,3754.06,1735.09,1.92,1.84,-59.1,-0.461,19.35,20.36,02a60462o0073o
60462.274543,19.499,0.223,58,13,o,0,1.28,149.69247,30.65492,3734.46,1695.49,1.92,1.85,-55.0,-0.464,19.26,20.24,02a60462o0081o
60462.27997,20.482,0.652,23,15,o,0,0.89,149.69247,30.65492,3792.09,1772.77,1.94,1.88,-57.0,-0.456,19.18,20.18,02a60462o0093o
60462.292633,20.102,0.383,33,13,o,0,1.31,149.69247,30.65492,3812.13,1654.03,1.98,1.85,-58.3,-0.458,19.3,20.3,02a60462o0121o
60463.288485,21.016,0.871,14,12,o,0,1.08,149.69247,30.65492,6839.42,8812.62,2.62,2.37,-47.0,-0.455,19.36,20.56,01a60463o0114o
60463.291718,19.926,0.375,39,15,o,0,0.89,149.69247,30.65492,6861.72,8852.5,2.73,2.45,-50.8,-0.448,19.31,20.54,01a60463o0121o
60463.298191,20.177,0.422,31,13,o,0,1.31,149.69247,30.65492,6800.69,8774.55,2.59,2.34,-55.6,-0.452,19.35,20.51,01a60463o0135o
60463.309347,20.37,0.546,26,14,o,0,1.03,149.69247,30.65492,6777.47,8892.32,2.65,2.33,-46.6,-0.449,19.32,20.4,01a60463o0159o
60464.289069,20.039,0.361,35,13,o,0,1.53,149.69247,30.65492,1480.61,2684.49,2.64,2.45,42.8,-0.413,19.23,20.54,01a60464o0115o
60464.2923,20.265,0.591,28,17,o,0,0.94,149.69247,30.65492,1503.09,2724.75,2.88,2.77,41.0,-0.415,19.17,20.52,01a60464o0122o
60464.297852,19.603,0.257,52,13,o,0,1.21,149.69247,30.65492,1445.04,2644.35,2.72,2.63,38.2,-0.405,19.2,20.48,01a60464o0134o
60465.265475,21.017,1.129,14,16,o,0,1.1,149.69247,30.65492,9067.52,7898.6,2.45,2.24,-57.3,-0.437,19.24,20.23,02a60465o0060o
60465.268658,20.391,0.734,25,19,o,0,0.94,149.69247,30.65492,9047.51,7859.23,2.79,2.66,-57.8,-0.421,19.08,20.24,02a60465o0067o
60465.275112,19.568,0.32,54,17,o,0,1.04,149.69247,30.65492,9107.26,7937.15,2.45,2.19,-55.8,-0.446,19.28,20.27,02a60465o0081o
60465.285219,21.658,2.137,8,17,o,0,1.08,149.69247,30.65492,9128.07,7820.77,2.44,2.2,-55.4,-0.448,19.27,20.25,02a60465o0103o
60467.304132,20.564,0.586,22,13,o,0,1.42,149.69247,30.65492,2882.75,9011.74,2.7,2.51,57.8,-0.395,19.17,20.37,01a60467o0041o
60467.307829,20.909,1.054,16,17,o,0,1.03,149.69247,30.65492,2900.32,9050.44,2.81,2.55,62.5,-0.38,19.13,20.36,01a60467o0049o
60467.313369,21.131,1.22,13,16,o,0,0.96,149.69247,30.65492,2841.03,8971.96,2.6,2.38,60.9,-0.411,19.2,20.35,01a60467o0061o
60467.324013,19.838,0.396,42,17,o,0,1.19,149.69247,30.65492,2819.88,9088.07,2.91,2.56,62.0,-0.37,19.02,20.23,01a60467o0084o
60468.285355,19.656,1.059,50,53,o,0,1.23,149.69247,30.65492,7222.19,2413.3,2.6,2.48,41.2,-0.426,19.18,20.22,01a60468o0100o
60468.288623,-22.558,4.217,-3,14,o,0,1.03,149.69247,30.65492,7240.06,2451.93,2.69,2.59,41.6,-0.405,19.1,20.2,01a60468o0107o
60468.293725,20.217,0.56,30,17,o,0,0.98,149.69247,30.65492,7182.42,2376.44,2.67,2.55,39.9,-0.413,19.08,20.16,01a60468o0118o
60468.308422,20.915,1.011,16,16,o,0,1.45,149.69247,30.65492,7164.3,2494.24,2.85,2.69,58.2,-0.396,18.97,20.11,01a60468o0149o
60475.28149,20.887,1.226,16,20,o,0,0.9,149.69247,30.65492,4868.59,8921.98,2.71,2.47,58.4,-0.374,18.97,19.86,01a60475o0097o
60475.284725,22.738,6.857,3,20,o,0,0.95,149.69247,30.65492,4888.0,8961.43,2.66,2.49,62.4,-0.382,19.0,19.85,01a60475o0104o
60475.290749,22.731,7.364,3,22,o,0,0.98,149.69247,30.65492,4824.08,8884.7,2.51,2.45,-67.0,-0.409,19.01,19.81,01a60475o0117o
60475.300516,19.616,0.373,52,19,o,0,1.11,149.69247,30.65492,4804.72,9000.19,2.74,2.48,57.2,-0.375,18.91,19.74,01a60475o0138o
60476.279952,23.656,15.7,1,20,o,0,0.77,149.69247,30.65492,3452.13,4556.09,2.41,2.34,48.0,-0.432,18.96,19.73,01a60476o0093o
60476.2832,19.951,0.552,38,21,o,0,0.91,149.69247,30.65492,3471.59,4595.62,2.86,2.58,44.2,-0.387,18.82,19.71,01a60476o0100o
60476.288749,-20.662,0.858,-20,17,o,0,1.33,149.69247,30.65492,3414.01,4517.56,2.43,2.33,37.1,-0.428,18.92,19.68,01a60476o0112o
60476.298945,-22.018,3.395,-6,19,o,0,1.59,149.69247,30.65492,3392.36,4633.42,2.66,2.49,26.9,-0.429,18.78,19.61,01a60476o0134o
60477.257439,20.979,1.745,15,26,o,0,1.36,149.69247,30.65492,7114.7,6011.87,2.31,2.13,32.9,-0.429,18.58,18.96,02a60477o0025o
60477.260613,20.218,0.748,30,22,o,0,1.51,149.69247,30.65492,7094.5,5973.42,2.35,2.14,36.4,-0.432,18.81,19.33,02a60477o0032o
60477.266047,-22.076,3.512,-5,19,o,0,1.39,149.69247,30.65492,7153.1,6049.13,2.26,2.12,29.8,-0.424,18.97,19.58,02a60477o0044o
60477.27839,-23.256,10.0,-2,18,o,0,1.45,149.69247,30.65492,7171.46,5934.62,2.27,2.07,34.9,-0.43,18.97,19.61,02a60477o0071o
60480.270851,20.353,1.503,26,39,o,0,1.59,149.69247,30.65492,5314.35,2525.73,2.49,2.33,45.5,-0.426,18.54,19.27,01a60480o0072o
60480.276117,20.235,0.789,29,23,o,0,1.0,149.69247,30.65492,5331.64,2566.05,2.59,2.33,44.1,-0.415,18.71,19.42,01a60480o0083o
60480.279372,21.967,3.766,6,22,o,0,1.24,149.69247,30.65492,5273.58,2489.36,2.36,2.33,-9.0,-0.447,18.72,19.41,01a60480o0090o
60480.293276,-26.126,192.0,0,25,o,0,1.02,149.69247,30.65492,5256.06,2607.9,2.44,2.3,35.5,-0.431,18.64,19.28,01a60480o0120o
60481.254778,18.729,0.669,117,78,o,0,1.25,149.69247,30.65492,5239.84,8030.78,2.29,2.12,35.5,-0.435,18.15,18.39,02a60481o0027o
60481.257941,-19.284,1.754,-70,123,o,0,1.36,149.69247,30.65492,5220.18,7991.35,2.23,2.15,32.9,-0.488,17.55,17.79,02a60481o0034o
60481.265181,20.152,1.431,32,45,o,0,1.07,149.69247,30.65492,5278.1,8067.5,2.16,2.11,17.0,-0.434,18.62,19.02,02a60481o0050o
60481.275221,20.093,1.366,33,46,o,0,0.86,149.69247,30.65492,5295.07,7950.52,2.25,2.19,-2.7,-0.445,18.54,18.97,02a60481o0072o
60482.273746,-19.455,2.3,-60,138,o,0,1.13,149.69247,30.65492,7203.29,7872.3,3.12,2.51,-8.1,-0.457,16.87,19.97,02a60482o0060o
60483.278297,-18.913,0.429,-99,42,o,0,0.99,149.69247,30.65492,3404.16,2616.87,3.69,3.66,-65.4,-0.367,18.06,18.79,01a60483o0088o
