MJD,m,dm,uJy,duJy,F,err,chi/N,RA,Dec,x,y,maj,min,phi,apfit,mag5sig,Sky,Obs
60495.42045,18.794,0.252,110,28,o,0,1.24,59.66162,-5.80987,714.28,547.34,2.57,2.03,35.9,-0.48,18.71,19.91,04a60495o1046o
60495.424083,18.267,0.154,179,28,o,0,1.01,59.66162,-5.80987,694.78,508.25,2.72,2.0,40.3,-0.46,18.78,19.93,04a60495o1054o
60495.427707,18.555,0.191,137,26,o,0,1.24,59.66162,-5.80987,753.89,588.19,2.77,2.18,37.7,-0.455,18.74,19.97,04a60495o1062o
60495.436005,18.313,0.237,172,41,o,0,1.08,59.66162,-5.80987,768.56,471.04,2.63,1.93,35.0,-0.486,18.08,19.15,04a60495o1080o
60495.444267,18.128,0.245,204,50,o,0,1.77,59.66162,-5.80987,730.09,529.95,2.56,1.8,37.9,-0.505,17.92,18.49,04a60495o1098o
60499.42149,17.726,0.059,295,17,o,0,1.77,59.66162,-5.80987,2282.09,8808.61,2.4,1.96,-76.2,-0.409,19.2,20.32,04a60499o1042o
60499.425612,17.693,0.059,304,18,o,0,1.62,59.66162,-5.80987,2261.04,8770.19,2.23,1.86,-73.7,-0.435,19.19,20.28,04a60499o1051o
60499.435485,17.64,0.054,319,17,o,0,2.05,59.66162,-5.80987,2316.21,8849.06,2.13,1.78,-72.1,-0.454,19.13,20.06,04a60499o1071o
60499.442799,17.569,0.087,341,30,o,0,1.06,59.66162,-5.80987,2335.68,8732.56,2.33,1.87,-68.1,-0.432,18.58,19.12,04a60499o1087o
60503.384341,17.593,0.043,333,14,o,0,1.7,59.66162,-5.80987,6548.98,273.07,2.41,2.26,-3.5,-0.391,19.08,20.46,04a60503o0955o
60503.409988,17.596,0.046,332,15,o,0,1.69,59.66162,-5.80987,6520.91,238.05,2.38,2.3,16.3,-0.402,19.17,20.57,04a60503o1010o
60503.413171,17.825,0.062,269,17,o,0,5.47,59.66162,-5.80987,8247.94,10467.57,2.56,2.37,80.4,-0.392,19.25,20.69,04a60503o1017o
60503.415469,17.404,0.041,397,16,o,0,2.21,59.66162,-5.80987,6577.68,316.57,2.48,2.36,47.7,-0.401,19.19,20.6,04a60503o1022o
60503.424212,17.784,0.05,279,14,o,0,2.19,59.66162,-5.80987,6596.98,199.47,2.66,2.51,48.0,-0.392,19.12,20.61,04a60503o1041o
60503.434907,17.601,0.061,331,20,o,0,1.12,59.66162,-5.80987,8222.73,10431.47,2.62,2.37,-69.0,-0.42,19.06,20.5,04a60503o1063o
60503.443163,18.264,0.223,180,40,o,0,1.44,59.66162,-5.80987,8281.01,10510.06,2.37,2.33,26.8,-0.397,18.61,19.33,04a60503o1081o
60503.445884,17.678,0.124,308,38,o,0,1.6,59.66162,-5.80987,8300.34,10392.41,2.36,1.94,11.2,-0.455,18.28,18.57,04a60503o1087o
60507.414723,17.38,0.066,406,27,o,0,1.49,59.66162,-5.80987,2658.31,467.72,1.97,1.8,41.8,-0.448,18.67,19.95,04a60507o1007o
60507.418327,17.377,0.061,407,25,o,0,1.76,59.66162,-5.80987,2640.54,428.6,2.13,1.93,-2.2,-0.427,18.79,20.15,04a60507o1015o
60507.430963,17.418,0.15,392,59,o,0,0.79,59.66162,-5.80987,2699.65,508.34,1.81,1.75,38.3,-0.467,17.71,18.75,04a60507o1043o
60507.434117,17.205,0.091,477,43,o,0,1.44,59.66162,-5.80987,2715.55,390.91,1.92,1.78,25.6,-0.467,17.78,18.72,04a60507o1050o
60507.442242,17.714,0.114,298,34,o,0,1.09,59.66162,-5.80987,2678.7,449.83,1.98,1.82,35.6,-0.447,18.16,18.6,04a60507o1068o
60510.35787,17.564,0.091,342,31,o,0,1.2,59.66162,-5.80987,2200.48,6863.41,2.47,2.16,-76.1,-0.355,18.35,18.91,04a60510o0888o
60510.361069,17.785,0.104,279,29,o,0,1.58,59.66162,-5.80987,2177.98,6825.3,2.68,2.34,-67.8,-0.349,18.32,18.96,04a60510o0895o
60510.366566,17.637,0.108,320,35,o,0,0.91,59.66162,-5.80987,2233.81,6903.33,2.68,2.34,-73.5,-0.355,18.36,19.05,04a60510o0907o
60510.376642,17.663,0.087,312,27,o,0,1.51,59.66162,-5.80987,2250.1,6788.57,2.66,2.29,-68.3,-0.361,18.38,19.25,04a60510o0929o
60513.147815,17.859,0.102,261,27,o,0,1.47,59.66162,-5.80987,4776.45,2303.1,2.5,2.29,-34.4,-0.411,18.34,18.97,03a60513o0912o
60513.151048,17.611,0.088,328,29,o,0,1.4,59.66162,-5.80987,4757.57,2263.34,2.36,2.18,-38.6,-0.418,18.42,18.99,03a60513o0919o
60513.156568,18.013,0.136,226,31,o,0,1.02,59.66162,-5.80987,4813.35,2341.81,2.53,2.3,-43.8,-0.388,18.33,19.04,03a60513o0931o
60513.177988,17.569,0.08,341,27,o,0,1.15,59.66162,-5.80987,4838.31,2224.87,2.26,2.07,-48.7,-0.429,18.51,19.1,03a60513o0978o
60513.189908,17.806,0.146,274,40,o,0,1.09,59.66162,-5.80987,4796.59,2280.88,2.21,2.05,-40.9,-0.447,17.92,18.02,03a60513o1004o
60515.403551,20.674,1.977,20,39,o,0,7.22,59.66162,-5.80987,10077.67,8416.85,4.52,4.42,-68.4,-0.179,18.12,19.42,04a60515o0992o
60515.407243,-22.508,10.5,-4,38,o,0,1.48,59.66162,-5.80987,10056.06,8378.9,4.15,4.04,-46.2,-0.359,18.15,19.42,04a60515o1000o
60517.162315,18.082,0.107,212,23,o,0,0.86,59.66162,-5.80987,8642.24,2185.07,2.41,2.12,-49.4,-0.416,18.81,19.7,03a60517o0966o
60517.167705,18.007,0.097,228,22,o,0,1.22,59.66162,-5.80987,8625.17,2144.83,2.8,2.49,-49.3,-0.401,18.69,19.72,03a60517o0977o
60517.171814,18.193,0.125,192,24,o,0,1.2,59.66162,-5.80987,8680.2,2224.41,2.9,2.72,-64.8,-0.4,18.62,19.65,03a60517o0986o
60517.178158,18.078,0.111,213,24,o,0,1.15,59.66162,-5.80987,8704.19,2107.77,2.47,2.21,-50.7,-0.412,18.71,19.5,03a60517o0999o
60517.18853,18.132,0.232,203,47,o,0,1.22,59.66162,-5.80987,8662.33,2166.88,2.71,2.38,-47.5,-0.395,17.84,18.15,03a60517o1021o
60519.414885,18.34,0.12,168,20,o,0,1.39,59.66162,-5.80987,4222.24,8710.07,2.33,2.03,-49.3,-0.387,18.98,19.99,04a60519o0999o
60519.424967,18.139,0.091,202,18,o,0,1.98,59.66162,-5.80987,4204.21,8671.44,2.0,1.8,-49.4,-0.42,19.09,19.94,04a60519o1021o
60519.429085,18.017,0.092,226,21,o,0,1.37,59.66162,-5.80987,4262.96,8749.18,2.12,1.92,-57.7,-0.405,19.04,19.91,04a60519o1030o
60519.439043,18.201,0.154,190,29,o,0,1.0,59.66162,-5.80987,4286.23,8632.71,2.21,1.96,-51.5,-0.399,18.53,19.03,04a60519o1051o
60520.600187,18.111,0.085,207,18,o,0,1.36,59.66162,-5.80987,6051.73,6239.53,2.54,2.02,34.5,-0.43,19.12,20.02,02a60520o0770o
60520.610463,18.449,0.11,151,17,o,0,1.55,59.66162,-5.80987,6069.97,6276.82,2.33,1.9,30.9,-0.442,19.22,20.08,02a60520o0791o
60520.623469,18.026,0.113,224,25,o,0,1.41,59.66162,-5.80987,6009.58,6198.66,2.43,1.85,36.7,-0.432,18.64,19.0,02a60520o0817o
60520.628351,18.506,0.388,144,56,o,0,1.17,59.66162,-5.80987,5991.58,6314.59,2.49,1.88,36.4,-0.427,17.8,17.75,02a60520o0827o
60525.15729,18.216,0.082,188,15,o,0,1.18,59.66162,-5.80987,6703.52,2245.15,2.39,2.13,-51.2,-0.429,19.19,20.45,03a60525o1002o
60525.168196,18.323,0.083,170,14,o,0,1.64,59.66162,-5.80987,6689.41,2206.2,2.4,2.17,-46.6,-0.429,19.17,20.44,03a60525o1026o
60525.179404,18.202,0.091,190,17,o,0,1.83,59.66162,-5.80987,6746.04,2286.25,2.26,2.04,-41.8,-0.438,19.0,19.9,03a60525o1050o
60525.186258,18.215,0.188,188,35,o,0,1.03,59.66162,-5.80987,6768.5,2169.51,2.21,2.05,-32.6,-0.466,18.29,18.47,03a60525o1065o
60528.602445,18.307,0.081,173,14,o,0,1.63,59.66162,-5.80987,5933.83,10227.0,2.31,2.07,-48.6,-0.439,19.32,20.42,02a60528o0786o
60528.606607,18.35,0.085,166,14,o,0,1.68,59.66162,-5.80987,5952.11,10266.16,2.2,2.08,-59.6,-0.442,19.38,20.41,02a60528o0795o
60528.610897,18.14,0.097,201,20,o,0,1.71,59.66162,-5.80987,4318.39,55.32,2.66,2.34,-11.1,-0.389,19.14,20.39,02a60528o0804o
60528.622184,18.445,0.107,152,16,o,0,1.95,59.66162,-5.80987,5894.25,10187.94,2.29,2.13,-43.1,-0.431,19.13,20.01,02a60528o0826o
60528.625007,17.997,0.092,230,21,o,0,1.43,59.66162,-5.80987,4236.76,94.2,2.15,2.1,-68.7,-0.411,18.85,19.55,02a60528o0832o
60528.628797,18.841,0.379,106,40,o,0,1.4,59.66162,-5.80987,5875.02,10305.27,2.43,2.27,-46.2,-0.439,18.37,18.74,02a60528o0840o
60529.130103,18.127,0.083,204,17,o,0,1.26,59.66162,-5.80987,4723.22,350.0,2.56,2.4,-43.8,-0.384,19.11,20.44,03a60529o0890o
60529.132871,18.163,0.076,197,15,o,0,1.16,59.66162,-5.80987,4703.65,310.58,2.44,2.25,-40.4,-0.386,19.13,20.43,03a60529o0896o
60529.133797,18.213,0.087,188,16,o,0,1.44,59.66162,-5.80987,6129.09,10516.33,2.91,2.33,-33.3,-0.377,19.22,20.53,03a60529o0898o
60529.139762,17.988,0.071,232,16,o,0,1.47,59.66162,-5.80987,4759.7,389.67,2.43,2.27,-38.1,-0.382,19.07,20.39,03a60529o0911o
60529.152021,17.84,0.066,266,17,o,0,1.16,59.66162,-5.80987,4784.46,272.37,2.41,2.19,-26.4,-0.384,19.1,20.42,03a60529o0937o
60529.154293,18.427,0.116,155,18,o,0,1.16,59.66162,-5.80987,6204.85,10478.81,2.93,2.35,-32.3,-0.378,19.16,20.52,03a60529o0942o
60529.182382,18.476,0.251,148,37,o,0,0.76,59.66162,-5.80987,4750.98,331.3,2.38,2.19,-37.1,-0.386,18.25,18.75,03a60529o1003o
60532.606456,18.992,0.116,92,11,c,0,1.49,59.66162,-5.80987,2453.81,2062.42,2.35,2.3,82.6,-0.415,19.5,21.14,02a60532o0787c
60532.610535,18.861,0.102,104,11,c,0,1.21,59.66162,-5.80987,2474.69,2100.96,2.31,2.26,79.8,-0.417,19.5,21.13,02a60532o0796c
60532.616502,19.272,0.148,71,10,c,0,1.13,59.66162,-5.80987,2413.69,2023.21,2.33,2.27,69.9,-0.415,19.48,21.08,02a60532o0809c
60532.622121,18.909,0.136,99,14,c,0,0.94,59.66162,-5.80987,2396.32,2139.5,2.53,2.42,46.9,-0.412,19.3,20.85,02a60532o0821c
60535.406324,19.11,0.114,82,9,c,0,1.54,59.66162,-5.80987,2777.74,2417.5,2.19,2.0,53.3,-0.399,19.47,21.12,04a60535o0956c
60535.409041,18.943,0.126,96,12,c,0,1.4,59.66162,-5.80987,2761.63,2378.67,2.21,2.08,45.3,-0.411,19.45,21.13,04a60535o0962c
60535.420903,19.814,0.239,43,10,c,0,1.99,59.66162,-5.80987,2826.23,2455.28,2.19,2.09,46.6,-0.398,19.41,21.09,04a60535o0988c
60535.427266,19.382,0.179,64,12,c,0,1.4,59.66162,-5.80987,2847.57,2337.63,2.23,2.16,56.2,-0.401,19.26,20.68,04a60535o1002c
60538.605722,18.787,0.116,111,13,o,0,1.98,59.66162,-5.80987,10201.26,10376.98,2.78,2.53,-61.7,-0.423,19.49,20.84,01a60538o0774o
60538.606185,18.988,0.136,92,12,o,0,1.43,59.66162,-5.80987,8538.73,135.85,2.66,2.42,-52.7,-0.457,19.45,20.83,01a60538o0775o
60538.607681,18.926,0.139,98,14,o,0,1.19,59.66162,-5.80987,10179.08,10336.82,2.85,2.59,-61.2,-0.412,19.45,20.85,01a60538o0778o
60538.61735,18.935,0.111,97,11,o,0,2.43,59.66162,-5.80987,8519.04,96.48,2.53,2.34,-53.9,-0.432,19.47,20.77,01a60538o0797o
60538.618276,18.765,0.118,113,13,o,0,1.21,59.66162,-5.80987,10238.35,10415.14,2.76,2.49,-63.1,-0.446,19.43,20.76,01a60538o0799o
60538.630208,18.774,0.206,112,23,o,0,1.14,59.66162,-5.80987,8573.06,171.71,2.45,2.26,-41.6,-0.45,18.83,19.33,01a60538o0821o
60538.633436,18.381,0.225,161,36,o,0,1.18,59.66162,-5.80987,10262.04,10294.53,2.76,2.59,-51.3,-0.439,18.28,18.37,01a60538o0827o
60538.634819,18.46,0.261,150,39,o,0,1.6,59.66162,-5.80987,8589.97,54.47,2.55,2.41,-55.6,-0.463,18.03,17.99,01a60538o0830o
60540.544149,18.436,0.2,153,31,o,0,1.29,59.66162,-5.80987,614.62,4102.95,2.5,2.3,-2.7,-0.395,18.28,18.93,02a60540o0674o
60540.547333,18.486,0.205,146,30,o,0,1.73,59.66162,-5.80987,634.91,4141.43,2.53,2.33,-1.1,-0.405,18.28,18.95,02a60540o0681o
60540.553214,18.402,0.168,158,27,o,0,1.31,59.66162,-5.80987,575.47,4063.3,2.43,2.09,0.4,-0.403,18.42,19.0,02a60540o0694o
60540.55872,18.991,0.267,92,25,o,0,1.5,59.66162,-5.80987,554.08,4178.98,2.37,2.0,1.1,-0.403,18.45,19.04,02a60540o0706o
60541.09493,20.388,1.31,25,33,o,0,1.17,59.66162,-5.80987,9910.8,6563.88,2.77,2.53,-50.5,-0.377,18.4,19.01,03a60541o0847o
60541.098086,19.084,0.414,84,35,o,0,0.73,59.66162,-5.80987,9892.13,6525.04,2.82,2.44,-48.3,-0.37,18.43,19.03,03a60541o0854o
60541.103496,18.843,0.367,105,39,o,0,0.88,59.66162,-5.80987,9947.83,6604.42,2.76,2.44,-45.3,-0.37,18.43,19.06,03a60541o0866o
60541.113419,18.517,0.181,142,26,o,0,1.24,59.66162,-5.80987,9970.21,6489.08,2.47,2.17,-44.2,-0.377,18.62,19.11,03a60541o0888o
60541.173276,21.14,2.697,13,34,o,0,0.93,59.66162,-5.80987,9929.86,6554.18,2.42,2.15,-44.9,-0.383,18.5,18.88,03a60541o1018o
60542.555441,19.417,0.651,62,40,o,0,1.2,59.66162,-5.80987,119.71,3980.18,2.4,2.2,46.5,-0.375,18.17,18.6,01a60542o0689o
60542.557289,18.698,0.269,120,32,o,0,1.15,59.66162,-5.80987,10359.51,4044.55,2.36,2.24,-28.1,-0.38,18.46,18.74,01a60542o0693o
60542.559307,19.226,0.338,74,25,o,0,1.26,59.66162,-5.80987,102.84,3943.26,2.57,2.28,38.0,-0.372,18.59,18.89,01a60542o0697o
60542.560765,18.967,0.318,94,30,o,0,0.94,59.66162,-5.80987,10339.0,4005.45,2.34,2.22,-27.2,-0.384,18.35,18.74,01a60542o0700o
60542.564996,18.862,0.198,104,20,o,0,1.34,59.66162,-5.80987,159.03,4021.25,2.42,2.23,42.6,-0.372,18.76,19.09,01a60542o0709o
60542.567982,18.659,0.151,125,19,o,0,1.61,59.66162,-5.80987,10397.21,4083.0,2.37,2.24,-38.2,-0.394,18.72,19.1,01a60542o0715o
60542.57102,19.313,0.308,68,21,o,0,1.51,59.66162,-5.80987,177.78,3907.83,2.59,2.32,42.1,-0.356,18.77,19.17,01a60542o0721o
60542.578733,18.76,0.167,114,19,o,0,1.42,59.66162,-5.80987,10418.59,3963.68,2.33,2.19,-27.7,-0.39,18.83,19.16,01a60542o0737o
60544.541149,19.011,0.247,90,22,o,0,1.41,59.66162,-5.80987,2597.34,4392.94,3.04,2.68,33.2,-0.38,18.65,19.19,01a60544o0618o
60544.545974,18.995,0.25,92,23,o,0,1.21,59.66162,-5.80987,2578.63,4355.36,2.99,2.63,37.6,-0.383,18.65,19.21,01a60544o0628o
60544.549063,19.282,0.397,70,28,o,0,0.83,59.66162,-5.80987,2634.39,4434.27,3.1,2.79,35.5,-0.377,18.6,19.23,01a60544o0634o
60544.554207,19.132,0.353,81,28,o,0,0.97,59.66162,-5.80987,2657.44,4319.01,3.14,2.82,41.7,-0.371,18.64,19.28,01a60544o0644o
60544.604718,19.252,0.268,72,19,o,0,1.32,59.66162,-5.80987,2612.71,4384.2,3.48,2.91,38.5,-0.308,18.76,19.57,01a60544o0733o
60545.050672,19.183,0.488,77,38,o,0,1.63,59.66162,-5.80987,841.3,427.89,2.59,2.42,-73.2,-0.411,18.31,18.8,03a60545o0764o
60545.052927,18.484,0.224,147,33,o,0,2.13,59.66162,-5.80987,824.57,387.3,2.61,2.42,-70.5,-0.423,18.32,18.82,03a60545o0769o
60545.068217,-20.52,1.752,-22,39,o,0,1.14,59.66162,-5.80987,881.6,467.49,2.78,2.62,-74.4,-0.404,18.34,18.91,03a60545o0802o
60545.073629,18.164,0.183,197,36,o,0,1.13,59.66162,-5.80987,901.78,349.81,2.86,2.7,-51.9,-0.422,18.29,18.95,03a60545o0814o
60546.503149,19.695,0.51,48,25,o,0,1.51,59.66162,-5.80987,2596.85,4389.46,3.02,2.6,39.4,-0.37,18.54,18.99,01a60546o0552o
60546.506724,-20.921,1.532,-16,24,o,0,1.8,59.66162,-5.80987,2577.32,4351.13,2.97,2.58,41.1,-0.384,18.57,19.04,01a60546o0559o
60546.514409,19.079,0.292,85,25,o,0,1.16,59.66162,-5.80987,2637.37,4429.91,3.01,2.55,42.3,-0.38,18.63,19.13,01a60546o0574o
60546.531627,19.37,0.294,65,19,o,0,1.89,59.66162,-5.80987,2659.32,4317.51,2.93,2.54,37.3,-0.375,18.73,19.27,01a60546o0607o
60548.381214,19.337,0.681,67,46,o,0,1.35,59.66162,-5.80987,2585.48,4452.04,2.21,1.98,82.0,-0.396,17.85,18.41,04a60548o0829o
60548.383017,18.408,0.482,157,76,o,0,0.87,59.66162,-5.80987,2565.89,4413.38,2.15,1.99,-89.8,-0.392,17.36,17.76,04a60548o0833o
60548.386171,19.278,1.027,71,72,o,0,0.88,59.66162,-5.80987,2626.31,4490.78,2.1,1.91,84.5,-0.396,17.61,18.17,04a60548o0840o
60548.412012,-18.082,0.432,-212,92,o,0,1.04,59.66162,-5.80987,2663.63,4370.64,2.11,1.95,-78.5,-0.406,17.07,17.31,04a60548o0893o
60553.077334,19.39,0.209,64,13,o,0,1.71,59.66162,-5.80987,2605.51,4376.84,2.61,2.41,-26.4,-0.401,19.26,20.88,03a60553o0773o
60553.080491,19.093,0.177,84,15,o,0,1.13,59.66162,-5.80987,2585.64,4337.3,2.63,2.43,-38.5,-0.393,19.28,20.88,03a60553o0780o
60553.083646,19.909,0.341,40,14,o,0,1.18,59.66162,-5.80987,2641.81,4415.8,2.69,2.44,-29.1,-0.393,19.24,20.9,03a60553o0787o
60553.109488,19.263,0.203,72,15,o,0,1.44,59.66162,-5.80987,2668.45,4303.83,2.79,2.52,-28.0,-0.381,19.22,20.87,03a60553o0840o
60555.340567,18.945,0.134,96,13,o,0,1.58,59.66162,-5.80987,8364.32,4157.71,2.44,2.12,-22.6,-0.424,19.29,20.67,04a60555o0813o
60555.342369,19.494,0.247,58,14,o,0,1.28,59.66162,-5.80987,8347.44,4119.29,2.3,2.07,-19.8,-0.454,19.32,20.65,04a60555o0817o
60555.345523,19.709,0.243,48,12,o,0,2.17,59.66162,-5.80987,8406.22,4196.12,2.32,2.12,-9.9,-0.451,19.35,20.66,04a60555o0824o
60555.35915,18.876,0.134,102,14,o,0,1.32,59.66162,-5.80987,8429.82,4079.61,2.32,2.07,-12.4,-0.443,19.35,20.63,04a60555o0852o
60556.565268,19.555,0.266,55,14,o,0,1.6,59.66162,-5.80987,7882.1,10139.3,2.45,2.15,-52.1,-0.435,19.35,20.45,02a60556o0747o
60556.567078,19.426,0.217,62,13,o,0,1.85,59.66162,-5.80987,7899.44,10179.12,2.4,2.07,-61.7,-0.444,19.35,20.44,02a60556o0751o
60556.572583,20.391,0.5,25,13,o,0,2.46,59.66162,-5.80987,7841.86,10100.47,2.43,2.21,-50.6,-0.437,19.34,20.46,02a60556o0763o
60556.579011,20.794,0.788,18,14,o,0,1.49,59.66162,-5.80987,7825.84,10218.38,2.34,2.05,-62.8,-0.447,19.37,20.46,02a60556o0777o
60558.596215,19.483,0.178,58,10,o,0,1.69,59.66162,-5.80987,6042.88,6639.25,2.54,2.37,30.8,-0.377,19.61,20.95,01a60558o0781o
60558.620449,19.609,0.195,52,10,o,0,1.99,59.66162,-5.80987,6024.82,6598.99,2.71,2.43,33.8,-0.368,19.5,20.92,01a60558o0828o
60558.629753,19.206,0.171,75,13,o,0,1.13,59.66162,-5.80987,6082.27,6680.47,2.62,2.36,34.3,-0.372,19.35,20.37,01a60558o0847o
60559.281075,20.113,0.538,33,18,o,0,1.73,59.66162,-5.80987,6058.0,6672.29,2.34,2.09,-27.6,-0.426,19.06,20.4,04a60559o0672o
60559.282894,20.185,0.577,31,18,o,0,1.38,59.66162,-5.80987,6037.25,6633.65,2.24,2.02,-37.8,-0.406,19.09,20.48,04a60559o0676o
60559.306176,20.59,0.656,21,14,o,0,1.73,59.66162,-5.80987,6092.28,6713.48,2.27,1.98,-50.4,-0.411,19.26,20.57,04a60559o0722o
60559.321905,19.016,0.157,90,14,o,0,2.01,59.66162,-5.80987,6117.58,6596.51,2.41,2.17,-27.6,-0.428,19.16,20.59,04a60559o0756o
60560.492819,20.84,0.879,17,15,o,0,1.63,59.66162,-5.80987,8393.62,3725.83,2.31,2.19,-2.3,-0.405,19.19,20.16,02a60560o0595o
60560.494626,19.178,0.225,77,17,o,0,1.46,59.66162,-5.80987,8413.75,3764.78,2.42,2.23,4.2,-0.406,19.16,20.18,02a60560o0599o
60560.497792,19.883,0.341,40,14,o,0,2.2,59.66162,-5.80987,8354.11,3686.23,2.27,2.14,-1.8,-0.408,19.23,20.2,02a60560o0606o
60560.503221,19.05,0.175,87,15,o,0,1.35,59.66162,-5.80987,8334.9,3803.18,2.36,2.19,3.5,-0.404,19.21,20.23,02a60560o0618o
60561.048543,20.386,0.443,25,11,c,0,1.27,59.66162,-5.80987,2168.44,6779.14,2.69,2.4,-45.9,-0.396,19.46,21.37,03a60561o0682c
60561.050868,19.831,0.249,42,11,c,0,1.78,59.66162,-5.80987,2148.81,6740.23,2.64,2.38,-48.0,-0.395,19.45,21.36,03a60561o0687c
60561.053633,20.524,0.47,22,10,c,0,1.64,59.66162,-5.80987,2203.86,6819.11,2.66,2.4,-40.4,-0.391,19.46,21.36,03a60561o0693c
60561.0871,20.664,0.504,20,10,c,0,1.19,59.66162,-5.80987,2227.66,6706.49,2.55,2.32,-46.8,-0.398,19.52,21.37,03a60561o0765c
60562.614847,18.94,0.093,96,9,o,0,2.88,59.66162,-5.80987,4711.58,2277.75,2.45,2.15,35.4,-0.434,19.61,20.79,01a60562o0767o
60562.623209,19.134,0.133,81,11,o,0,1.57,59.66162,-5.80987,5918.18,8339.32,2.64,2.38,47.9,-0.386,19.5,20.72,01a60562o0783o
60562.62616,20.407,0.433,25,11,o,0,1.45,59.66162,-5.80987,4749.78,2316.29,2.48,2.24,37.6,-0.425,19.53,20.65,01a60562o0788o
60562.635222,18.981,0.195,93,18,o,0,1.17,59.66162,-5.80987,4769.75,2200.77,2.61,2.32,37.4,-0.422,18.92,19.39,01a60562o0806o
60563.290972,16.563,1.222,861,1052,o,0,0.8,59.66162,-5.80987,4703.14,2326.24,2.21,2.12,-69.4,-0.41,14.43,15.79,04a60563o0521o
60563.292799,-18.071,1.6,-215,343,o,0,1.46,59.66162,-5.80987,4682.09,2287.38,2.19,2.1,-65.5,-0.417,15.75,17.13,04a60563o0525o
60563.31686,16.787,1.408,700,986,o,0,1.18,59.66162,-5.80987,4743.03,2364.21,2.47,2.44,-67.9,-0.4,14.69,16.12,04a60563o0576o
60563.332376,17.596,4.067,332,1351,o,0,1.12,59.66162,-5.80987,4769.16,2246.54,2.15,2.07,-61.6,-0.419,14.41,15.72,04a60563o0608o
60564.556531,20.205,0.366,30,11,o,0,2.08,59.66162,-5.80987,500.53,2141.54,1.89,1.82,36.8,-0.455,19.45,20.41,02a60564o0735o
60564.581104,20.393,0.534,25,14,o,0,1.43,59.66162,-5.80987,523.12,2181.89,1.98,1.8,31.2,-0.457,19.47,20.51,02a60564o0787o
60564.584267,20.648,0.521,20,10,o,0,2.02,59.66162,-5.80987,464.94,2103.94,1.92,1.81,27.6,-0.461,19.48,20.52,02a60564o0794o
60564.587883,19.763,0.242,45,11,o,0,1.92,59.66162,-5.80987,445.47,2222.1,1.89,1.8,27.5,-0.454,19.46,20.53,02a60564o0802o
60567.303508,21.879,2.605,6,17,o,0,1.29,59.66162,-5.80987,8574.25,2121.08,2.38,2.17,-28.6,-0.402,19.09,20.0,04a60567o0697o
60567.305314,19.405,0.226,63,14,o,0,2.85,59.66162,-5.80987,8554.3,2082.27,2.33,2.24,-41.0,-0.405,19.07,20.0,04a60567o0701o
60567.308497,19.548,0.292,55,16,o,0,1.64,59.66162,-5.80987,8613.62,2159.45,2.35,2.22,-30.2,-0.408,19.06,20.01,04a60567o0708o
60567.313936,19.874,0.336,41,14,o,0,1.86,59.66162,-5.80987,8636.13,2042.5,2.35,2.24,-40.9,-0.398,19.09,20.04,04a60567o0720o
60571.279178,21.257,3.256,11,37,o,0,0.9,59.66162,-5.80987,4502.11,4358.82,2.11,1.98,-49.1,-0.5,18.19,18.31,04a60571o0369o
60571.280984,20.112,0.951,33,31,o,0,1.4,59.66162,-5.80987,4484.93,4320.28,2.03,1.92,-54.0,-0.503,18.26,18.32,04a60571o0373o
60571.284141,19.959,0.878,38,33,o,0,1.39,59.66162,-5.80987,4543.26,4397.53,2.05,1.96,-51.9,-0.503,18.23,18.33,04a60571o0380o
60571.289583,19.378,0.522,64,34,o,0,1.32,59.66162,-5.80987,4561.65,4281.59,2.15,2.08,-40.4,-0.488,18.23,18.34,04a60571o0392o
60572.478352,19.638,0.616,51,31,o,0,1.53,59.66162,-5.80987,4117.02,6320.92,2.29,1.84,30.2,-0.423,18.06,18.32,02a60572o0595o
60572.481519,19.811,0.676,43,29,o,0,1.88,59.66162,-5.80987,4137.15,6359.8,2.3,1.83,31.4,-0.438,18.35,18.63,02a60572o0602o
60572.486941,-19.029,0.653,-89,58,o,0,1.25,59.66162,-5.80987,4078.8,6281.65,2.3,1.77,30.7,-0.442,17.95,18.24,02a60572o0614o
60572.500344,-19.357,0.945,-66,62,o,0,1.38,59.66162,-5.80987,4060.41,6398.98,2.41,1.84,33.4,-0.438,17.66,17.93,02a60572o0642o
60574.51846,19.55,0.449,55,25,o,0,1.16,59.66162,-5.80987,6647.94,2186.49,2.63,2.42,34.3,-0.423,18.67,19.06,01a60574o0677o
60574.520307,19.33,0.325,67,22,o,0,1.34,59.66162,-5.80987,6630.1,2146.96,2.64,2.47,27.1,-0.419,18.69,19.07,01a60574o0681o
60574.527694,19.159,0.356,79,28,o,0,0.87,59.66162,-5.80987,6686.36,2224.82,2.98,2.78,29.7,-0.409,18.59,19.08,01a60574o0697o
60574.5337,19.832,0.573,42,24,o,0,1.4,59.66162,-5.80987,6704.4,2107.84,2.7,2.54,26.1,-0.417,18.67,19.1,01a60574o0710o
60575.237587,19.786,0.606,44,27,o,0,1.48,59.66162,-5.80987,6636.35,2228.13,2.44,2.31,-37.4,-0.383,18.32,18.95,04a60575o0580o
60575.239392,20.573,1.098,21,24,o,0,1.7,59.66162,-5.80987,6618.88,2189.35,2.41,2.29,-50.7,-0.392,18.32,19.02,04a60575o0584o
60575.274664,20.07,0.853,34,29,o,0,1.04,59.66162,-5.80987,6676.15,2268.15,2.36,2.27,-37.2,-0.4,18.41,18.79,04a60575o0659o
60575.289361,19.853,0.686,42,28,o,0,1.13,59.66162,-5.80987,6696.3,2151.0,2.33,2.2,-29.2,-0.403,18.44,18.84,04a60575o0690o
60580.521228,18.962,0.156,94,15,o,0,1.6,59.66162,-5.80987,4416.56,1966.37,1.92,1.77,31.7,-0.461,19.41,20.27,02a60580o0683o
60580.523036,23.389,7.529,2,12,o,0,2.46,59.66162,-5.80987,4436.91,2004.64,1.94,1.77,31.0,-0.466,19.38,20.27,02a60580o0687o
60580.526205,20.042,0.394,35,14,o,0,1.25,59.66162,-5.80987,4379.37,1926.48,1.94,1.82,42.4,-0.457,19.37,20.28,02a60580o0694o
60580.53163,19.553,0.23,55,13,o,0,2.03,59.66162,-5.80987,4359.38,2043.55,1.93,1.77,33.0,-0.459,19.4,20.28,02a60580o0706o
60582.502678,19.88,0.286,40,12,o,0,1.41,59.66162,-5.80987,8080.12,8485.32,2.58,2.55,4.3,-0.437,19.45,20.72,01a60582o0551o
60582.523983,20.433,0.504,24,12,o,0,1.51,59.66162,-5.80987,8062.26,8444.38,3.21,2.63,0.4,-0.396,19.35,20.75,01a60582o0595o
60582.527218,20.241,0.445,29,13,o,0,1.53,59.66162,-5.80987,8125.95,8523.21,2.96,2.6,-4.2,-0.411,19.38,20.75,01a60582o0602o
60582.532761,20.143,0.411,32,13,o,0,1.6,59.66162,-5.80987,8144.01,8405.69,3.46,2.71,3.0,-0.388,19.28,20.73,01a60582o0614o
60583.198901,20.221,0.46,30,14,c,0,1.13,59.66162,-5.80987,8110.1,8509.4,3.08,2.64,-62.9,-0.347,19.26,21.26,04a60583o0476c
60583.222973,19.615,0.205,52,11,c,0,1.97,59.66162,-5.80987,8082.82,8473.76,2.8,2.4,-54.6,-0.379,19.36,21.11,04a60583o0524c
60583.224785,20.85,0.849,17,14,c,0,0.91,59.66162,-5.80987,8144.75,8551.72,2.8,2.33,-59.6,-0.398,19.38,21.1,04a60583o0528c
60583.228431,19.894,0.295,40,12,c,0,1.91,59.66162,-5.80987,8162.26,8435.33,3.04,2.54,-59.9,-0.412,19.24,21.09,04a60583o0536c
60584.502817,20.903,0.673,16,11,c,0,1.46,59.66162,-5.80987,7786.67,8184.81,2.56,2.52,38.9,-0.405,19.54,21.28,02a60584o0658c
60584.504625,21.16,0.769,12,10,c,0,1.88,59.66162,-5.80987,7804.43,8223.63,2.56,2.51,43.0,-0.408,19.52,21.28,02a60584o0662c
60584.50824,-22.464,2.5,-4,9,c,0,1.93,59.66162,-5.80987,7746.99,8145.53,2.55,2.48,31.5,-0.406,19.54,21.29,02a60584o0670c
60584.519797,20.666,0.581,20,11,c,0,1.36,59.66162,-5.80987,7730.25,8264.02,2.54,2.46,49.9,-0.422,19.54,21.3,02a60584o0694c
60584.950415,20.531,0.598,22,13,o,0,1.69,59.66162,-5.80987,2863.2,2351.17,2.52,2.39,-24.8,-0.4,19.11,20.52,03a60585o0484o
60584.952221,20.589,0.656,21,14,o,0,1.59,59.66162,-5.80987,2847.09,2312.62,2.42,2.29,-47.0,-0.409,19.16,20.53,03a60585o0488o
60584.955406,19.857,0.42,41,17,o,0,0.88,59.66162,-5.80987,2903.84,2392.22,2.77,2.43,-11.0,-0.396,19.08,20.53,03a60585o0495o
60584.979782,20.192,0.486,30,15,o,0,1.09,59.66162,-5.80987,2921.22,2275.04,2.4,2.22,-64.9,-0.405,19.12,20.44,03a60585o0546o
60586.529419,19.702,0.202,48,10,o,0,1.95,59.66162,-5.80987,4104.53,6718.43,2.6,2.26,36.9,-0.376,19.57,20.82,01a60586o0711o
60586.531267,-21.06,0.678,-14,9,o,0,1.66,59.66162,-5.80987,4084.93,6680.24,2.61,2.26,38.5,-0.383,19.56,20.81,01a60586o0715o
60586.534039,19.257,0.16,72,12,o,0,1.31,59.66162,-5.80987,4142.47,6757.83,2.64,2.31,35.9,-0.376,19.52,20.81,01a60586o0721o
60586.539118,19.83,0.249,42,10,o,0,2.05,59.66162,-5.80987,4163.15,6641.93,2.65,2.34,37.4,-0.377,19.53,20.8,01a60586o0732o
60587.246899,20.264,0.291,28,8,c,0,2.54,59.66162,-5.80987,4119.38,6770.27,2.52,1.98,-68.6,-0.395,19.52,21.41,04a60587o0579c
60587.248715,-22.046,1.415,-6,8,c,0,1.83,59.66162,-5.80987,4098.8,6731.57,2.39,1.98,-71.1,-0.389,19.51,21.37,04a60587o0583c
60587.28169,20.395,0.418,25,10,c,0,1.38,59.66162,-5.80987,4170.64,6807.11,2.42,1.94,-68.7,-0.41,19.55,21.36,04a60587o0647c
60587.284865,21.273,0.978,11,11,c,0,1.06,59.66162,-5.80987,4192.19,6690.93,2.42,1.91,-70.0,-0.404,19.56,21.36,04a60587o0654c
60588.512581,20.45,0.474,24,11,c,0,1.53,59.66162,-5.80987,2067.41,10422.27,2.38,2.12,-47.0,-0.434,19.32,20.83,02a60588o0677c
60588.513033,-20.719,0.606,-19,11,c,0,1.44,59.66162,-5.80987,375.14,181.35,2.45,2.19,-69.9,-0.421,19.45,20.99,02a60588o0678c
60588.534003,-19.83,0.283,-42,12,c,0,1.46,59.66162,-5.80987,2086.5,10463.33,2.51,2.2,-48.1,-0.432,19.46,21.07,02a60588o0723c
60588.534475,20.67,0.519,20,10,c,0,1.39,59.66162,-5.80987,399.15,221.87,2.53,2.25,-67.9,-0.415,19.41,21.01,02a60588o0724c
60588.536735,19.733,0.25,46,12,c,0,2.06,59.66162,-5.80987,2029.47,10384.67,2.54,2.23,-46.3,-0.444,19.36,20.95,02a60588o0729c
60588.537187,20.338,0.435,27,12,c,0,1.61,59.66162,-5.80987,340.14,142.43,2.64,2.32,-65.0,-0.407,19.3,20.88,02a60588o0730c
60588.553664,-18.622,0.171,-129,22,c,0,1.79,59.66162,-5.80987,2011.78,10509.14,2.67,2.32,-49.5,-0.423,19.3,20.96,02a60588o0766c
60588.554116,21.745,1.628,7,12,c,0,1.09,59.66162,-5.80987,321.78,263.78,2.65,2.46,-64.6,-0.414,19.4,21.06,02a60588o0767c
60589.005825,19.379,0.437,64,28,o,0,1.5,59.66162,-5.80987,8601.65,241.47,2.16,1.97,-25.1,-0.472,18.58,19.78,03a60589o0593o
60589.006275,19.233,0.54,74,40,o,0,2.56,59.66162,-5.80987,10072.84,10476.24,2.71,2.06,-49.8,-0.478,18.31,19.57,03a60589o0594o
60589.007634,-18.35,0.354,-166,59,o,0,1.09,59.66162,-5.80987,8583.51,201.79,2.36,2.06,-23.0,-0.435,17.6,18.85,03a60589o0597o
60589.008085,-21.06,2.833,-14,39,o,0,1.41,59.66162,-5.80987,10052.67,10436.54,2.71,2.12,-45.8,-0.459,18.15,19.4,03a60589o0598o
60589.011261,-19.647,0.569,-50,29,o,0,1.76,59.66162,-5.80987,8641.69,282.29,2.2,2.0,-23.2,-0.457,18.55,19.78,03a60589o0605o
60589.011713,-20.659,1.585,-20,31,o,0,1.64,59.66162,-5.80987,10110.76,10517.76,2.71,2.02,-49.8,-0.473,18.52,19.74,03a60589o0606o
60589.016701,19.184,0.318,77,24,o,0,1.72,59.66162,-5.80987,8663.16,165.66,2.35,2.07,-23.1,-0.432,18.56,19.81,03a60589o0617o
60589.017606,-21.37,3.433,-10,35,o,0,0.86,59.66162,-5.80987,10132.33,10401.37,2.69,2.07,-50.0,-0.466,18.63,19.83,03a60589o0619o
60590.555695,20.164,0.308,31,10,o,0,2.15,59.66162,-5.80987,671.35,4194.62,2.72,2.41,46.1,-0.366,19.43,20.67,01a60590o0670o
60590.570534,19.838,0.266,42,11,o,0,1.45,59.66162,-5.80987,616.16,4114.56,2.64,2.35,50.2,-0.379,19.44,20.69,01a60590o0702o
60590.576076,20.938,0.835,15,13,o,0,1.63,59.66162,-5.80987,595.97,4229.82,3.21,3.04,42.7,-0.367,19.19,20.67,01a60590o0714o
60592.478928,20.545,0.431,22,10,c,0,1.79,59.66162,-5.80987,232.52,6519.71,2.43,2.36,-31.7,-0.356,19.45,21.1,02a60592o0462c
60592.481663,21.561,1.083,9,9,c,0,2.42,59.66162,-5.80987,252.6,6560.17,2.51,2.38,-34.6,-0.357,19.44,21.12,02a60592o0468c
60592.493123,19.649,0.167,50,8,c,0,2.29,59.66162,-5.80987,195.58,6480.82,2.45,2.37,-27.2,-0.358,19.49,21.16,02a60592o0493c
60592.521712,20.43,0.404,24,10,c,0,1.7,59.66162,-5.80987,180.42,6600.62,2.63,2.48,-21.1,-0.371,19.44,21.14,02a60592o0555c
60592.600198,-17.408,0.025,-395,10,c,0,10.78,59.66162,-5.80987,74.31,4015.71,2.51,2.46,78.3,-0.369,19.4,21.0,02a60592o0725c
60592.628806,19.674,0.33,49,16,c,0,0.75,59.66162,-5.80987,101.78,3901.99,2.67,2.59,67.7,-0.38,19.27,20.81,02a60592o0787c
60592.953092,22.887,6.813,2,17,o,0,1.43,59.66162,-5.80987,150.84,3916.0,2.42,2.13,-73.7,-0.375,19.11,20.18,03a60593o0481o
60592.956264,20.515,0.7,23,16,o,0,1.44,59.66162,-5.80987,134.63,3877.26,2.34,2.07,-69.0,-0.393,19.19,20.3,03a60593o0488o
60592.957166,20.135,0.382,32,12,o,0,1.97,59.66162,-5.80987,10355.35,4157.53,2.37,1.98,-56.5,-0.372,19.17,20.25,03a60593o0490o
60592.959929,19.676,0.289,49,14,o,0,1.53,59.66162,-5.80987,190.72,3956.61,2.37,2.1,-73.9,-0.392,19.23,20.32,03a60593o0496o
60592.960381,20.199,0.458,30,14,o,0,1.71,59.66162,-5.80987,10335.24,4119.45,2.38,1.99,-55.9,-0.372,19.17,20.26,03a60593o0497o
60592.963138,19.814,0.36,43,16,o,0,1.52,59.66162,-5.80987,10391.33,4198.36,2.4,2.01,-56.1,-0.376,19.22,20.3,03a60593o0503o
60592.965405,19.788,0.406,44,18,o,0,0.94,59.66162,-5.80987,210.47,3841.38,2.35,2.09,-73.0,-0.385,19.21,20.32,03a60593o0508o
60592.982258,19.846,0.371,42,16,o,0,1.8,59.66162,-5.80987,10414.96,4083.71,2.36,1.99,-56.7,-0.368,19.23,20.36,03a60593o0544o
60596.46782,20.813,1.233,17,21,o,0,1.2,59.66162,-5.80987,9735.58,8108.68,2.54,2.17,-61.0,-0.44,19.14,19.94,02a60596o0601o
60596.469628,20.803,1.041,17,18,o,0,1.43,59.66162,-5.80987,9755.64,8148.25,2.52,2.09,-62.0,-0.438,19.14,19.96,02a60596o0605o
60596.474199,20.274,0.596,28,17,o,0,1.55,59.66162,-5.80987,9697.46,8069.76,2.43,2.02,-62.9,-0.438,19.22,19.97,02a60596o0615o
60596.479639,19.875,0.378,41,15,o,0,2.33,59.66162,-5.80987,9676.58,8186.7,2.47,2.08,-60.9,-0.441,19.19,19.99,02a60596o0627o
60598.218317,19.221,0.541,74,40,o,0,0.82,59.66162,-5.80987,2273.56,8809.13,2.22,1.82,-67.4,-0.456,18.38,18.65,04a60598o0497o
60598.220123,21.524,2.418,9,22,o,0,1.63,59.66162,-5.80987,2253.9,8770.08,2.21,1.78,-69.3,-0.456,18.71,19.08,04a60598o0501o
60598.222858,19.825,0.643,43,27,o,0,1.71,59.66162,-5.80987,2312.56,8847.66,2.34,1.81,-72.2,-0.442,18.5,18.88,04a60598o0507o
60598.23006,19.953,0.676,38,26,o,0,1.11,59.66162,-5.80987,2335.81,8729.86,2.1,1.76,-67.2,-0.435,18.78,19.21,04a60598o0522o
60598.444808,19.686,0.455,48,22,o,0,1.31,59.66162,-5.80987,2233.24,8748.66,2.58,2.52,17.4,-0.412,18.81,19.3,01a60598o0549o
60598.446655,19.859,0.545,41,22,o,0,1.29,59.66162,-5.80987,2214.23,8710.56,2.52,2.46,43.9,-0.425,18.83,19.31,01a60598o0553o
60598.452194,18.776,0.182,112,20,o,0,1.35,59.66162,-5.80987,2272.78,8788.68,2.53,2.46,20.8,-0.419,18.85,19.32,01a60598o0565o
60598.457268,20.787,1.169,18,21,o,0,1.44,59.66162,-5.80987,2296.94,8673.97,2.7,2.53,46.5,-0.409,18.81,19.35,01a60598o0576o
60599.188901,19.622,0.656,51,34,o,0,1.1,59.66162,-5.80987,2271.69,8807.87,2.28,1.88,-70.6,-0.447,18.38,18.69,04a60599o0456o
60599.191166,20.035,0.84,35,30,o,0,1.49,59.66162,-5.80987,2251.24,8768.42,2.32,1.92,-75.4,-0.45,18.42,18.71,04a60599o0461o
60599.194346,20.123,0.866,32,28,o,0,1.78,59.66162,-5.80987,2310.09,8846.21,2.32,1.88,-66.7,-0.448,18.43,18.72,04a60599o0468o
