MJD,m,dm,uJy,duJy,F,err,chi/N,RA,Dec,x,y,maj,min,phi,apfit,mag5sig,Sky,Obs
60575.943783,20.234,0.789,29,23,o,0,1.13,18.46353,-31.79167,462.67,6917.51,2.46,2.11,-61.7,-0.402,18.98,19.96,03a60576o0475o
60575.945134,20.593,1.0,21,21,o,0,3.24,18.46353,-31.79167,10508.62,7143.87,2.62,2.07,-52.1,-0.379,18.94,19.87,03a60576o0478o
60575.945584,20.392,0.845,25,21,o,0,1.76,18.46353,-31.79167,442.96,6880.14,2.48,2.11,-66.1,-0.397,18.99,19.99,03a60576o0479o
60575.948469,21.082,1.781,13,24,o,0,2.44,18.46353,-31.79167,10491.38,7105.04,2.65,2.19,-51.2,-0.371,18.89,19.83,03a60576o0485o
60575.980291,22.676,6.833,3,21,o,0,1.54,18.46353,-31.79167,10060.61,3637.3,2.46,2.19,-54.1,-0.397,18.82,19.74,03a60576o0553o
60575.986722,20.201,0.682,30,21,o,0,1.52,18.46353,-31.79167,10036.13,3753.42,2.48,2.24,-42.1,-0.374,18.84,19.74,03a60576o0567o
60577.252215,20.148,0.812,32,26,o,0,1.7,18.46353,-31.79167,10243.24,3596.82,2.62,2.18,-20.1,-0.395,18.04,19.37,04a60577o0347o
60577.255369,17.445,1.489,382,569,o,0,1.07,18.46353,-31.79167,10263.12,3633.45,2.75,2.21,-19.1,-0.335,16.93,18.13,04a60577o0354o
60577.260778,14.959,0.493,3770,1860,o,0,1.18,18.46353,-31.79167,10201.59,3549.18,2.71,2.4,-19.2,-0.422,16.55,17.44,04a60577o0366o
60577.271398,-18.299,0.411,-174,72,o,0,1.24,18.46353,-31.79167,10181.31,3656.56,2.63,2.21,-17.2,-0.394,17.32,18.25,04a60577o0388o
60577.271848,-20.164,2.168,-31,68,o,0,1.08,18.46353,-31.79167,169.69,3591.01,2.43,1.99,49.1,-0.366,17.84,18.98,04a60577o0389o
60577.272299,20.411,1.964,25,49,o,0,1.22,18.46353,-31.79167,10181.28,3655.51,2.81,2.3,-20.2,-0.363,17.84,18.68,04a60577o0390o
60577.275002,-20.813,2.51,-17,43,o,0,1.04,18.46353,-31.79167,188.73,3625.7,2.34,1.94,54.3,-0.376,17.8,18.62,04a60577o0396o
60577.280724,-19.526,2.815,-56,158,o,0,1.55,18.46353,-31.79167,129.83,3545.35,2.65,2.19,39.2,-0.367,16.9,18.29,04a60577o0407o
60577.281954,-19.212,1.355,-75,102,o,0,1.13,18.46353,-31.79167,129.3,3543.83,2.61,2.11,53.1,-0.359,17.03,17.67,04a60577o0409o
60577.31737,17.916,0.664,248,164,o,0,1.0,18.46353,-31.79167,108.91,3636.45,2.63,2.01,45.1,-0.357,16.58,17.04,04a60577o0482o
60579.919363,20.36,0.681,26,18,o,0,5.44,18.46353,-31.79167,8644.3,9173.68,2.69,2.24,-44.5,-0.409,19.29,20.7,03a60580o0421o
60579.922546,-21.238,2.235,-12,26,o,0,1.31,18.46353,-31.79167,8623.45,9135.51,2.74,2.15,-47.3,-0.41,19.07,20.48,03a60580o0428o
60579.925289,19.327,0.221,68,15,o,0,5.33,18.46353,-31.79167,8682.88,9214.0,2.75,2.15,-47.9,-0.415,19.28,20.72,03a60580o0434o
60579.933642,19.808,0.503,43,22,o,0,1.29,18.46353,-31.79167,8703.58,9099.4,2.66,2.23,-44.1,-0.41,19.08,20.48,03a60580o0452o
60581.266482,-22.46,3.111,-4,12,c,0,2.36,18.46353,-31.79167,1995.29,1506.91,2.61,2.01,45.9,-0.398,19.49,21.31,04a60581o0268c
60581.269851,20.572,0.619,21,13,c,0,1.12,18.46353,-31.79167,2014.81,1542.8,2.32,1.81,41.3,-0.42,19.57,21.56,04a60581o0275c
60581.275092,-20.369,0.399,-26,10,c,0,2.17,18.46353,-31.79167,1955.03,1461.38,2.39,1.88,47.3,-0.408,19.58,21.46,04a60581o0286c
60581.286152,19.734,0.283,46,13,c,0,1.26,18.46353,-31.79167,1934.3,1568.4,2.57,1.99,43.6,-0.405,19.56,21.31,04a60581o0309c
60582.232881,22.233,2.625,5,12,c,0,2.67,18.46353,-31.79167,10086.14,1650.78,3.2,2.41,-16.9,-0.333,19.58,21.48,04a60582o0547c
60582.237035,19.687,0.252,48,12,c,0,3.01,18.46353,-31.79167,10105.18,1686.44,3.16,2.46,-16.6,-0.342,19.57,21.62,04a60582o0555c
60582.269012,20.559,0.536,22,12,c,0,3.16,18.46353,-31.79167,10048.84,1580.46,3.07,2.43,-23.4,-0.361,19.56,21.35,04a60582o0622c
60582.274253,19.346,0.21,66,14,c,0,2.45,18.46353,-31.79167,10026.06,1693.14,3.15,2.47,-22.6,-0.342,19.59,21.32,04a60582o0632c
60585.227572,20.283,0.443,28,12,c,0,1.67,18.46353,-31.79167,4823.1,7700.22,2.51,1.9,-69.7,-0.395,19.64,21.62,04a60585o0520c
60585.23075,20.973,0.805,15,12,c,0,2.83,18.46353,-31.79167,4844.19,7735.94,2.56,1.93,-72.2,-0.391,19.63,21.63,04a60585o0527c
60585.250336,19.938,0.302,38,12,c,0,1.36,18.46353,-31.79167,4789.73,7640.17,2.45,1.89,-70.9,-0.393,19.62,21.53,04a60585o0566c
60585.256143,20.458,0.561,24,13,c,0,1.22,18.46353,-31.79167,4769.07,7750.16,2.48,1.92,-72.1,-0.398,19.58,21.48,04a60585o0577c
60586.145566,22.018,2.35,6,13,c,0,2.45,18.46353,-31.79167,6659.82,7277.07,2.53,2.03,-65.3,-0.41,19.59,21.41,04a60586o0353c
60586.148692,20.114,0.454,33,15,c,0,1.73,18.46353,-31.79167,6642.99,7238.85,2.39,1.99,-67.7,-0.419,19.62,21.42,04a60586o0359c
60586.152464,20.622,0.563,20,12,c,0,3.36,18.46353,-31.79167,6703.88,7316.26,2.45,2.02,-65.4,-0.417,19.6,21.43,04a60586o0367c
60586.159464,20.913,0.717,16,11,c,0,4.49,18.46353,-31.79167,6727.31,7200.21,2.49,2.03,-62.8,-0.411,19.57,21.43,04a60586o0382c
60586.970926,-22.091,2.795,-5,15,o,0,1.01,18.46353,-31.79167,3980.79,3274.19,2.11,1.97,-55.0,-0.45,19.39,20.75,03a60587o0524o
60586.974561,21.495,1.609,9,15,o,0,1.71,18.46353,-31.79167,4000.88,3313.53,2.18,2.01,-54.3,-0.453,19.34,20.73,03a60587o0532o
60587.007718,22.344,3.29,4,14,o,0,1.88,18.46353,-31.79167,3944.04,3236.91,2.11,1.94,-55.6,-0.456,19.37,20.64,03a60587o0600o
60587.013065,24.42,25.75,1,16,o,0,1.1,18.46353,-31.79167,3924.06,3353.13,2.27,2.1,-20.3,-0.439,19.27,20.63,03a60587o0611o
60587.895506,-21.332,1.612,-11,17,o,0,1.26,18.46353,-31.79167,1830.19,581.19,2.4,2.09,-30.5,-0.419,19.35,20.84,03a60588o0355o
60587.927483,20.505,0.773,23,18,o,0,1.29,18.46353,-31.79167,1820.93,539.26,2.3,2.06,-43.3,-0.431,19.4,20.82,03a60588o0416o
60587.929421,21.731,2.0,7,15,o,0,1.56,18.46353,-31.79167,1876.87,620.29,2.18,1.97,-50.4,-0.441,19.42,20.83,03a60588o0420o
60587.933031,23.954,15.571,1,15,o,0,1.84,18.46353,-31.79167,1896.59,504.2,2.17,1.94,-47.2,-0.445,19.47,20.81,03a60588o0428o
60590.855525,-20.41,0.599,-25,15,o,0,2.4,18.46353,-31.79167,2427.96,6901.2,2.53,2.21,-56.7,-0.396,19.25,20.63,03a60591o0274o
60590.857345,-20.403,0.507,-25,13,o,0,2.0,18.46353,-31.79167,2409.41,6861.58,2.52,2.18,-58.8,-0.393,19.23,20.64,03a60591o0278o
60590.860532,-21.728,2.375,-7,18,o,0,1.17,18.46353,-31.79167,2466.2,6941.66,2.6,2.28,-56.1,-0.39,19.21,20.66,03a60591o0285o
60590.865998,-24.536,25.0,-1,14,o,0,2.67,18.46353,-31.79167,2488.08,6825.78,2.59,2.3,-53.3,-0.386,19.22,20.67,03a60591o0297o
60591.919729,21.378,1.219,10,12,o,0,2.24,18.46353,-31.79167,2510.11,4417.6,2.26,2.06,-53.5,-0.425,19.4,20.8,03a60592o0084o
60592.036146,-20.114,0.412,-33,14,o,0,1.61,18.46353,-31.79167,8152.69,6148.82,2.36,2.05,-51.2,-0.408,19.19,20.45,03a60592o0315o
60592.042052,-20.495,0.795,-23,18,o,0,1.44,18.46353,-31.79167,8098.16,6070.55,2.43,2.13,-51.2,-0.41,18.96,20.23,03a60592o0326o
60592.046021,20.146,1.94,32,62,o,0,1.24,18.46353,-31.79167,8075.96,6185.75,2.79,2.57,-52.1,-0.384,18.19,19.66,03a60592o0334o
60593.142405,20.184,0.646,31,20,o,0,1.96,18.46353,-31.79167,2461.74,4558.77,2.28,2.06,68.1,-0.391,19.05,20.26,04a60593o0278o
60593.144215,-23.876,15.714,-1,16,o,0,1.5,18.46353,-31.79167,2443.47,4519.53,2.3,2.15,73.7,-0.388,19.01,20.3,04a60593o0282o
60593.145117,-20.136,0.454,-32,14,o,0,2.56,18.46353,-31.79167,2444.22,4519.7,2.34,2.15,73.5,-0.387,19.04,20.29,04a60593o0284o
60593.147965,-21.354,1.662,-10,17,o,0,2.78,18.46353,-31.79167,2503.67,4598.4,2.32,2.16,77.9,-0.392,19.03,20.3,04a60593o0290o
60593.153891,-21.213,1.326,-12,16,o,0,1.6,18.46353,-31.79167,2526.82,4483.14,2.18,1.95,69.2,-0.401,19.13,20.3,04a60593o0303o
60594.155449,-19.562,0.305,-54,17,o,0,2.44,18.46353,-31.79167,3939.61,1081.49,2.08,1.99,19.2,-0.405,19.09,20.35,04a60594o0310o
60594.157254,21.073,1.5,14,20,o,0,1.27,18.46353,-31.79167,3920.39,1042.68,1.92,1.88,33.6,-0.416,19.1,20.43,04a60594o0314o
60594.189756,-21.582,2.632,-8,22,o,0,1.18,18.46353,-31.79167,6789.56,9529.95,1.97,1.78,-33.9,-0.413,19.2,20.23,04a60594o0382o
60594.195217,0.0,20.572,0,21,o,0,0.71,18.46353,-31.79167,6772.3,9639.51,1.91,1.72,-31.7,-0.431,19.19,20.23,04a60594o0394o
60594.872868,20.024,0.632,36,22,o,0,1.25,18.46353,-31.79167,3993.3,1059.85,2.22,2.03,-53.7,-0.405,19.06,19.96,03a60595o0297o
60594.874674,-19.908,0.476,-40,19,o,0,1.48,18.46353,-31.79167,3974.63,1020.58,2.19,1.99,-53.5,-0.402,19.05,19.97,03a60595o0301o
60594.878331,20.052,0.533,35,18,o,0,1.47,18.46353,-31.79167,4030.04,1101.83,2.2,2.05,-50.5,-0.42,19.05,19.97,03a60595o0308o
60594.885634,20.124,0.62,32,20,o,0,1.74,18.46353,-31.79167,4052.13,987.01,2.18,2.06,-40.7,-0.413,19.05,19.97,03a60595o0324o
60595.887104,19.482,0.346,58,20,o,0,1.71,18.46353,-31.79167,4045.93,3004.93,2.25,2.01,-54.5,-0.44,18.66,19.2,03a60596o0323o
60595.888912,19.681,0.439,49,21,o,0,1.85,18.46353,-31.79167,4027.15,2966.72,2.16,1.96,-56.0,-0.448,18.72,19.21,03a60596o0327o
60595.892544,19.995,0.637,36,23,o,0,2.12,18.46353,-31.79167,4082.59,3045.31,2.2,2.0,-52.6,-0.438,18.68,19.21,03a60596o0335o
60595.897613,-21.198,2.161,-12,26,o,0,1.36,18.46353,-31.79167,4105.39,2930.65,2.14,1.93,-56.1,-0.448,18.72,19.23,03a60596o0346o
60598.11632,-20.284,1.814,-28,51,o,0,1.15,18.46353,-31.79167,4811.56,9324.62,1.98,1.74,-62.7,-0.434,18.17,18.19,04a60598o0286o
60598.118136,18.406,0.508,158,80,o,0,1.11,18.46353,-31.79167,4793.08,9285.41,2.27,1.82,-69.9,-0.468,17.64,17.74,04a60598o0290o
60598.121246,17.884,0.457,255,117,o,0,0.94,18.46353,-31.79167,4855.9,9363.74,2.03,1.8,-57.1,-0.425,17.13,16.87,04a60598o0296o
60598.126368,19.061,4.454,86,384,o,0,0.75,18.46353,-31.79167,4879.2,9247.14,2.11,1.76,-65.8,-0.421,15.99,15.63,04a60598o0307o
60598.89374,18.705,0.595,120,71,o,0,1.4,18.46353,-31.79167,4686.71,9307.23,3.19,2.89,-40.3,-0.363,17.53,17.69,03a60599o0355o
60598.895543,-23.239,32.75,-2,60,o,0,1.63,18.46353,-31.79167,4667.93,9268.13,2.95,2.63,-45.8,-0.358,17.63,17.7,03a60599o0359o
60598.898412,-20.861,4.045,-16,66,o,0,1.18,18.46353,-31.79167,4724.77,9347.41,3.11,2.69,-42.6,-0.357,17.69,17.86,03a60599o0365o
60598.903867,-19.385,1.181,-64,76,o,0,0.8,18.46353,-31.79167,4747.93,9231.43,2.96,2.61,-42.0,-0.369,17.71,17.85,03a60599o0377o
60600.105175,-23.548,48.0,-1,66,o,0,1.18,18.46353,-31.79167,6003.66,5657.43,2.55,2.31,-41.4,-0.404,17.5,17.37,03a60600o0248o
60600.110008,-17.76,0.202,-286,58,o,0,1.32,18.46353,-31.79167,6022.23,5696.5,2.5,2.23,-45.0,-0.396,17.51,17.32,03a60600o0257o
60600.113329,18.323,0.413,170,70,o,0,0.99,18.46353,-31.79167,5965.73,5618.37,2.46,2.26,-45.0,-0.418,17.55,17.33,03a60600o0263o
60600.117209,-18.835,0.539,-106,57,o,0,1.55,18.46353,-31.79167,5943.42,5733.56,2.41,2.19,-42.5,-0.541,17.6,17.36,03a60600o0270o
60601.175593,-21.032,1.974,-14,28,o,0,1.27,18.46353,-31.79167,6153.87,5675.4,2.23,1.84,-40.5,-0.462,18.52,18.76,04a60601o0418o
60601.179609,21.491,3.851,9,35,o,0,0.76,18.46353,-31.79167,6173.52,5709.78,2.16,1.89,-31.9,-0.444,18.54,18.73,04a60601o0426o
60601.186307,20.539,1.59,22,35,o,0,1.19,18.46353,-31.79167,6114.84,5626.1,2.23,1.98,-26.2,-0.455,18.46,18.63,04a60601o0440o
60601.197396,-21.382,3.105,-10,32,o,0,1.21,18.46353,-31.79167,6096.91,5730.76,2.2,1.95,-36.7,-0.454,18.45,18.62,04a60601o0462o
60602.203584,20.071,0.751,34,26,o,0,1.78,18.46353,-31.79167,1129.99,9878.11,2.29,1.78,-68.7,-0.493,18.79,19.22,04a60602o0476o
60602.206745,19.342,0.679,67,45,o,0,1.58,18.46353,-31.79167,1150.13,9913.45,2.38,1.76,-71.5,-0.481,18.81,19.2,04a60602o0483o
60602.214118,20.189,0.881,30,27,o,0,1.15,18.46353,-31.79167,1093.92,9829.87,2.66,1.86,-76.8,-0.413,18.8,19.21,04a60602o0499o
60602.249398,20.727,1.469,19,27,o,0,0.99,18.46353,-31.79167,1071.16,9924.42,2.57,1.81,-73.4,-0.431,18.77,19.14,04a60602o0574o
60605.201379,-23.037,8.769,-2,19,o,0,0.85,18.46353,-31.79167,10325.3,6025.52,2.65,2.26,-12.3,-0.418,19.32,20.49,04a60605o0395o
60605.204762,19.282,0.256,70,18,o,0,2.64,18.46353,-31.79167,10344.52,6063.18,2.57,2.21,-7.6,-0.442,19.27,20.47,04a60605o0401o
60605.210342,0.0,20.845,0,17,o,0,2.11,18.46353,-31.79167,10120.83,5950.69,2.54,2.14,-8.2,-0.449,19.27,20.43,04a60605o0412o
60605.213674,-21.085,1.11,-13,15,o,0,2.81,18.46353,-31.79167,150.5,6001.0,2.46,2.14,75.8,-0.363,19.24,20.42,04a60605o0418o
60605.217168,21.784,2.26,7,16,o,0,1.19,18.46353,-31.79167,163.51,6036.45,2.35,2.11,78.2,-0.374,19.28,20.4,04a60605o0424o
60605.221719,19.399,0.277,63,18,o,0,1.46,18.46353,-31.79167,10249.01,6036.11,2.52,2.11,-9.3,-0.433,19.28,20.34,04a60605o0434o
60605.22262,19.488,0.255,58,15,o,0,2.78,18.46353,-31.79167,227.4,5952.41,2.37,2.09,83.1,-0.376,19.25,20.37,04a60605o0436o
60605.233691,20.207,0.571,30,17,o,0,1.54,18.46353,-31.79167,370.97,6025.17,2.35,2.03,79.4,-0.369,19.18,20.32,04a60605o0459o
60606.18066,20.644,0.752,20,15,o,0,2.1,18.46353,-31.79167,4841.87,9605.45,2.77,2.07,-74.0,-0.406,19.28,20.85,04a60606o0329o
60606.183829,-20.302,0.619,-28,17,o,0,1.26,18.46353,-31.79167,4862.09,9643.98,3.03,2.31,-76.3,-0.387,19.18,20.86,04a60606o0336o
60606.192007,20.976,1.221,15,18,o,0,1.43,18.46353,-31.79167,4804.22,9566.47,2.93,2.26,-74.9,-0.407,19.23,20.84,04a60606o0353o
60606.203006,-20.521,0.738,-22,17,o,0,1.56,18.46353,-31.79167,4781.13,9684.8,3.16,2.46,-72.7,-0.38,19.13,20.79,04a60606o0377o
60606.81175,20.035,0.345,35,12,c,0,2.72,18.46353,-31.79167,5879.74,1011.65,2.48,2.31,-51.3,-0.397,19.56,21.39,03a60607o0163c
60606.813567,20.703,0.724,19,14,c,0,1.73,18.46353,-31.79167,5860.77,973.31,2.41,2.23,-45.8,-0.404,19.58,21.39,03a60607o0167c
60606.817659,20.664,0.603,20,12,c,0,3.66,18.46353,-31.79167,5916.15,1052.74,2.5,2.35,-48.2,-0.407,19.56,21.42,03a60607o0176c
60606.823111,20.306,0.346,27,10,c,0,2.88,18.46353,-31.79167,5938.62,937.6,2.41,2.23,-42.7,-0.403,19.59,21.45,03a60607o0188c
60607.910994,19.68,0.193,49,9,c,0,3.61,18.46353,-31.79167,2037.41,3340.45,2.47,2.2,-61.9,-0.407,19.57,21.52,03a60608o0378c
60607.946532,23.753,10.875,1,12,c,0,1.49,18.46353,-31.79167,2057.0,3380.86,2.37,2.19,-64.0,-0.411,19.6,21.43,03a60608o0453c
60607.949695,21.36,0.957,10,10,c,0,2.91,18.46353,-31.79167,2000.49,3303.98,2.43,2.24,-54.2,-0.407,19.57,21.45,03a60608o0460c
60607.955312,20.391,0.5,25,13,c,0,1.08,18.46353,-31.79167,1979.65,3420.39,2.27,2.13,-47.6,-0.413,19.63,21.43,03a60608o0472c
60609.180673,20.76,0.785,18,14,o,0,1.87,18.46353,-31.79167,2035.06,3427.02,1.95,1.86,81.4,-0.432,19.34,20.56,04a60609o0292o
60609.183834,21.451,1.904,10,18,o,0,0.89,18.46353,-31.79167,2054.85,3465.5,2.01,1.83,70.6,-0.428,19.34,20.51,04a60609o0299o
60609.191112,-21.297,1.248,-11,14,o,0,1.12,18.46353,-31.79167,1993.99,3388.89,1.9,1.83,84.0,-0.427,19.35,20.51,04a60609o0315o
60609.201601,-20.93,1.096,-15,17,o,0,1.19,18.46353,-31.79167,1975.26,3507.22,1.92,1.86,-79.2,-0.429,19.3,20.52,04a60609o0337o
60610.163683,22.446,5.194,4,20,o,0,0.7,18.46353,-31.79167,5944.89,3210.46,2.08,1.85,-18.4,-0.454,19.39,20.81,04a60610o0383o
60610.166584,21.065,1.174,14,16,o,0,1.21,18.46353,-31.79167,5963.82,3249.73,2.09,1.83,-17.2,-0.474,19.38,20.68,04a60610o0389o
60610.200156,20.247,0.567,29,16,o,0,1.29,18.46353,-31.79167,5906.5,3173.16,2.09,1.9,-16.1,-0.494,19.33,20.65,04a60610o0460o
60610.205636,20.307,0.673,27,18,o,0,1.27,18.46353,-31.79167,5886.95,3289.18,2.0,1.89,-11.9,-0.502,19.37,20.62,04a60610o0472o
60613.199711,-23.573,13.0,-1,18,o,0,0.75,18.46353,-31.79167,2819.36,7769.56,1.94,1.76,-66.9,-0.424,19.36,20.62,04a60613o0216o
60613.202546,20.703,1.101,19,21,o,0,1.92,18.46353,-31.79167,2837.1,7808.5,2.16,1.77,-70.0,-0.465,19.4,20.64,04a60613o0222o
60613.208658,20.456,0.814,24,19,o,0,1.08,18.46353,-31.79167,2780.13,7732.18,2.01,1.75,-72.6,-0.429,19.38,20.57,04a60613o0235o
60613.218426,22.161,3.0,5,15,o,0,1.72,18.46353,-31.79167,2759.29,7849.37,2.06,1.76,-72.5,-0.438,19.35,20.52,04a60613o0256o
60614.154851,20.785,0.941,18,17,o,0,1.62,18.46353,-31.79167,7981.78,1671.97,2.36,2.11,-20.4,-0.422,19.38,20.77,04a60614o0356o
60614.158028,23.015,7.143,2,16,o,0,1.99,18.46353,-31.79167,8002.15,1710.66,2.4,2.16,-25.0,-0.41,19.4,20.81,04a60614o0363o
60614.163531,21.106,1.193,13,16,o,0,1.76,18.46353,-31.79167,7942.41,1633.46,2.41,2.16,-19.4,-0.403,19.4,20.79,04a60614o0375o
60614.885373,21.398,1.283,10,13,c,0,1.9,18.46353,-31.79167,8050.14,1754.9,2.56,2.38,-44.2,-0.391,19.58,21.48,03a60615o0311c
60614.888528,-23.442,7.778,-2,12,c,0,2.78,18.46353,-31.79167,8069.84,1795.3,2.61,2.37,-37.8,-0.392,19.57,21.46,03a60615o0318c
60614.895838,-21.202,0.84,-12,10,c,0,3.32,18.46353,-31.79167,8016.09,1715.79,2.58,2.26,-57.8,-0.397,19.56,21.44,03a60615o0334c
60614.906114,20.084,0.368,34,12,c,0,1.96,18.46353,-31.79167,7995.55,1832.09,2.67,2.38,-63.2,-0.391,19.52,21.43,03a60615o0356c
60617.126297,21.167,1.873,12,23,o,0,1.22,18.46353,-31.79167,8714.28,7980.57,2.26,1.89,-13.8,-0.43,19.26,20.65,04a60617o0277o
60617.129615,19.973,0.498,37,18,o,0,1.42,18.46353,-31.79167,8731.69,8020.99,2.27,1.88,-16.3,-0.425,19.41,20.81,04a60617o0283o
60617.164815,-20.575,1.3,-21,28,o,0,1.11,18.46353,-31.79167,8676.14,7946.56,2.32,1.93,-5.7,-0.415,18.73,19.95,04a60617o0357o
60617.170877,-20.3,1.141,-28,31,o,0,1.47,18.46353,-31.79167,8654.35,8060.87,2.99,2.35,-79.7,-0.413,18.63,20.04,04a60617o0369o
60618.158263,-24.343,25.2,-1,17,o,0,1.58,18.46353,-31.79167,3874.7,1366.31,2.14,2.01,42.0,-0.438,19.31,20.69,04a60618o0359o
60618.161446,20.076,0.547,34,18,o,0,1.12,18.46353,-31.79167,3893.89,1404.16,2.13,1.93,44.5,-0.444,19.35,20.68,04a60618o0366o
60618.167842,-22.396,3.812,-4,15,o,0,2.19,18.46353,-31.79167,3833.82,1327.32,2.06,1.92,36.1,-0.427,19.36,20.69,04a60618o0380o
60618.189345,22.384,3.818,4,15,o,0,1.0,18.46353,-31.79167,3819.38,1447.16,2.04,1.95,34.7,-0.415,19.37,20.74,04a60618o0426o
60621.15058,-21.058,1.124,-14,15,o,0,0.97,18.46353,-31.79167,4129.44,5721.87,2.0,1.84,-65.1,-0.449,19.31,20.5,04a60621o0334o
60621.15435,-22.566,4.586,-3,16,o,0,1.51,18.46353,-31.79167,4147.4,5759.41,2.05,1.89,-42.5,-0.439,19.32,20.54,04a60621o0342o
60621.176467,21.07,1.375,14,19,o,0,0.74,18.46353,-31.79167,4090.53,5684.66,1.83,1.75,-45.6,-0.449,19.4,20.54,04a60621o0386o
60621.182369,-22.791,5.12,-3,14,o,0,1.26,18.46353,-31.79167,4071.3,5801.07,1.92,1.84,84.9,-0.454,19.36,20.56,04a60621o0399o
60622.141083,22.122,3.302,5,17,o,0,1.14,18.46353,-31.79167,2197.01,5838.99,2.06,1.87,-70.7,-0.431,19.35,20.48,04a60622o0313o
60622.144712,14.875,0.006,4075,23,o,0,2254.67,18.46353,-31.79167,2216.77,5877.27,2.05,1.88,-67.2,-0.428,19.32,20.5,04a60622o0321o
60622.18045,20.923,1.094,16,17,o,0,0.86,18.46353,-31.79167,2160.56,5804.77,2.04,1.78,-84.0,-0.424,19.35,20.54,04a60622o0396o
60622.209243,-21.436,1.378,-10,13,o,0,1.2,18.46353,-31.79167,2145.15,5923.51,2.07,1.86,-83.9,-0.422,19.37,20.66,04a60622o0456o
60622.98722,0.0,20.709,0,19,c,0,1.91,18.46353,-31.79167,2152.35,5727.04,2.47,2.28,-46.3,-0.396,19.11,20.85,03a60623o0216c
60623.864041,-20.091,0.665,-33,22,o,0,2.1,18.46353,-31.79167,817.07,7792.79,2.83,2.55,-28.7,-0.368,18.83,19.92,03a60624o0254o
60623.86776,-24.211,28.5,-1,21,o,0,1.53,18.46353,-31.79167,837.66,7832.29,2.7,2.46,-54.7,-0.378,18.89,19.91,03a60624o0262o
60623.873344,19.431,0.378,61,23,o,0,2.61,18.46353,-31.79167,10510.4,8035.2,3.11,2.57,-52.6,-0.388,18.78,19.82,03a60624o0273o
60623.876983,-21.693,3.029,-8,23,o,0,1.5,18.46353,-31.79167,783.3,7754.57,2.94,2.62,-57.7,-0.376,18.8,19.88,03a60624o0281o
60623.879258,-20.984,2.068,-15,30,o,0,1.04,18.46353,-31.79167,10492.38,8152.58,3.28,2.59,-53.4,-0.39,18.74,19.81,03a60624o0286o
60623.887419,-20.229,0.88,-29,26,o,0,1.66,18.46353,-31.79167,765.55,7871.54,2.95,2.66,-52.5,-0.373,18.77,19.92,03a60624o0302o
60625.127926,-20.83,1.451,-17,24,o,0,1.96,18.46353,-31.79167,895.91,7903.65,2.39,1.93,-76.8,-0.398,18.99,19.7,04a60625o0283o
60625.131168,-24.046,28.167,-1,25,o,0,0.95,18.46353,-31.79167,915.76,7942.57,2.46,1.99,-79.5,-0.388,18.95,19.7,04a60625o0290o
60625.136723,21.145,1.976,13,25,o,0,1.09,18.46353,-31.79167,856.15,7866.38,2.53,2.08,-81.3,-0.376,18.89,19.61,04a60625o0302o
60625.147232,19.441,0.381,61,23,o,0,1.8,18.46353,-31.79167,837.17,7982.91,2.55,2.07,-81.5,-0.371,18.89,19.72,04a60625o0323o
60626.105668,20.081,1.403,34,47,o,0,0.77,18.46353,-31.79167,10132.15,3552.23,2.62,2.04,-19.2,-0.402,18.48,18.86,04a60626o0234o
60626.111934,19.849,0.817,42,34,o,0,1.11,18.46353,-31.79167,10151.96,3592.75,2.59,2.11,-15.7,-0.381,18.51,18.86,04a60626o0246o
60626.115101,20.315,1.362,27,37,o,0,1.46,18.46353,-31.79167,10091.29,3514.19,2.67,2.12,-22.1,-0.383,18.5,18.89,04a60626o0253o
60626.11561,-18.941,0.46,-96,44,o,0,1.58,18.46353,-31.79167,56.77,3557.37,2.6,1.93,49.7,-0.366,18.64,19.14,04a60626o0254o
60626.125427,20.416,1.978,25,49,o,0,1.65,18.46353,-31.79167,10070.36,3633.01,2.71,2.17,-18.1,-0.394,18.58,18.92,04a60626o0274o
60626.127687,21.472,4.333,9,40,o,0,0.89,18.46353,-31.79167,75.58,3597.2,2.37,1.93,50.8,-0.38,18.52,18.89,04a60626o0279o
60626.888914,-19.816,0.608,-43,26,o,0,1.27,18.46353,-31.79167,10153.13,3688.82,2.61,2.07,-59.8,-0.341,18.56,19.14,03a60627o0241o
60626.917652,21.427,2.937,10,29,o,0,1.37,18.46353,-31.79167,10175.67,3728.18,2.66,2.12,-58.1,-0.337,18.49,18.93,03a60627o0303o
60626.921325,-20.693,1.644,-19,32,o,0,1.09,18.46353,-31.79167,10118.69,3648.47,2.49,2.08,-62.2,-0.363,18.49,18.9,03a60627o0311o
60626.922726,20.316,0.887,27,24,o,0,1.45,18.46353,-31.79167,106.5,3433.29,2.52,2.02,-72.3,-0.368,18.58,19.02,03a60627o0314o
60626.926436,20.836,1.702,17,29,o,0,1.25,18.46353,-31.79167,127.42,3472.56,2.47,2.03,-71.6,-0.375,18.58,18.98,03a60627o0322o
60626.928261,-21.045,2.058,-14,28,o,0,1.43,18.46353,-31.79167,10099.09,3764.74,2.4,1.98,-57.2,-0.379,18.51,18.86,03a60627o0326o
60626.932014,-19.019,0.329,-90,30,o,0,1.25,18.46353,-31.79167,73.51,3395.96,2.5,2.08,-77.6,-0.372,18.64,19.2,03a60627o0333o
60626.959693,-19.883,0.644,-40,26,o,0,1.84,18.46353,-31.79167,51.2,3510.92,2.72,2.19,-75.3,-0.36,18.52,19.01,03a60627o0392o
60627.877638,-21.677,5.22,-8,40,o,0,1.26,18.46353,-31.79167,2821.47,9646.69,2.86,2.4,-40.5,-0.359,18.31,18.64,03a60628o0281o
60627.880808,-21.391,3.942,-10,40,o,0,0.96,18.46353,-31.79167,2841.73,9686.77,2.89,2.41,-47.0,-0.368,18.33,18.65,03a60628o0288o
60627.886767,-20.329,1.299,-27,35,o,0,1.01,18.46353,-31.79167,2788.83,9608.57,2.88,2.45,-41.5,-0.36,18.35,18.72,03a60628o0301o
60627.897471,19.781,0.858,44,38,o,0,0.98,18.46353,-31.79167,2766.81,9725.26,2.96,2.48,-40.1,-0.359,18.37,18.85,03a60628o0323o
60629.130513,-20.897,1.959,-16,31,o,0,1.74,18.46353,-31.79167,2940.68,9710.78,2.52,1.88,-70.6,-0.468,18.34,18.67,04a60629o0284o
60629.133771,21.759,5.34,7,38,o,0,0.91,18.46353,-31.79167,2959.9,9748.9,2.33,1.81,-70.0,-0.485,18.42,18.68,04a60629o0291o
60629.140959,-20.984,2.613,-15,38,o,0,1.16,18.46353,-31.79167,2905.59,9672.51,2.38,1.78,-72.1,-0.468,18.43,18.69,04a60629o0306o
60629.154362,20.486,1.494,23,35,o,0,0.85,18.46353,-31.79167,2882.95,9790.24,2.33,1.76,-71.5,-0.476,18.41,18.65,04a60629o0335o
60630.130219,-20.922,2.13,-16,33,o,0,1.24,18.46353,-31.79167,1885.05,1478.78,2.24,1.83,45.7,-0.459,18.53,18.85,04a60630o0282o
60630.135682,19.77,0.726,45,33,o,0,1.07,18.46353,-31.79167,1905.05,1518.33,2.26,1.88,40.2,-0.454,18.47,18.85,04a60630o0294o
60630.140538,21.339,3.075,11,32,o,0,0.81,18.46353,-31.79167,1847.42,1441.07,2.2,1.84,53.1,-0.442,18.5,19.07,04a60630o0304o
60630.151269,-19.915,0.803,-39,32,o,0,1.62,18.46353,-31.79167,1826.97,1557.3,1.95,1.78,57.7,-0.431,18.5,18.8,04a60630o0327o
60630.878592,-22.788,9.25,-3,26,o,0,1.09,18.46353,-31.79167,1975.98,1406.17,2.36,2.08,-62.4,-0.402,18.81,19.4,03a60631o0279o
60630.881352,19.892,0.581,40,23,o,0,1.5,18.46353,-31.79167,1997.87,1445.8,2.34,2.07,-63.6,-0.407,18.78,19.38,03a60631o0285o
60630.886798,21.29,2.128,11,24,o,0,2.11,18.46353,-31.79167,1939.81,1367.82,2.36,2.13,-65.1,-0.401,18.77,19.38,03a60631o0297o
60630.898817,22.04,4.026,6,22,o,0,1.25,18.46353,-31.79167,1920.39,1484.27,2.42,2.12,-72.0,-0.409,18.75,19.36,03a60631o0323o
60631.864972,21.436,1.877,10,18,o,0,1.19,18.46353,-31.79167,10044.76,1737.09,2.53,2.07,-59.7,-0.397,18.99,19.88,03a60632o0247o
60631.868211,21.367,2.046,10,21,o,0,2.74,18.46353,-31.79167,10065.94,1777.96,2.57,2.13,-59.8,-0.402,18.97,19.86,03a60632o0254o
60631.874566,20.586,0.959,21,20,o,0,1.34,18.46353,-31.79167,10011.6,1698.53,2.43,2.07,-60.9,-0.397,19.01,19.83,03a60632o0268o
60631.886253,-23.755,21.0,-1,24,o,0,1.25,18.46353,-31.79167,9987.71,1813.4,2.46,2.02,-58.8,-0.399,18.96,19.79,03a60632o0293o
60633.113404,20.343,0.625,26,16,o,0,2.34,18.46353,-31.79167,9984.09,1600.72,2.51,2.29,-44.7,-0.371,19.34,21.04,04a60633o0241o
60633.116215,21.817,3.25,7,22,o,0,1.44,18.46353,-31.79167,10003.35,1640.85,2.6,2.06,-41.1,-0.381,19.37,21.06,04a60633o0247o
60633.133238,20.688,1.09,19,21,o,0,1.24,18.46353,-31.79167,9920.57,1679.75,2.84,2.25,-29.4,-0.378,19.18,20.35,04a60633o0284o
60634.119329,-22.637,4.4,-3,14,o,0,0.97,18.46353,-31.79167,4729.54,7649.4,1.87,1.72,-49.9,-0.445,19.48,20.92,04a60634o0249o
60634.122503,19.935,0.424,39,16,o,0,1.47,18.46353,-31.79167,4747.51,7687.87,1.86,1.71,-60.3,-0.449,19.51,20.95,04a60634o0256o
60634.128021,20.223,0.484,30,14,o,0,1.54,18.46353,-31.79167,4689.24,7612.22,1.97,1.83,-45.2,-0.423,19.42,20.93,04a60634o0268o
60634.141106,21.291,1.139,11,13,o,0,1.59,18.46353,-31.79167,4670.97,7728.89,1.9,1.74,-61.1,-0.446,19.46,20.88,04a60634o0296o
60634.773278,20.615,0.899,21,18,o,0,1.64,18.46353,-31.79167,5901.85,2913.27,2.13,1.88,-56.2,-0.454,19.27,20.35,03a60635o0044o
60634.775987,23.759,14.222,1,16,o,0,2.25,18.46353,-31.79167,5884.02,2874.27,2.14,1.92,-52.2,-0.457,19.3,20.43,03a60635o0050o
60634.779142,20.243,0.565,29,16,o,0,1.33,18.46353,-31.79167,5939.66,2954.24,2.15,1.91,-53.0,-0.45,19.33,20.51,03a60635o0057o
60634.785019,20.324,0.659,27,18,o,0,0.94,18.46353,-31.79167,5965.47,2839.38,2.16,1.9,-55.8,-0.454,19.31,20.51,03a60635o0070o
60635.864737,-22.589,4.0,-3,13,o,0,1.86,18.46353,-31.79167,4031.39,3281.99,2.41,2.12,-61.9,-0.416,19.38,20.87,03a60636o0214o
60635.867895,21.179,1.205,12,15,o,0,1.34,18.46353,-31.79167,4051.37,3320.86,2.33,2.1,-59.3,-0.423,19.36,20.84,03a60636o0221o
60635.874822,21.529,1.818,9,16,o,0,1.38,18.46353,-31.79167,3999.71,3242.36,2.48,2.19,-59.7,-0.412,19.27,20.79,03a60636o0236o
60635.88671,-20.184,0.448,-31,14,o,0,1.18,18.46353,-31.79167,3978.47,3358.15,2.36,2.05,-65.3,-0.422,19.32,20.72,03a60636o0262o
60637.115266,21.212,0.73,12,9,c,0,2.13,18.46353,-31.79167,3993.96,3302.84,2.05,2.02,-79.5,-0.396,19.55,21.66,04a60637o0238c
60637.118597,-21.757,1.803,-7,13,c,0,1.18,18.46353,-31.79167,4013.68,3341.54,2.04,2.02,-1.9,-0.402,19.56,21.47,04a60637o0245c
60637.124536,19.97,0.312,37,12,c,0,1.25,18.46353,-31.79167,3957.06,3265.11,2.01,1.93,85.6,-0.402,19.59,21.48,04a60637o0258c
60637.138292,21.739,1.515,7,11,c,0,1.82,18.46353,-31.79167,3934.64,3382.52,2.02,1.92,63.6,-0.395,19.58,21.41,04a60637o0288c
60638.110804,21.23,1.123,12,13,c,0,2.09,18.46353,-31.79167,8897.22,9936.93,2.98,2.48,-80.1,-0.37,19.53,21.46,04a60638o0227c
60638.113679,21.031,1.014,14,14,c,0,2.57,18.46353,-31.79167,8915.17,9977.11,2.94,2.43,-78.2,-0.375,19.53,21.45,04a60638o0233c
60638.1192,21.461,1.245,10,12,c,0,2.07,18.46353,-31.79167,8855.85,9896.65,2.86,2.41,-74.5,-0.382,19.56,21.45,04a60638o0245c
60638.129075,20.393,0.55,25,14,c,0,3.72,18.46353,-31.79167,8839.64,10015.44,2.81,2.45,-80.1,-0.383,19.58,21.46,04a60638o0266c
60638.857254,19.997,0.697,36,25,o,0,1.66,18.46353,-31.79167,8752.8,10020.59,3.02,2.36,-46.4,-0.426,18.86,20.17,03a60639o0211o
60638.860048,21.811,3.207,7,22,o,0,2.14,18.46353,-31.79167,8769.76,10060.73,3.17,2.42,-48.6,-0.445,19.12,20.52,03a60639o0217o
60638.866492,-20.294,0.696,-28,19,o,0,1.82,18.46353,-31.79167,8716.19,9980.5,3.07,2.35,-47.2,-0.436,19.17,20.53,03a60639o0231o
60638.876364,-22.665,6.059,-3,19,o,0,1.96,18.46353,-31.79167,8700.08,10097.21,2.84,2.06,-48.5,-0.459,19.34,20.67,03a60639o0252o
60641.099893,20.623,0.557,20,11,c,0,2.03,18.46353,-31.79167,8161.95,3611.61,2.45,2.05,-21.9,-0.382,19.52,21.48,04a60641o0198c
60641.103631,22.551,2.708,4,9,c,0,3.94,18.46353,-31.79167,8181.71,3650.86,2.5,2.07,-24.0,-0.372,19.63,21.6,04a60641o0206c
60641.109197,22.166,2.278,5,11,c,0,1.9,18.46353,-31.79167,8123.29,3573.83,2.48,2.0,-28.4,-0.38,19.66,21.67,04a60641o0218c
60641.120817,20.832,0.575,17,10,c,0,2.04,18.46353,-31.79167,8102.34,3689.93,2.45,1.96,-28.7,-0.386,19.64,21.66,04a60641o0243c
60642.089584,21.097,1.043,13,14,c,0,2.48,18.46353,-31.79167,8208.25,6028.95,2.65,2.21,-60.4,-0.397,19.42,21.75,04a60642o0175c
60642.093226,19.84,0.319,42,13,c,0,1.29,18.46353,-31.79167,8228.5,6068.13,2.51,2.13,-38.3,-0.4,19.6,21.64,04a60642o0183c
60642.100206,21.062,0.8,14,11,c,0,2.18,18.46353,-31.79167,8172.19,5991.45,2.52,2.24,-39.7,-0.395,19.56,21.59,04a60642o0198c
60642.111714,-20.967,0.747,-15,11,c,0,1.45,18.46353,-31.79167,8152.36,6107.45,2.49,2.14,-44.8,-0.396,19.59,21.56,04a60642o0223c
60642.839314,20.963,0.851,15,13,o,0,2.1,18.46353,-31.79167,8167.46,6110.11,2.47,2.08,-55.0,-0.405,19.38,20.84,03a60643o0177o
60642.842106,21.292,1.253,11,14,o,0,3.28,18.46353,-31.79167,8185.89,6149.96,2.49,2.06,-53.7,-0.402,19.4,20.84,03a60643o0183o
60642.848066,21.87,2.163,6,14,o,0,2.01,18.46353,-31.79167,8133.85,6069.84,2.49,2.1,-54.6,-0.409,19.41,20.85,03a60643o0196o
60642.858507,21.922,1.923,6,12,o,0,4.03,18.46353,-31.79167,8115.09,6184.73,2.54,2.15,-57.4,-0.408,19.38,20.85,03a60643o0219o
60643.852779,21.046,1.096,14,15,o,0,2.07,18.46353,-31.79167,6607.43,9535.57,2.63,2.21,-42.2,-0.405,19.39,20.83,03a60644o0204o
60643.856019,-21.031,0.951,-14,13,o,0,2.01,18.46353,-31.79167,6627.08,9575.69,2.69,2.24,-40.6,-0.406,19.42,20.87,03a60644o0211o
60643.86148,21.179,1.301,12,16,o,0,1.44,18.46353,-31.79167,6572.97,9496.33,2.66,2.19,-42.2,-0.411,19.44,20.86,03a60644o0223o
60643.871622,21.104,1.107,13,14,o,0,2.17,18.46353,-31.79167,6554.13,9613.56,2.74,2.23,-38.4,-0.403,19.4,20.85,03a60644o0245o
60645.108571,21.442,1.245,10,12,c,0,1.47,18.46353,-31.79167,6732.35,9504.92,3.05,2.39,-77.7,-0.339,19.47,21.55,04a60645o0205c
60645.111515,-21.264,1.18,-11,13,c,0,1.26,18.46353,-31.79167,6753.56,9544.63,2.99,2.28,-76.4,-0.343,19.52,21.52,04a60645o0211c
60645.11871,21.523,1.409,9,13,c,0,1.61,18.46353,-31.79167,6694.49,9465.5,3.08,2.42,-72.7,-0.337,19.36,21.57,04a60645o0224c
60645.128727,-20.68,0.681,-19,13,c,0,2.67,18.46353,-31.79167,6680.47,9586.1,3.58,2.78,-72.6,-0.338,19.31,21.5,04a60645o0245c
60646.105422,20.743,0.648,18,12,c,0,1.68,18.46353,-31.79167,6635.65,7557.09,2.52,2.06,-68.5,-0.407,19.54,21.45,04a60646o0202c
60646.108584,-21.897,2.6,-6,16,c,0,0.71,18.46353,-31.79167,6655.77,7596.54,2.45,1.98,-71.6,-0.412,19.58,21.46,04a60646o0209c
60646.140996,20.34,0.486,26,13,c,0,1.24,18.46353,-31.79167,6604.04,7524.11,2.55,2.07,-68.0,-0.405,19.5,21.36,04a60646o0276c
60646.14933,19.799,0.315,44,14,c,0,2.16,18.46353,-31.79167,6584.91,7640.32,2.53,2.04,-66.4,-0.412,19.5,21.36,04a60646o0294c
60646.929835,-21.447,1.769,-10,17,o,0,2.53,18.46353,-31.79167,6572.2,7592.8,2.5,2.16,-37.1,-0.413,19.23,20.74,03a60647o0366o
60646.93301,21.125,1.176,13,15,o,0,3.54,18.46353,-31.79167,6591.32,7630.74,2.58,2.15,-39.0,-0.403,19.21,20.74,03a60647o0373o
60646.938504,20.985,1.014,15,15,o,0,3.95,18.46353,-31.79167,6537.44,7551.81,2.58,2.17,-38.5,-0.403,19.14,20.67,03a60647o0385o
60646.949014,19.86,0.395,41,16,o,0,3.37,18.46353,-31.79167,6515.46,7666.67,2.63,2.18,-39.5,-0.4,19.11,20.66,03a60647o0408o
60647.817312,-21.503,1.509,-9,14,o,0,1.96,18.46353,-31.79167,5936.46,1292.3,2.41,2.23,-46.0,-0.422,19.36,20.88,03a60648o0113o
60647.820516,19.698,0.251,48,12,o,0,4.45,18.46353,-31.79167,5956.06,1332.19,2.39,2.23,-51.5,-0.424,19.34,20.87,03a60648o0120o
60647.827576,-20.481,0.656,-23,15,o,0,1.29,18.46353,-31.79167,5900.42,1252.52,2.4,2.12,-53.6,-0.426,19.39,20.89,03a60648o0135o
60647.83811,20.221,0.473,30,14,o,0,3.85,18.46353,-31.79167,5882.7,1369.93,2.3,2.14,-46.2,-0.426,19.41,20.91,03a60648o0158o
60649.075335,21.421,1.212,10,12,c,0,1.83,18.46353,-31.79167,5856.13,1257.43,2.35,2.24,6.1,-0.392,19.52,21.47,04a60649o0134c
60649.079129,20.004,0.293,36,11,c,0,3.37,18.46353,-31.79167,5876.13,1296.35,2.34,2.21,-26.0,-0.392,19.45,21.67,04a60649o0142c
60649.085627,21.107,0.809,13,11,c,0,2.05,18.46353,-31.79167,5817.07,1217.98,2.27,2.16,-27.7,-0.398,19.55,21.51,04a60649o0156c
60649.096201,19.545,0.227,55,12,c,0,1.61,18.46353,-31.79167,5795.83,1336.09,2.33,2.22,9.9,-0.395,19.54,21.49,04a60649o0179c
60650.071407,-20.969,1.163,-15,17,o,0,2.01,18.46353,-31.79167,6057.99,5615.38,2.15,1.89,-44.9,-0.453,19.26,20.87,04a60650o0127o
60650.080566,-19.768,0.336,-45,15,o,0,1.67,18.46353,-31.79167,6017.67,5577.34,1.97,1.82,-21.5,-0.443,19.31,20.59,04a60650o0147o
60650.092327,-21.737,2.364,-7,17,o,0,1.62,18.46353,-31.79167,5999.17,5696.29,2.2,1.96,-33.0,-0.435,19.26,20.66,04a60650o0172o
60650.823818,20.164,0.438,31,14,o,0,1.97,18.46353,-31.79167,6029.54,5646.3,2.45,2.15,-50.5,-0.403,19.29,20.67,03a60651o0130o
60650.838765,20.67,0.694,20,14,o,0,3.53,18.46353,-31.79167,6051.3,5683.4,2.65,2.29,-34.1,-0.401,19.23,20.69,03a60651o0161o
60650.841979,-20.447,0.613,-24,15,o,0,2.8,18.46353,-31.79167,5995.39,5604.78,2.51,2.18,-49.0,-0.41,19.31,20.7,03a60651o0168o
60650.849261,-19.781,0.327,-44,14,o,0,1.28,18.46353,-31.79167,5976.05,5721.51,2.44,2.05,-54.7,-0.415,19.33,20.71,03a60651o0183o
60651.820414,-20.034,0.572,-35,20,o,0,2.31,18.46353,-31.79167,907.61,9737.5,2.68,2.31,-54.8,-0.449,19.21,20.33,03a60652o0122o
60651.823627,21.82,3.686,7,25,o,0,1.73,18.46353,-31.79167,928.08,9777.37,2.74,2.35,-48.9,-0.451,19.21,20.35,03a60652o0129o
60651.830431,20.919,1.165,16,18,o,0,2.6,18.46353,-31.79167,874.51,9699.38,2.69,2.25,-47.5,-0.455,19.2,20.37,03a60652o0144o
60651.84059,21.242,2.035,12,24,o,0,1.69,18.46353,-31.79167,854.27,9817.0,2.7,2.38,-46.0,-0.452,19.24,20.39,03a60652o0166o
60653.103148,-19.675,0.371,-49,18,o,0,2.81,18.46353,-31.79167,1036.9,9847.94,2.76,2.01,-74.9,-0.391,19.01,19.99,04a60653o0192o
60653.106302,20.195,0.82,30,25,o,0,2.36,18.46353,-31.79167,1055.69,9886.82,2.77,1.95,-77.2,-0.393,19.04,19.98,04a60653o0199o
60653.11361,22.152,5.429,5,27,o,0,1.07,18.46353,-31.79167,997.22,9809.58,2.68,2.08,-72.2,-0.406,18.85,19.75,04a60653o0215o
60653.123404,20.121,0.754,32,24,o,0,1.06,18.46353,-31.79167,978.88,9930.43,2.64,1.94,-73.7,-0.426,18.9,19.75,04a60653o0236o
60654.072441,-24.76,96.0,0,44,o,0,0.89,18.46353,-31.79167,10151.41,5975.61,2.52,2.05,-8.1,-0.44,18.81,19.4,04a60654o0124o
60654.075624,20.151,1.018,32,32,o,0,1.39,18.46353,-31.79167,10171.81,6015.3,2.5,2.05,-8.1,-0.438,18.79,19.4,04a60654o0131o
60654.078343,21.508,2.79,9,25,o,0,1.08,18.46353,-31.79167,253.16,5970.47,2.47,2.02,78.5,-0.354,18.78,19.48,04a60654o0137o
60654.081581,-19.911,0.558,-39,22,o,0,1.64,18.46353,-31.79167,272.92,6009.36,2.37,2.0,78.3,-0.368,18.9,19.72,04a60654o0144o
60654.082031,20.732,1.622,18,30,o,0,1.51,18.46353,-31.79167,10113.97,5935.54,2.43,1.91,-7.5,-0.459,18.91,19.65,04a60654o0145o
60654.088089,21.03,1.581,14,22,o,0,1.32,18.46353,-31.79167,216.74,5934.44,2.42,2.05,80.4,-0.372,18.9,19.71,04a60654o0158o
60654.092231,21.32,2.681,11,29,o,0,2.24,18.46353,-31.79167,10094.18,6052.48,2.44,2.03,-6.7,-0.415,18.74,19.38,04a60654o0167o
60654.099082,19.39,0.4,64,26,o,0,1.15,18.46353,-31.79167,196.14,6050.99,2.23,1.95,-87.6,-0.387,18.83,19.44,04a60654o0182o
60654.822406,-22.237,4.613,-5,21,o,0,1.63,18.46353,-31.79167,10102.2,6109.39,2.61,2.05,-61.3,-0.363,18.85,19.6,03a60655o0124o
60654.826022,-20.791,1.496,-18,26,o,0,1.13,18.46353,-31.79167,10122.02,6149.13,2.61,2.07,-59.9,-0.377,18.84,19.58,03a60655o0132o
60654.827374,-19.722,0.54,-47,25,o,0,1.64,18.46353,-31.79167,227.1,5853.78,2.45,2.11,-71.8,-0.395,18.87,19.62,03a60655o0135o
60654.830564,19.915,0.615,39,24,o,0,1.32,18.46353,-31.79167,246.2,5892.49,2.46,2.06,-72.6,-0.395,18.75,19.37,03a60655o0142o
60654.833307,21.859,3.571,7,23,o,0,1.37,18.46353,-31.79167,10067.96,6068.61,2.67,2.07,-61.7,-0.366,18.72,19.32,03a60655o0148o
60654.836028,23.458,16.7,2,25,o,0,1.61,18.46353,-31.79167,192.33,5814.87,2.46,2.15,-73.0,-0.385,18.77,19.38,03a60655o0154o
60654.845909,19.889,0.675,40,27,o,0,1.21,18.46353,-31.79167,10049.57,6183.65,2.67,2.19,-59.3,-0.368,18.66,19.33,03a60655o0175o
60654.847727,19.983,0.693,37,26,o,0,1.29,18.46353,-31.79167,172.47,5931.36,2.58,2.19,-69.8,-0.375,18.72,19.4,03a60655o0179o
60655.841247,-20.33,1.053,-27,28,o,0,1.27,18.46353,-31.79167,4714.16,9576.78,2.94,2.46,-39.3,-0.366,18.55,19.22,03a60656o0160o
60655.84443,23.03,12.636,2,28,o,0,1.56,18.46353,-31.79167,4734.15,9616.5,3.0,2.4,-23.9,-0.36,18.54,19.24,03a60656o0167o
60655.85551,-20.73,1.753,-18,32,o,0,0.88,18.46353,-31.79167,4681.32,9535.69,2.9,2.36,-39.9,-0.351,18.53,19.16,03a60656o0191o
60655.861133,-19.69,0.628,-48,30,o,0,1.3,18.46353,-31.79167,4659.11,9652.56,2.86,2.38,-35.4,-0.36,18.52,19.07,03a60656o0203o
60657.089591,19.355,0.537,66,35,o,0,1.51,18.46353,-31.79167,4843.36,9589.48,2.49,1.92,-73.1,-0.451,18.62,19.28,04a60657o0159o
60657.093284,19.548,0.554,55,30,o,0,1.21,18.46353,-31.79167,4863.16,9628.26,2.22,1.79,-71.3,-0.487,18.7,19.25,04a60657o0167o
60657.100645,22.034,6.586,6,37,o,0,1.37,18.46353,-31.79167,4807.15,9550.63,2.25,1.81,-74.0,-0.497,18.67,19.23,04a60657o0183o
60657.112131,20.952,2.147,15,32,o,0,2.3,18.46353,-31.79167,4787.68,9669.36,2.17,1.75,-69.6,-0.432,18.67,19.21,04a60657o0208o
60658.089959,-20.421,0.972,-25,24,o,0,1.18,18.46353,-31.79167,2039.52,3413.45,2.07,1.81,63.2,-0.409,18.67,19.22,04a60658o0158o
60658.093124,22.619,7.214,3,24,o,0,1.39,18.46353,-31.79167,2059.31,3451.43,2.06,1.81,67.8,-0.418,18.71,19.21,04a60658o0165o
60658.099597,20.737,1.35,18,25,o,0,1.0,18.46353,-31.79167,2000.61,3375.8,2.0,1.81,69.1,-0.429,18.68,19.16,04a60658o0179o
60658.109588,20.021,0.819,36,29,o,0,0.67,18.46353,-31.79167,1982.0,3493.04,1.98,1.78,69.5,-0.436,18.69,19.12,04a60658o0201o
60658.832175,21.202,1.892,12,23,o,0,1.49,18.46353,-31.79167,2075.58,3347.28,2.39,2.1,-64.2,-0.412,18.69,19.28,03a60659o0140o
60658.835414,-22.409,6.963,-4,28,o,0,1.12,18.46353,-31.79167,2097.18,3386.7,2.43,2.1,-65.0,-0.402,18.67,19.27,03a60659o0147o
60658.840532,-20.639,1.349,-20,27,o,0,1.21,18.46353,-31.79167,2038.43,3308.56,2.6,2.2,-72.0,-0.388,18.6,19.26,03a60659o0158o
60658.853608,21.674,2.925,8,23,o,0,1.26,18.46353,-31.79167,2018.26,3424.15,2.44,2.09,-66.2,-0.397,18.62,19.2,03a60659o0186o
60661.093072,20.11,0.697,33,23,o,0,1.25,18.46353,-31.79167,5951.22,3200.08,2.12,1.93,-36.5,-0.45,18.85,19.78,04a60661o0146o
60661.096264,20.696,1.204,19,23,o,0,0.97,18.46353,-31.79167,5969.26,3238.28,2.07,1.92,-32.6,-0.447,18.89,19.75,04a60661o0153o
60661.103772,20.959,1.391,15,21,o,0,1.29,18.46353,-31.79167,5912.81,3163.5,2.12,1.91,-23.6,-0.476,18.87,19.66,04a60661o0169o
60661.113807,-21.44,2.288,-10,22,o,0,0.97,18.46353,-31.79167,5891.54,3278.42,1.96,1.82,-29.4,-0.481,18.88,19.58,04a60661o0190o
60662.092143,22.234,3.688,5,17,o,0,1.52,18.46353,-31.79167,2822.13,7758.21,2.4,1.86,-77.0,-0.433,19.21,20.44,04a60662o0144o
60662.094976,19.739,0.429,46,20,o,0,1.18,18.46353,-31.79167,2839.37,7796.65,2.46,1.93,-77.5,-0.422,19.14,20.37,04a60662o0150o
60662.101615,-20.515,0.861,-23,20,o,0,0.86,18.46353,-31.79167,2782.69,7720.47,2.34,1.84,-77.5,-0.427,19.13,20.23,04a60662o0164o
60662.112773,-22.026,4.19,-6,24,o,0,0.92,18.46353,-31.79167,2763.43,7836.84,2.23,1.82,-79.0,-0.448,19.01,19.96,04a60662o0188o
60662.828644,-25.578,74.0,0,16,o,0,2.6,18.46353,-31.79167,2748.61,7701.79,2.81,2.55,-44.9,-0.383,19.23,20.83,03a60663o0127o
60662.831813,-21.882,2.406,-6,15,o,0,2.06,18.46353,-31.79167,2765.62,7740.81,2.77,2.49,-40.7,-0.385,19.23,20.79,03a60663o0134o
60662.837822,20.391,0.61,25,16,o,0,1.76,18.46353,-31.79167,2711.87,7662.24,2.71,2.41,-49.4,-0.378,19.29,20.85,03a60663o0147o
60662.847904,22.248,3.478,5,16,o,0,1.88,18.46353,-31.79167,2691.35,7778.29,2.74,2.49,-43.6,-0.39,19.31,20.94,03a60663o0169o
60663.906954,21.084,1.812,13,24,o,0,1.35,18.46353,-31.79167,8059.83,1749.97,2.36,2.21,-28.5,-0.45,18.93,19.93,03a60664o0293o
60663.910626,20.845,1.345,17,22,o,0,1.47,18.46353,-31.79167,8076.82,1789.78,2.25,2.1,-25.9,-0.46,18.96,19.88,03a60664o0301o
60663.934443,19.433,0.402,61,25,o,0,1.58,18.46353,-31.79167,8018.79,1707.39,2.42,2.24,-42.6,-0.418,18.75,19.63,03a60664o0352o
60663.939884,-21.865,3.27,-6,21,o,0,2.06,18.46353,-31.79167,7994.72,1822.2,2.44,2.26,-51.2,-0.414,18.68,19.56,03a60664o0364o
60665.074628,21.207,1.446,12,17,o,0,1.49,18.46353,-31.79167,7989.86,1660.68,2.51,2.05,-33.5,-0.399,19.3,20.62,04a60665o0103o
60665.077963,-23.015,8.467,-2,19,o,0,1.1,18.46353,-31.79167,8009.55,1700.23,2.4,1.93,-34.5,-0.413,19.35,20.62,04a60665o0110o
60665.08408,19.873,0.412,41,17,o,0,2.01,18.46353,-31.79167,7951.01,1621.71,2.41,2.01,-35.2,-0.408,19.32,20.57,04a60665o0123o
60665.106701,-22.725,7.667,-3,23,o,0,1.57,18.46353,-31.79167,7932.89,1742.0,2.05,1.93,-59.1,-0.494,19.23,20.45,04a60665o0171o
60666.081346,-20.854,1.297,-16,22,o,0,1.76,18.46353,-31.79167,8720.12,7975.41,2.35,1.92,-10.2,-0.437,19.42,20.9,04a60666o0116o
60666.084144,-19.799,0.507,-44,22,o,0,0.81,18.46353,-31.79167,8737.58,8014.8,2.25,1.78,-8.6,-0.435,19.41,20.89,04a60666o0122o
60666.0893,19.815,0.606,43,26,o,0,0.9,18.46353,-31.79167,8679.69,7935.94,2.19,1.79,-11.7,-0.445,19.41,20.9,04a60666o0133o
60666.847089,21.728,1.692,7,12,c,0,2.28,18.46353,-31.79167,8628.58,8066.33,2.8,2.38,-54.4,-0.391,19.55,21.62,03a60667o0117c
60666.850254,-21.288,1.0,-11,11,c,0,2.02,18.46353,-31.79167,8646.94,8105.56,2.86,2.46,-56.3,-0.391,19.52,21.6,03a60667o0124c
60666.855497,21.437,1.304,10,13,c,0,1.94,18.46353,-31.79167,8590.51,8025.39,2.92,2.49,-58.2,-0.393,19.5,21.62,03a60667o0135c
60666.866514,23.627,10.667,1,14,c,0,1.69,18.46353,-31.79167,8568.74,8140.18,2.94,2.51,-56.2,-0.385,19.45,21.56,03a60667o0159c
60667.821063,-20.734,0.62,-18,12,c,0,2.4,18.46353,-31.79167,3968.03,1341.85,2.63,2.51,-33.3,-0.385,19.53,21.61,03a60668o0106c
60667.824707,19.748,0.283,46,13,c,0,5.96,18.46353,-31.79167,3987.57,1381.24,2.62,2.42,-58.3,-0.393,19.53,21.62,03a60668o0114c
60667.82986,19.844,0.3,42,13,c,0,3.4,18.46353,-31.79167,3933.22,1301.41,2.62,2.45,-55.4,-0.393,19.53,21.61,03a60668o0125c
60667.841446,20.515,0.554,23,12,c,0,2.8,18.46353,-31.79167,3909.12,1417.7,2.65,2.48,-63.0,-0.389,19.47,21.59,03a60668o0150c
60669.076128,19.995,0.5,36,18,o,0,1.08,18.46353,-31.79167,3879.2,1354.15,1.93,1.83,52.6,-0.454,19.36,20.69,04a60669o0103o
60669.078997,20.556,0.845,22,18,o,0,1.23,18.46353,-31.79167,3899.68,1393.81,1.94,1.86,-42.4,-0.438,19.29,20.64,04a60669o0109o
60669.085243,-20.886,1.281,-16,21,o,0,1.49,18.46353,-31.79167,3842.01,1318.76,1.87,1.85,57.5,-0.429,19.33,20.68,04a60669o0122o
60669.095471,20.83,1.161,17,20,o,0,0.58,18.46353,-31.79167,3818.06,1432.97,1.94,1.81,43.6,-0.454,19.36,20.72,04a60669o0144o
60670.041587,23.623,17.182,1,22,o,0,0.71,18.46353,-31.79167,4130.21,5708.41,1.97,1.81,-58.7,-0.446,19.12,20.26,04a60670o0029o
60670.046732,20.726,0.728,19,14,o,0,1.61,18.46353,-31.79167,4151.28,5747.63,2.02,1.83,-64.4,-0.458,19.3,20.65,04a60670o0040o
60670.049953,20.729,0.961,18,18,o,0,0.95,18.46353,-31.79167,4091.09,5669.57,2.0,1.82,-67.6,-0.456,19.38,20.8,04a60670o0047o
60670.060927,19.823,0.413,43,18,o,0,0.74,18.46353,-31.79167,4073.13,5787.35,1.88,1.76,-68.1,-0.443,19.41,20.83,04a60670o0070o
60670.802098,-22.206,4.909,-5,23,c,0,1.61,18.46353,-31.79167,4122.32,5732.91,2.62,2.36,-56.8,-0.37,18.47,20.36,03a60671o0051c
60670.807568,-21.229,1.347,-12,16,c,0,1.27,18.46353,-31.79167,4065.01,5653.52,2.57,2.35,-55.4,-0.383,19.15,21.13,03a60671o0063c
60670.819919,-22.381,2.75,-4,11,c,0,1.95,18.46353,-31.79167,4047.02,5767.91,2.53,2.3,-54.2,-0.374,19.54,21.55,03a60671o0090c
60671.799973,-21.616,1.708,-8,14,c,0,1.66,18.46353,-31.79167,2175.98,5761.8,2.57,2.35,-57.2,-0.393,19.49,21.36,03a60672o0046c
60671.803133,-22.842,4.667,-3,12,c,0,1.57,18.46353,-31.79167,2196.17,5801.44,2.64,2.39,-50.6,-0.391,19.53,21.46,03a60672o0053c
60671.809537,-24.093,12.8,-1,11,c,0,2.42,18.46353,-31.79167,2139.58,5724.08,2.54,2.31,-52.8,-0.4,19.55,21.52,03a60672o0067c
60671.819581,20.721,0.631,19,12,c,0,1.64,18.46353,-31.79167,2119.7,5839.75,2.62,2.38,-51.7,-0.393,19.51,21.52,03a60672o0089c
60673.061784,21.084,1.009,13,14,o,0,1.62,18.46353,-31.79167,2201.67,5829.18,2.08,1.79,-87.3,-0.427,19.36,20.74,04a60673o0071o
60673.065081,-22.198,4.854,-5,23,o,0,0.41,18.46353,-31.79167,2221.57,5867.51,2.06,1.79,-85.1,-0.425,19.37,20.71,04a60673o0078o
60673.070566,20.766,0.905,18,16,o,0,1.12,18.46353,-31.79167,2160.67,5791.16,2.06,1.74,-89.0,-0.424,19.39,20.72,04a60673o0090o
60673.088626,20.984,0.929,15,14,o,0,1.1,18.46353,-31.79167,2146.43,5910.15,2.02,1.77,-86.9,-0.439,19.4,20.75,04a60673o0129o
60674.077908,21.209,1.158,12,14,o,0,2.21,18.46353,-31.79167,900.23,7895.18,2.36,1.97,-80.5,-0.422,19.29,20.69,04a60674o0105o
60674.081167,20.858,0.888,16,15,o,0,3.04,18.46353,-31.79167,919.21,7933.68,2.4,1.96,-84.7,-0.412,19.33,20.69,04a60674o0112o
60674.086386,20.284,0.585,28,16,o,0,1.19,18.46353,-31.79167,860.44,7858.74,2.5,1.96,-85.7,-0.391,19.34,20.67,04a60674o0123o
60674.098019,-20.922,1.078,-16,17,o,0,1.15,18.46353,-31.79167,839.54,7975.96,2.49,1.92,-85.2,-0.383,19.35,20.68,04a60674o0148o
60675.814753,18.843,0.134,105,14,c,0,1.48,18.46353,-31.79167,10154.32,3690.07,2.57,2.02,-65.3,-0.367,19.55,21.31,03a60676o0077c
60675.818009,19.354,0.223,66,15,c,0,2.44,18.46353,-31.79167,10173.28,3729.75,2.58,2.12,-64.0,-0.356,19.52,21.3,03a60676o0084c
60675.818911,19.076,0.149,85,13,c,0,1.57,18.46353,-31.79167,105.56,3434.15,2.38,2.23,-66.8,-0.387,19.59,21.38,03a60676o0086c
60675.822603,19.337,0.187,67,12,c,0,2.22,18.46353,-31.79167,124.99,3472.73,2.39,2.22,-63.3,-0.385,19.56,21.36,03a60676o0094c
60675.824881,19.216,0.169,75,13,c,0,2.3,18.46353,-31.79167,10116.0,3647.85,2.6,2.09,-64.0,-0.364,19.53,21.28,03a60676o0099c
60675.828055,19.372,0.209,65,14,c,0,1.85,18.46353,-31.79167,67.61,3394.68,2.41,2.25,-71.5,-0.363,19.55,21.35,03a60676o0106c
60675.83684,18.751,0.155,115,18,c,0,1.38,18.46353,-31.79167,10094.99,3762.35,2.57,2.2,-60.3,-0.389,19.35,21.22,03a60676o0125c
60675.838647,21.408,1.375,10,14,c,0,0.9,18.46353,-31.79167,47.96,3511.46,2.74,2.65,-59.9,-0.382,19.46,21.27,03a60676o0129c
60677.035949,18.103,0.228,208,48,o,0,1.54,18.46353,-31.79167,10136.53,3545.17,2.8,2.13,-23.5,-0.381,18.34,18.69,04a60677o0014o
60677.036854,18.866,0.486,103,50,o,0,0.84,18.46353,-31.79167,61.34,3544.99,2.47,1.94,57.8,-0.375,18.55,18.99,04a60677o0016o
60677.039133,17.845,0.154,264,41,o,0,1.73,18.46353,-31.79167,10155.68,3585.08,2.83,2.14,-21.1,-0.392,18.7,19.36,04a60677o0021o
60677.040039,18.636,0.24,128,31,o,0,1.74,18.46353,-31.79167,81.46,3583.89,2.54,2.01,55.9,-0.365,18.82,19.6,04a60677o0023o
60677.048623,18.011,0.133,227,30,o,0,1.01,18.46353,-31.79167,10095.26,3504.95,2.88,2.13,-23.6,-0.391,19.22,20.43,04a60677o0041o
60677.058459,18.042,0.103,220,23,o,0,3.54,18.46353,-31.79167,10074.36,3622.91,2.78,1.98,-21.8,-0.42,19.3,20.65,04a60677o0062o
60678.035994,18.027,0.229,224,51,o,0,1.44,18.46353,-31.79167,2941.12,9699.47,2.25,1.83,-70.4,-0.412,18.41,18.73,04a60678o0014o
60678.039194,17.655,0.137,315,43,o,0,1.42,18.46353,-31.79167,2959.47,9737.06,2.31,1.83,-69.5,-0.44,18.73,19.38,04a60678o0021o
60678.045695,17.754,0.088,287,25,o,0,1.85,18.46353,-31.79167,2902.95,9660.3,2.33,1.76,-74.2,-0.488,19.18,20.33,04a60678o0035o
60678.056818,17.763,0.083,285,24,o,0,1.48,18.46353,-31.79167,2882.08,9779.15,2.24,1.8,-75.4,-0.489,19.34,20.74,04a60678o0059o
60678.787602,17.435,0.057,386,22,c,0,1.35,18.46353,-31.79167,2815.72,9640.91,2.69,2.39,-43.7,-0.359,18.93,19.84,03a60679o0017c
60678.790761,17.375,0.052,407,21,c,0,1.36,18.46353,-31.79167,2835.84,9680.02,2.9,2.58,-43.4,-0.361,19.07,20.32,03a60679o0024c
60678.797567,17.387,0.041,403,17,c,0,1.27,18.46353,-31.79167,2783.92,9601.13,2.81,2.49,-50.1,-0.368,19.4,20.97,03a60679o0039c
60678.809974,17.396,0.037,400,15,c,0,2.11,18.46353,-31.79167,2762.89,9718.18,2.76,2.49,-38.7,-0.375,19.47,21.27,03a60679o0066c
60679.792648,17.28,0.153,444,68,o,0,1.46,18.46353,-31.79167,1997.28,1441.43,3.15,2.93,-71.4,-0.363,17.54,18.91,03a60680o0028o
60679.798123,17.155,0.067,499,33,o,0,1.37,18.46353,-31.79167,1940.79,1362.33,2.8,2.54,-75.5,-0.395,18.39,19.72,03a60680o0040o
60679.810296,17.106,0.048,522,25,o,0,2.14,18.46353,-31.79167,1920.24,1479.32,3.08,2.87,-76.4,-0.379,18.95,20.38,03a60680o0066o
60681.089943,16.655,0.032,790,25,o,0,1.54,18.46353,-31.79167,1892.24,1472.75,2.39,1.95,43.6,-0.417,19.04,20.12,04a60681o0073o
60681.093725,16.609,0.031,825,26,o,0,1.09,18.46353,-31.79167,1913.15,1512.7,2.43,2.01,42.0,-0.406,18.99,20.12,04a60681o0081o
60681.100681,16.621,0.025,816,20,o,0,3.05,18.46353,-31.79167,1852.05,1434.54,2.32,1.89,45.0,-0.428,19.01,19.95,04a60681o0096o
60681.110843,16.615,0.03,820,24,o,0,2.36,18.46353,-31.79167,1831.05,1553.36,2.26,1.84,42.0,-0.434,18.96,19.94,04a60681o0118o
60682.064331,15.998,0.024,1449,35,o,0,3.25,18.46353,-31.79167,9985.68,1596.26,2.91,2.09,-33.5,-0.385,19.06,20.06,04a60682o0075o
60682.068065,15.998,0.024,1448,35,o,0,3.47,18.46353,-31.79167,10005.3,1635.79,2.73,2.09,-35.5,-0.403,19.02,19.87,04a60682o0083o
60682.074933,16.067,0.026,1359,36,o,0,3.27,18.46353,-31.79167,9944.21,1556.08,2.83,2.06,-33.8,-0.376,18.99,19.83,04a60682o0098o
60682.086494,16.054,0.023,1376,31,o,0,2.87,18.46353,-31.79167,9925.11,1675.45,2.92,2.12,-33.8,-0.37,18.99,19.97,04a60682o0123o
60682.818226,16.187,0.024,1216,29,o,0,1.5,18.46353,-31.79167,10053.66,1733.75,2.85,2.46,-61.1,-0.372,18.81,19.9,03a60683o0084o
60682.821479,16.145,0.022,1265,28,o,0,1.56,18.46353,-31.79167,10071.34,1771.86,2.79,2.54,-47.5,-0.376,18.78,19.9,03a60683o0091o
60682.829859,16.184,0.02,1220,25,o,0,2.41,18.46353,-31.79167,10015.28,1690.08,2.8,2.31,-70.3,-0.419,18.81,19.85,03a60683o0109o
60682.841302,16.106,0.024,1311,31,o,0,1.3,18.46353,-31.79167,9992.08,1805.55,3.31,2.69,-70.7,-0.38,18.63,19.81,03a60683o0134o
60682.842203,16.224,0.02,1176,24,o,0,3.91,18.46353,-31.79167,9991.32,1805.49,3.04,2.42,-62.5,-0.356,18.71,19.81,03a60683o0136o
60683.800231,16.029,0.018,1407,26,o,0,1.5,18.46353,-31.79167,4657.91,7635.76,2.47,2.14,-44.6,-0.392,18.89,19.71,03a60684o0045o
60683.80297,16.0,0.017,1445,25,o,0,2.29,18.46353,-31.79167,4676.74,7674.29,2.49,2.15,-46.4,-0.386,18.92,19.73,03a60684o0051o
60683.809363,15.994,0.018,1453,26,o,0,1.44,18.46353,-31.79167,4623.31,7596.5,2.59,2.22,-49.4,-0.378,18.86,19.76,03a60684o0065o
60683.819906,15.971,0.017,1484,25,o,0,1.99,18.46353,-31.79167,4601.83,7711.6,2.45,2.13,-41.5,-0.391,18.91,19.76,03a60684o0088o
60685.069012,15.81,0.018,1722,30,o,0,5.03,18.46353,-31.79167,4731.57,7645.95,1.97,1.78,-38.7,-0.433,18.83,19.54,04a60685o0085o
60685.072296,15.789,0.019,1756,32,o,0,5.3,18.46353,-31.79167,4751.06,7684.74,1.94,1.78,-41.7,-0.436,18.84,19.52,04a60685o0092o
60685.078653,15.768,0.015,1790,27,o,0,6.33,18.46353,-31.79167,4692.07,7606.2,2.11,1.76,-69.7,-0.403,18.79,19.49,04a60685o0106o
60685.091262,15.78,0.019,1770,33,o,0,3.11,18.46353,-31.79167,4675.72,7723.68,2.1,1.83,-62.6,-0.402,18.76,19.52,04a60685o0133o
60686.071606,15.735,0.018,1846,34,o,0,2.6,18.46353,-31.79167,3998.78,3298.66,1.94,1.84,-13.5,-0.486,18.7,19.3,04a60686o0092o
60686.07481,15.743,0.019,1831,34,o,0,3.39,18.46353,-31.79167,4018.32,3337.57,1.93,1.86,-14.6,-0.479,18.68,19.29,04a60686o0099o
60686.079921,15.77,0.016,1786,29,o,0,3.73,18.46353,-31.79167,3959.97,3260.08,1.87,1.84,-40.8,-0.459,18.68,19.27,04a60686o0110o
60686.091009,15.755,0.019,1811,34,o,0,2.24,18.46353,-31.79167,3940.27,3377.06,1.89,1.86,82.3,-0.442,18.63,19.22,04a60686o0134o
60686.816015,15.669,0.015,1961,30,o,0,1.88,18.46353,-31.79167,4036.59,3279.35,2.37,2.12,-64.2,-0.424,18.71,19.37,03a60687o0080o
60686.819313,15.674,0.015,1952,30,o,0,1.29,18.46353,-31.79167,4056.58,3319.2,2.39,2.11,-62.2,-0.43,18.7,19.37,03a60687o0087o
60686.826222,15.721,0.014,1869,27,o,0,2.49,18.46353,-31.79167,4003.17,3239.6,2.42,2.1,-60.5,-0.414,18.67,19.31,03a60687o0102o
60686.83678,15.695,0.015,1914,29,o,0,1.63,18.46353,-31.79167,3980.57,3357.41,2.4,2.13,-61.4,-0.43,18.66,19.27,03a60687o0125o
60687.80563,15.623,0.021,2046,44,o,0,1.84,18.46353,-31.79167,8760.47,10022.57,3.24,2.56,-46.2,-0.447,18.55,19.32,03a60688o0058o
60687.809279,15.631,0.021,2031,42,o,0,2.2,18.46353,-31.79167,8778.35,10062.73,3.01,2.42,-45.5,-0.447,18.39,19.01,03a60688o0066o
60687.814724,15.675,0.021,1950,41,o,0,2.36,18.46353,-31.79167,8722.3,9980.07,3.22,2.55,-45.5,-0.429,18.47,19.15,03a60688o0078o
60687.825332,15.605,0.032,2080,68,o,0,1.66,18.46353,-31.79167,8703.79,10095.64,3.12,2.43,-45.4,-0.433,17.79,18.29,03a60688o0101o
60689.085296,15.548,0.025,2191,54,o,0,3.24,18.46353,-31.79167,8898.4,9935.87,2.28,1.85,-3.0,-0.481,18.25,18.69,04a60689o0064o
60689.088491,15.51,0.021,2271,48,o,0,6.06,18.46353,-31.79167,8914.91,9976.27,2.3,1.85,1.1,-0.49,18.26,18.69,04a60689o0071o
60689.09363,15.432,0.024,2438,58,o,0,4.19,18.46353,-31.79167,8856.36,9894.82,2.41,1.86,1.0,-0.451,18.26,18.66,04a60689o0082o
60689.103865,15.399,0.025,2515,63,o,0,3.21,18.46353,-31.79167,8840.37,10012.16,2.3,2.13,-14.0,-0.462,18.14,18.55,04a60689o0104o
60690.066023,15.44,0.019,2420,46,o,0,2.78,18.46353,-31.79167,8167.69,3610.96,2.22,1.9,-26.1,-0.488,18.45,18.97,04a60690o0081o
60690.069225,15.541,0.019,2206,43,o,0,2.47,18.46353,-31.79167,8185.3,3648.08,2.35,1.87,-22.6,-0.43,18.28,18.75,04a60690o0088o
60690.074437,15.47,0.019,2354,44,o,0,3.44,18.46353,-31.79167,8127.07,3570.24,2.34,1.87,-22.1,-0.439,18.47,19.11,04a60690o0099o
60690.095625,15.491,0.017,2309,39,o,0,3.39,18.46353,-31.79167,8104.45,3688.5,2.35,1.94,-19.1,-0.444,18.37,18.94,04a60690o0145o
60690.804475,15.642,0.014,2010,27,o,0,3.28,18.46353,-31.79167,8189.52,3694.11,2.5,2.16,-57.1,-0.441,18.92,19.91,03a60691o0057o
60690.807672,15.592,0.013,2106,28,o,0,2.6,18.46353,-31.79167,8209.55,3733.39,2.58,2.17,-59.0,-0.438,18.84,19.82,03a60691o0064o
60690.813202,15.639,0.015,2016,30,o,0,1.81,18.46353,-31.79167,8151.48,3653.61,2.62,2.24,-56.7,-0.424,18.76,19.68,03a60691o0076o
60690.823298,15.612,0.016,2066,33,o,0,1.87,18.46353,-31.79167,8130.07,3767.34,2.72,2.34,-59.9,-0.417,18.63,19.51,03a60691o0098o
60691.812725,15.614,0.011,2063,23,o,0,4.47,18.46353,-31.79167,8171.54,6109.06,2.5,2.06,-58.9,-0.393,19.28,20.63,03a60692o0076o
60691.815944,15.631,0.012,2030,25,o,0,3.13,18.46353,-31.79167,8190.88,6148.82,2.55,2.14,-58.3,-0.4,19.21,20.54,03a60692o0083o
60691.837911,15.626,0.013,2039,27,o,0,3.27,18.46353,-31.79167,8135.53,6066.67,2.53,2.11,-57.5,-0.38,18.83,19.69,03a60692o0131o
60691.855922,15.634,0.015,2025,30,o,0,1.96,18.46353,-31.79167,8110.8,6179.54,2.62,2.16,-55.1,-0.372,18.65,19.39,03a60692o0170o
60693.079118,15.594,0.013,2100,27,o,0,9.07,18.46353,-31.79167,8208.32,6028.01,2.28,1.85,-19.0,-0.429,19.11,20.34,04a60693o0111o
60693.082046,15.547,0.013,2193,30,o,0,6.52,18.46353,-31.79167,8228.02,6067.44,2.27,1.86,-16.6,-0.432,19.07,20.29,04a60693o0117o
60693.103721,15.481,0.014,2331,32,o,0,6.24,18.46353,-31.79167,8172.68,5991.1,2.2,1.84,-15.1,-0.432,18.84,19.78,04a60693o0164o
60693.109867,15.574,0.013,2141,28,o,0,7.38,18.46353,-31.79167,8149.85,6105.23,2.24,1.78,-15.3,-0.429,18.76,19.66,04a60693o0177o
60694.056663,15.12,0.01,3250,31,c,0,15.44,18.46353,-31.79167,6736.04,9501.41,2.84,2.05,-74.4,-0.412,19.48,21.43,04a60694o0063c
60694.05986,15.14,0.009,3191,28,c,0,24.48,18.46353,-31.79167,6754.49,9539.18,2.85,2.06,-72.4,-0.399,19.49,21.43,04a60694o0070c
60694.065359,15.365,0.01,2594,25,c,0,14.33,18.46353,-31.79167,6696.58,9460.54,2.9,2.05,-73.6,-0.391,19.46,21.43,04a60694o0082c
60694.083125,15.305,0.009,2741,25,c,0,19.34,18.46353,-31.79167,6679.14,9580.33,2.88,2.0,-72.5,-0.405,19.41,21.37,04a60694o0121c
60694.796804,15.695,0.013,1914,26,o,0,4.14,18.46353,-31.79167,6608.91,9533.86,3.03,2.5,-40.3,-0.391,18.95,20.09,03a60695o0043o
60694.799976,15.651,0.015,1993,29,o,0,3.66,18.46353,-31.79167,6628.89,9573.36,2.8,2.29,-40.2,-0.412,19.06,20.22,03a60695o0050o
60694.8056,15.661,0.013,1975,26,o,0,3.29,18.46353,-31.79167,6573.65,9494.07,2.89,2.32,-39.4,-0.411,19.08,20.27,03a60695o0062o
60694.815795,15.666,0.015,1967,29,o,0,3.15,18.46353,-31.79167,6551.65,9610.05,3.24,2.65,-34.5,-0.389,18.94,20.31,03a60695o0084o
60695.795834,15.687,0.013,1928,25,o,0,4.94,18.46353,-31.79167,6563.79,7594.14,2.86,2.46,-47.1,-0.393,19.01,20.36,03a60696o0042o
60695.799028,15.683,0.013,1935,25,o,0,3.39,18.46353,-31.79167,6581.83,7633.6,2.87,2.5,-48.6,-0.392,19.04,20.5,03a60696o0049o
60695.804953,15.665,0.012,1969,24,o,0,2.86,18.46353,-31.79167,6527.97,7554.51,2.93,2.56,-45.1,-0.39,19.06,20.58,03a60696o0062o
60695.816781,15.671,0.013,1957,26,o,0,3.25,18.46353,-31.79167,6506.27,7667.7,2.82,2.44,-45.9,-0.393,19.09,20.61,03a60696o0088o
60697.113804,15.472,0.012,2351,27,c,0,4.29,18.46353,-31.79167,6633.12,7558.34,2.54,2.15,-65.6,-0.383,19.06,20.73,04a60697o0184c
60697.117618,15.489,0.012,2314,28,c,0,4.41,18.46353,-31.79167,6652.64,7597.58,2.51,2.14,-65.1,-0.382,19.03,20.65,04a60697o0192c
60697.134792,15.534,0.012,2220,27,c,0,3.37,18.46353,-31.79167,6595.19,7520.55,2.67,2.28,-61.5,-0.356,18.89,20.47,04a60697o0222c
60697.14043,15.521,0.013,2246,28,c,0,4.3,18.46353,-31.79167,6575.69,7637.54,2.62,2.22,-63.7,-0.374,18.8,20.41,04a60697o0234c
60698.063875,15.527,0.01,2235,22,c,0,7.79,18.46353,-31.79167,5861.72,1262.59,2.38,2.24,-4.6,-0.387,19.39,21.27,04a60698o0082c
60698.067069,15.562,0.01,2163,22,c,0,6.84,18.46353,-31.79167,5878.19,1299.15,2.29,2.09,-10.5,-0.398,19.43,21.28,04a60698o0089c
60698.087391,15.558,0.01,2172,23,c,0,6.95,18.46353,-31.79167,5817.98,1223.64,2.34,2.13,-1.2,-0.386,19.33,21.15,04a60698o0133c
60698.092867,15.554,0.011,2180,24,c,0,5.92,18.46353,-31.79167,5797.7,1340.81,2.22,1.99,-4.4,-0.394,19.37,21.15,04a60698o0145c
60698.795077,15.897,0.016,1589,25,o,0,2.54,18.46353,-31.79167,5944.3,1289.0,2.5,2.2,-54.2,-0.425,19.04,20.23,03a60699o0043o
60698.798261,15.888,0.016,1602,25,o,0,2.28,18.46353,-31.79167,5963.01,1328.21,2.37,2.15,-41.6,-0.417,19.13,20.35,03a60699o0050o
60698.80434,15.953,0.014,1509,22,o,0,3.21,18.46353,-31.79167,5905.8,1248.66,2.4,2.16,-40.9,-0.412,19.16,20.47,03a60699o0063o
60698.814405,15.916,0.016,1561,24,o,0,3.31,18.46353,-31.79167,5881.61,1366.43,2.58,2.42,-38.8,-0.39,19.04,20.47,03a60699o0085o
60702.039188,15.847,0.014,1664,23,c,0,2.82,18.46353,-31.79167,1032.04,9845.88,3.21,2.18,-75.1,-0.334,19.11,20.54,04a60702o0043c
60702.043341,15.894,0.015,1594,24,c,0,2.23,18.46353,-31.79167,1053.07,9886.59,3.22,2.2,-78.0,-0.338,19.26,20.97,04a60702o0052c
60702.049708,15.861,0.014,1642,23,c,0,2.23,18.46353,-31.79167,996.89,9810.12,3.13,2.17,-77.0,-0.345,19.33,21.19,04a60702o0066c
60702.060816,15.867,0.014,1633,22,c,0,1.58,18.46353,-31.79167,975.4,9929.66,3.16,2.18,-78.0,-0.335,19.38,21.21,04a60702o0090c
60706.035442,16.196,0.018,1206,22,c,0,2.38,18.46353,-31.79167,4838.83,9587.88,3.13,2.07,-73.6,-0.357,18.83,20.1,04a60706o0040c
60706.038638,15.989,0.018,1460,26,c,0,4.14,18.46353,-31.79167,4859.22,9629.12,2.83,2.01,-71.1,-0.434,19.06,20.55,04a60706o0047c
60706.044139,16.187,0.017,1217,21,c,0,2.34,18.46353,-31.79167,4799.7,9550.23,3.09,2.09,-74.2,-0.366,19.21,20.96,04a60706o0059c
60706.055441,16.201,0.017,1201,20,c,0,3.64,18.46353,-31.79167,4779.67,9669.26,3.12,2.02,-75.3,-0.367,19.25,21.09,04a60706o0083c
60709.064119,16.266,0.021,1131,24,o,0,2.8,18.46353,-31.79167,2037.69,3417.37,2.23,1.97,59.2,-0.396,18.94,20.02,04a60709o0105o
60709.067472,16.25,0.021,1148,24,o,0,3.21,18.46353,-31.79167,2057.74,3455.88,2.17,1.88,56.2,-0.399,18.95,20.12,04a60709o0112o
60709.073295,16.21,0.02,1191,24,o,0,2.17,18.46353,-31.79167,1998.37,3379.92,2.2,1.89,53.9,-0.399,18.96,20.04,04a60709o0124o
60709.088553,16.162,0.023,1246,28,o,0,2.09,18.46353,-31.79167,1981.89,3501.14,2.02,2.01,38.0,-0.442,18.76,19.72,04a60709o0157o
60710.061116,16.207,0.024,1195,29,o,0,3.16,18.46353,-31.79167,5949.51,3202.79,2.18,1.87,-16.0,-0.509,18.85,19.8,04a60710o0101o
60710.064404,16.175,0.026,1230,32,o,0,1.81,18.46353,-31.79167,5968.65,3241.58,2.2,1.88,-17.7,-0.516,18.86,19.83,04a60710o0108o
60710.07014,16.219,0.023,1181,27,o,0,2.4,18.46353,-31.79167,5908.97,3163.84,2.15,1.89,-19.3,-0.512,18.84,19.83,04a60710o0120o
60710.085504,16.22,0.027,1180,32,o,0,3.1,18.46353,-31.79167,5889.62,3284.4,2.15,1.88,-19.2,-0.524,18.73,19.71,04a60710o0153o
60710.781474,16.18,0.028,1225,34,o,0,1.13,18.46353,-31.79167,5982.7,3232.31,2.41,2.22,-33.5,-0.416,18.29,19.0,03a60711o0041o
60710.784698,16.177,0.024,1228,29,o,0,1.51,18.46353,-31.79167,6001.01,3271.34,2.43,2.24,-52.2,-0.426,18.61,19.36,03a60711o0048o
60710.805277,16.247,0.023,1152,26,o,0,2.74,18.46353,-31.79167,5941.23,3189.89,2.41,2.14,-24.3,-0.411,18.79,19.7,03a60711o0093o
60710.810759,16.207,0.025,1195,30,o,0,1.74,18.46353,-31.79167,5917.61,3303.97,2.4,2.23,-48.0,-0.382,18.74,19.7,03a60711o0105o
60711.777187,16.234,0.033,1166,38,o,0,1.22,18.46353,-31.79167,2751.81,7700.93,2.95,2.67,-48.9,-0.353,18.29,18.98,03a60712o0031o
60711.780346,16.277,0.028,1120,31,o,0,1.59,18.46353,-31.79167,2767.91,7740.15,2.88,2.56,-50.5,-0.368,18.58,19.43,03a60712o0038o
60711.787154,16.182,0.022,1223,27,o,0,1.46,18.46353,-31.79167,2714.94,7662.64,2.69,2.35,-45.2,-0.376,18.89,19.88,03a60712o0053o
60711.806756,16.24,0.023,1159,27,o,0,2.26,18.46353,-31.79167,2692.44,7778.66,3.1,2.76,-42.7,-0.361,18.69,19.89,03a60712o0096o
60714.052778,16.201,0.028,1202,34,o,0,1.96,18.46353,-31.79167,7922.08,1741.66,2.32,2.03,-19.7,-0.408,18.53,19.21,04a60714o0015o
60714.799388,16.327,0.03,1070,32,o,0,1.58,18.46353,-31.79167,8050.54,1743.36,2.53,2.21,-54.3,-0.406,18.53,19.21,03a60715o0086o
60714.803042,16.345,0.033,1052,34,o,0,1.64,18.46353,-31.79167,8067.48,1782.73,2.52,2.14,-63.8,-0.409,18.51,19.18,03a60715o0094o
60714.80861,16.362,0.028,1036,30,o,0,2.08,18.46353,-31.79167,8008.48,1701.45,2.62,2.27,-65.9,-0.396,18.4,19.13,03a60715o0106o
60714.826391,16.343,0.038,1054,40,o,0,1.11,18.46353,-31.79167,7978.55,1812.56,2.66,2.42,-26.3,-0.393,18.31,19.0,03a60715o0145o
60715.77272,16.379,0.071,1020,73,o,0,1.16,18.46353,-31.79167,8626.32,8064.52,3.07,2.53,-53.8,-0.38,17.53,17.55,03a60716o0029o
60715.775879,16.344,0.048,1052,50,o,0,1.49,18.46353,-31.79167,8642.96,8103.42,2.99,2.39,-52.2,-0.388,17.94,18.18,03a60716o0036o
60715.78221,16.438,0.039,966,38,o,0,1.33,18.46353,-31.79167,8588.38,8021.44,3.06,2.52,-51.4,-0.38,18.23,18.88,03a60716o0050o
60715.792227,16.487,0.036,923,33,o,0,1.42,18.46353,-31.79167,8565.36,8135.93,2.83,2.32,-49.9,-0.397,18.42,19.06,03a60716o0072o
60717.044073,16.438,0.045,965,43,o,0,1.64,18.46353,-31.79167,8711.15,7976.33,2.4,2.02,-13.7,-0.391,18.14,18.66,04a60717o0003o
60717.047244,16.432,0.049,971,47,o,0,1.46,18.46353,-31.79167,8728.37,8016.08,2.36,1.96,-11.9,-0.405,18.11,18.65,04a60717o0010o
60717.05272,16.325,0.048,1072,52,o,0,0.74,18.46353,-31.79167,8670.66,7937.41,2.34,2.02,-12.3,-0.38,18.11,18.57,04a60717o0022o
60717.063455,16.555,0.042,867,37,o,0,2.92,18.46353,-31.79167,8649.9,8053.23,2.43,2.06,-14.6,-0.362,17.99,18.46,04a60717o0045o
60718.021942,16.643,0.097,799,77,o,0,1.2,18.46353,-31.79167,3879.75,1355.79,2.3,2.15,10.4,-0.402,17.35,17.27,04a60718o0027o
60718.026934,16.65,0.054,795,43,o,0,2.57,18.46353,-31.79167,3897.59,1394.55,2.26,2.13,35.5,-0.431,17.88,18.18,04a60718o0038o
60718.033334,16.544,0.053,876,47,o,0,1.48,18.46353,-31.79167,3837.36,1317.8,2.28,2.11,29.0,-0.42,18.07,18.54,04a60718o0052o
60718.054556,16.491,0.052,920,48,o,0,1.01,18.46353,-31.79167,3816.19,1439.04,2.13,1.93,31.0,-0.435,18.06,18.41,04a60718o0098o
60722.026398,16.832,0.058,672,39,o,0,0.94,18.46353,-31.79167,2268.71,5808.48,2.42,2.21,-77.0,-0.391,18.4,19.17,04a60722o0044o
60722.030203,16.889,0.045,638,29,o,0,1.15,18.46353,-31.79167,2286.36,5849.53,2.37,2.17,-72.5,-0.412,18.64,19.62,04a60722o0052o
60722.036613,16.826,0.035,675,24,o,0,1.86,18.46353,-31.79167,2222.66,5776.14,2.36,2.1,-82.5,-0.403,18.83,19.94,04a60722o0066o
