combined_norm,2019ahi,2019ahi,207.902495092,-8.840079727870004,0.02835,0.02878718226794939,58512.0
++++++++++++++++++++++++++++++++++++++++++++++++++++++++++++++++
t0,58526.2989488695,0.08143870500498451
x0,0.0035621991582877504,7.91374365975511e-05
x1,1.0674998906095812,0.0881510723831741
c,0.10827022986738823,0.01531700413898783
mu,35.95638670653283,0.053358614019001285
hostMass,10.166762407150804,0.000913830568866447
++++++++++++++++++++++++++++++++++++++++++++++++++++++++++++++++
0.00663226421790933,2.312775011496253e-06,0.001916861345702582,-0.00040437778761241196
2.312775011496253e-06,6.262733871231422e-09,-2.4909619374247365e-06,-1.1616901417485585e-06
0.001916861345702582,-2.4909619374247365e-06,0.007771455258452259,0.00030828027301031197
-0.00040437778761241196,-1.1616901417485585e-06,0.00030828027301031197,0.0002346106157937703
++++++++++++++++++++++++++++++++++++++++++++++++++++++++++++++++
zp,23.9,23.9,23.9,23.9,23.9,23.9,23.9,23.9,23.9,23.9,23.9,23.9,23.9,23.9,23.9,23.9,23.9,23.9,23.9,23.9,23.9,23.9,23.9,23.9,23.9,23.9,23.9,23.9,23.9,23.9,23.9,23.9,23.9,23.9,23.9,23.9,23.9,23.9,23.9,23.9,23.9,23.9,23.9,23.9,23.9,23.9,23.9,23.9,23.9,23.9,23.9,23.9,23.9,23.9,23.9,23.9,23.9,23.9,23.9,23.9,23.9,23.9,23.9,23.9,23.9,23.9,23.9,23.9,23.9,23.9,23.9,23.9,23.9,23.9,23.9,23.9,23.9,23.9,23.9,23.9,23.9,23.9,23.9,23.9,23.9,23.9,23.9,23.9,23.9,23.9,23.9,23.9,23.9,23.9,23.9,23.9,23.9,23.9,23.9,23.9,23.9
filter,c,c,c,c,c,c,o,o,o,o,o,o,o,o,o,o,o,o,o,o,o,o,o,o,o,o,o,o,o,o,o,o,o,o,o,o,o,o,o,o,o,o,o,o,o,o,o,o,o,o,o,o,o,o,o,o,o,o,o,o,o,o,o,o,o,o,o,o,o,o,o,o,o,o,o,o,o,o,o,o,o,ZTF_g,ZTF_g,ZTF_g,ZTF_g,ZTF_g,ZTF_g,ZTF_g,ZTF_g,ZTF_g,ZTF_g,ZTF_r,ZTF_r,ZTF_r,ZTF_r,ZTF_r,ZTF_r,ZTF_r,ZTF_r,ZTF_r,ZTF_r
mjd,58494.627074,58494.63524,58518.613198,58518.622411,58518.630674,58518.639454,58492.640017,58496.633807,58496.642077,58498.609211,58498.617214,58498.625359,58498.633622,58500.615883,58500.624014,58500.632195,58500.64041,58503.670072,58503.673147,58504.576321,58504.588466,58504.591258,58504.602384,58506.571161,58506.587408,58506.595381,58508.57769,58508.586142,58508.594157,58508.602192,58512.592389,58512.600617,58512.60879,58512.616999,58516.59279,58516.60064,58516.610114,58516.620901,58520.596365,58520.605737,58520.615549,58520.626759,58528.570266,58528.579067,58528.587337,58528.596166,58532.587654,58532.615689,58540.555473,58540.562324,58540.563758,58540.570667,58540.572058,58540.580223,58544.551203,58544.560913,58544.570019,58544.580029,58556.526239,58556.535922,58556.544658,58556.554849,58560.499223,58560.508276,58560.517041,58560.524457,58566.520021,58566.52843,58566.537649,58568.504536,58568.513453,58568.521854,58568.530688,58570.503011,58570.511905,58570.521533,58570.530175,58572.492651,58572.501618,58572.510023,58572.518872,58524.435914400034,58540.44033560017,58543.48106480017,58557.333715300076,58582.35269680014,58585.27256939979,58597.29346060008,58601.23207180016,58607.29506940022,58617.19586810004,58540.33592589991,58557.36027779989,58560.39704860002,58573.402638900094,58582.27195600001,58585.3136574002,58594.33547449997,58597.376226900145,58607.24709489988,58617.27224540012
flux,13.0,3.0,590.0,605.0,559.0,583.0,15.0,26.0,25.0,5.0,8.0,23.0,26.0,36.0,24.0,6.0,30.0,49.0,14.0,39.0,6.0,15.0,7.0,21.0,16.0,4.0,95.0,46.0,67.0,78.0,178.0,196.0,226.0,172.0,441.0,428.0,420.0,462.0,615.0,607.0,566.0,602.0,702.0,681.0,687.0,704.0,604.0,617.0,406.0,404.0,395.0,412.0,431.0,416.0,412.0,387.0,359.0,401.0,330.0,340.0,356.0,318.0,286.0,290.0,298.0,300.0,160.0,194.0,360.0,254.0,172.0,219.0,202.0,206.0,159.0,180.0,235.0,179.0,145.0,136.0,164.0,825.5070755109181,435.43245891768004,314.45608273834324,134.63562786811875,57.76085324238581,53.00748510704259,48.79404248523251,36.93369853393011,40.00106921249722,43.6797355140163,511.49335970627124,308.3281662467988,290.5965138726377,155.83291692784013,114.38113454674087,118.77329368603469,96.89915726622611,83.16641863079211,66.4217020253653,44.50819683259883
dflux,13.0,11.0,12.0,13.0,13.0,12.0,14.0,16.0,17.0,17.0,17.0,18.0,20.0,15.0,19.0,15.0,21.0,45.0,62.0,46.0,40.0,38.0,39.0,20.0,21.0,17.0,24.0,25.0,24.0,24.0,18.0,17.0,19.0,16.0,18.0,18.0,15.0,15.0,16.0,15.0,14.0,14.0,16.0,15.0,14.0,14.0,31.0,31.0,17.0,19.0,19.0,19.0,19.0,18.0,17.0,14.0,16.0,17.0,13.0,13.0,13.0,13.0,24.0,24.0,25.0,22.0,29.0,66.0,169.0,19.0,21.0,20.0,19.0,15.0,15.0,15.0,15.0,15.0,13.0,12.0,12.0,30.236340476034037,22.249273654976914,19.661399426985792,21.172460794062722,7.9543627995170585,5.961729231047096,8.346441160928942,6.696697991871535,6.521714816322265,13.368419036641795,32.63144764192904,17.052084276530284,15.07317520282737,10.8923724970638,11.022953417017112,9.781088635142007,26.88139043016871,10.689866355679575,10.412333486892127,10.513451905953964
mag,21.115141619232908,22.707196863200842,16.97286997089464,16.945611563368825,17.031470480283943,16.985828613102463,20.959771852360795,20.362566630072955,20.405149978319905,22.15257498915995,21.64227503252014,20.495680409956016,20.362566630072955,20.00924374808178,20.449471895720983,21.95462187404089,20.207196863200842,19.674509799928714,21.034679910804403,19.92233848243375,21.95462187404089,20.959771852360795,21.787254899964356,20.5944517631652,20.889700043360186,22.394850021680092,18.955690986777878,19.743105420796063,19.334812993247933,19.1697634932738,18.273949994227763,18.169359821608808,18.014728902131495,18.311178882731127,17.2889035263304,17.321390577467067,17.341876774005247,17.238395061109685,16.927812210561456,16.942028272311855,17.01795892202932,16.951008771855438,16.784157219675485,16.817132220218035,16.807608157351122,16.781068352144718,16.94740765344717,16.924287089916895,17.37868491605701,17.384046587223487,17.40850726093385,17.362756959917164,17.31380682459817,17.352266673433142,17.362756959917164,17.43072258745272,17.5122638785542,17.392139068449545,17.60371515030528,17.57130270739436,17.52137500506781,17.64393220003892,17.75908491717739,17.74400500525261,17.71445933980936,17.707196863200842,18.389700043360186,18.180495675174434,17.50924374808178,17.88791570845015,18.311178882731127,18.0488897128997,18.13662157638344,18.115331949077117,18.39650718919887,18.261818737241732,17.972330344320657,18.267867422550268,18.496579994412564,18.566152729074453,18.362890379880753,16.608198,17.302698,17.6561,18.5771,19.495916,19.589157,19.679083,19.981443,19.894821,19.7993,17.1279,17.677467,17.741774,18.418352,18.754114,18.713203,18.9342,19.10013,19.344225,19.7789
dmag,1.08573620476,3.981032750786667,0.022082770266305084,0.023329868862611573,0.02524967918046512,0.022347915020789026,1.0133537911093335,0.6681453567753847,0.7383006192368001,3.6915030961840003,2.307189435115,0.8497065950295654,0.8351816959692309,0.45239008531666675,0.8595411621016668,2.7143405119,0.760015343332,0.9971046778408165,4.808260335365715,1.2806119338194872,7.238241365066668,2.7505317187253335,6.049101712234286,1.0340344807238095,1.4250287687475,4.61437887023,0.27429125172884217,0.590074024326087,0.3889204315558209,0.33407267838769233,0.10979354879595506,0.09417099735163266,0.09127870747982303,0.10099871672186048,0.04431576345959184,0.045661803003925236,0.03877629302714286,0.03525117547922078,0.028246795570991873,0.026830383972652392,0.026855665842120142,0.02524967918046512,0.02474612432501425,0.02391489437797357,0.02212562862684134,0.02159134498102273,0.05572487143635762,0.0545507655552026,0.04546186079044335,0.0510618512139604,0.05222528579858228,0.050070358957378644,0.04786308095229699,0.04697897039826923,0.044799794856601946,0.03927727872516796,0.048389357315208915,0.04602871691002495,0.04277142624812121,0.04151344312317648,0.03964767039853933,0.04438544233295598,0.09111073046937064,0.08985403073875863,0.09108525207718123,0.07962065501573334,0.19678968711275002,0.3693741727534021,0.5096928294567779,0.0812164877576378,0.13256081569744188,0.09915399130228311,0.1021237024279208,0.07905846151165048,0.10242794384528303,0.09047801706333333,0.06930231094212766,0.09098348084581005,0.09734186663365518,0.09580025336117648,0.07944411254341463,0.03976790814780386,0.05547781623093978,0.06788576963826382,0.17074014948326294,0.14951890757206304,0.12211228765244404,0.18572007744720592,0.19686215436666757,0.17701681561523308,0.3322954312263921,0.0692660881050697,0.06004662334620519,0.05631689045510361,0.07589053332852973,0.10463281078356332,0.08941136280359722,0.30120074980771666,0.1395560265487966,0.17020111045086608,0.25646591377830785
