combined_norm,2023hnl,2023hnl,325.5467266669998,-34.163038333299994,0.0176,0.016321213895709334,60066.0
++++++++++++++++++++++++++++++++++++++++++++++++++++++++++++++++
t0,60078.66433721269,0.02633896034603822
x0,0.014146717107418896,9.421672517434513e-05
x1,-1.8786605243881849,0.03343458594569493
c,-0.022073354092023503,0.0056963921603208605
mu,34.396704362440865,0.019147173979200845
hostMass,-333.0,-333.0
++++++++++++++++++++++++++++++++++++++++++++++++++++++++++++++++
0.0006937408606682918,-1.3700200405787637e-06,0.0002764272166097447,7.629122517258406e-05
-1.3700200405787637e-06,8.876791302578079e-09,-8.852927951632419e-07,-5.090971275317633e-07
0.0002764272166097447,-8.852927951632419e-07,0.0011178909386104464,2.5322751792503616e-05
7.629122517258406e-05,-5.090971275317633e-07,2.5322751792503616e-05,3.244888364416496e-05
++++++++++++++++++++++++++++++++++++++++++++++++++++++++++++++++
zp,23.9,23.9,23.9,23.9,23.9,23.9,23.9,23.9,23.9,23.9,23.9,23.9,23.9,23.9,23.9,23.9,23.9,23.9,23.9,23.9,23.9,23.9,23.9,23.9,23.9,23.9,23.9,23.9,23.9,23.9,23.9,23.9,23.9,23.9,23.9,23.9,23.9,23.9,23.9,23.9,23.9,23.9,23.9,23.9,23.9,23.9,23.9,23.9,23.9,23.9,23.9,23.9,23.9,23.9,23.9,23.9,23.9,23.9,23.9,23.9,23.9,23.9,23.9,23.9,23.9,23.9,23.9,23.9,23.9,23.9,23.9,23.9,23.9,23.9,23.9,23.9,23.9,23.9,23.9
filter,c,c,c,c,c,c,c,c,c,c,c,c,c,c,c,c,c,c,c,c,c,c,c,c,o,o,o,o,o,o,o,o,o,o,o,o,o,o,o,o,o,o,o,o,o,o,o,o,o,o,o,o,o,o,o,o,o,o,o,o,o,o,o,o,o,o,o,o,o,o,o,o,o,o,o,o,o,o,o
mjd,60081.086279,60081.089081,60081.092311,60081.106009,60084.0863,60084.089134,60084.092914,60084.099472,60087.109395,60087.111241,60087.131947,60087.134895,60093.102622,60093.105046,60093.108146,60093.118664,60109.292846,60109.295588,60109.313732,60109.31887,60112.289772,60112.291124,60112.294986,60112.3003,60046.398946,60046.403136,60046.410641,60051.147027,60051.150916,60060.127911,60060.130975,60060.142597,60063.115293,60063.119073,60066.113381,60066.138445,60066.172339,60067.383931,60067.395889,60069.061164,60069.063934,60069.090808,60070.31546,60070.338997,60070.339449,60070.341769,60070.342221,60070.363019,60072.072563,60072.092018,60072.097291,60072.112235,60072.115817,60073.338489,60073.340329,60073.341726,60073.348355,60073.364393,60073.364844,60073.430707,60075.091183,60075.099718,60082.347027,60082.34979,60082.353904,60082.360035,60085.339204,60085.341458,60085.34465,60085.35148,60102.03859,60102.043693,60102.054069,60106.306532,60106.308845,60106.311691,60106.319512,60125.943151,60125.98475
flux,2862.0,2876.0,2811.0,2925.0,2588.0,2633.0,2556.0,2541.0,2248.0,2254.0,2029.0,2088.0,1344.0,1370.0,1310.0,1299.0,446.0,460.0,442.0,427.0,400.0,395.0,410.0,412.0,64.0,4.0,12.0,25.0,4.0,7.0,18.0,2.0,27.0,9.0,260.0,254.0,408.0,473.0,512.0,910.0,990.0,944.0,1277.0,1268.0,1240.0,1396.0,1243.0,1209.0,1806.0,1719.0,1752.0,1802.0,1720.0,1868.0,2049.0,1836.0,2067.0,2246.0,1973.0,2119.0,2245.0,2252.0,2278.0,2299.0,2247.0,2451.0,1926.0,1872.0,1849.0,1630.0,1121.0,1057.0,1101.0,839.0,807.0,834.0,813.0,305.0,323.0
dflux,23.0,24.0,20.0,21.0,19.0,19.0,20.0,20.0,68.0,104.0,30.0,27.0,18.0,19.0,17.0,19.0,14.0,15.0,14.0,14.0,15.0,15.0,14.0,14.0,26.0,30.0,26.0,17.0,15.0,13.0,13.0,14.0,15.0,18.0,16.0,18.0,55.0,22.0,18.0,31.0,33.0,26.0,46.0,40.0,32.0,43.0,30.0,29.0,34.0,32.0,30.0,32.0,32.0,31.0,43.0,33.0,36.0,44.0,31.0,36.0,36.0,32.0,25.0,23.0,26.0,27.0,24.0,24.0,22.0,32.0,38.0,34.0,37.0,20.0,21.0,21.0,27.0,25.0,21.0
mag,15.258325926440603,15.253027795722886,15.277847885981396,15.234685323954501,15.367589320008342,15.348872852234829,15.381097876284091,15.387488337374075,15.52050923275744,15.51761522072478,15.631794882416633,15.600673764174438,16.07900182820548,16.058198582108982,16.106821760860587,16.115977122317428,17.276662853219644,17.243105420796063,17.28644432662727,17.32393031243744,17.394850021680092,17.40850726093385,17.36804035820066,17.362756959917164,19.38455006504028,22.394850021680092,21.202046884880936,20.405149978319905,22.394850021680092,21.787254899964356,20.761818737241732,23.147425010840045,20.32159058960253,21.514393726401686,17.862566630072955,17.88791570845015,17.373349592275297,17.21284714815547,17.12682509756042,16.502396519197266,16.410912013506124,16.462570014254826,16.13452275684146,16.142201866135714,16.16644578709441,16.03778645428214,16.163822178395886,16.19393424784807,15.758205635056282,15.811810308282368,15.791164745419843,15.760613033392389,15.811178882731127,15.721557820264813,15.621145103997012,15.74031830783694,15.611648808431777,15.5214756201864,15.662182286869522,15.584672608223013,15.521959136651644,15.518579034551728,15.506115700642296,15.496152571826801,15.520992318952176,15.426641721869803,15.688359293028709,15.719235388994782,15.732657722102067,15.869530988990105,16.275985968512565,16.339812531731432,16.29553170257062,16.590595097928247,16.632816163194825,16.597084873405652,16.62477363601483,17.689250401633032,17.626993694172242
dmag,0.008725343364598183,0.009060385575187761,0.007724910741800072,0.007795029162379488,0.007971015413616693,0.007834784614675277,0.008495588456651017,0.00854573951011413,0.03284255423651246,0.05009608043258208,0.016053270647018236,0.014039692302931036,0.014541109885178573,0.015057655394481754,0.014089706473984734,0.015880668121970747,0.03408140553058296,0.03540444145956522,0.03438983453990951,0.03559790835278689,0.0407151076785,0.04123048878835443,0.03707391918692684,0.03689394870543689,0.44108033318375006,8.1430215357,2.3524284436466667,0.7383006192368001,4.07151076785,2.016367237411429,0.7841428145488889,7.600153433320001,0.6031867804222223,2.17147240952,0.06681453567753848,0.07694193577039371,0.14636149819068628,0.05049935836093024,0.03817041344859375,0.03698661796435165,0.03619120682533333,0.029903751402288136,0.03911030964679718,0.03425035346246057,0.028018998832516132,0.03344316390020058,0.0262044136305712,0.026043300196889996,0.020440216479424143,0.02021149421310064,0.018591373369178082,0.01928055413558269,0.020199743344372096,0.018018106181777304,0.022785093608921426,0.019514866425424836,0.01890977424835994,0.021269987982831702,0.017059210515742523,0.01844573070852289,0.01741046920773274,0.015427867918436948,0.011915454398156278,0.010862084693118747,0.012563035747111706,0.011960374348641372,0.013529423112274144,0.013919694932820513,0.012918440510935643,0.02131506659651534,0.036804617110508475,0.03492434338868496,0.03648704775306085,0.02588167353420739,0.02825335848817844,0.027338681414820147,0.03605765993667897,0.08899477088196721,0.07058966037139319
