combined_norm,2022szq,2022szq,246.3796677999999,29.398155700000007,0.091,0.09103848852836262,59823.0
++++++++++++++++++++++++++++++++++++++++++++++++++++++++++++++++
t0,59835.31243400011,0.24506266543539823
x0,0.0005766702883235212,2.02042119707939e-05
x1,0.14897212116942393,0.306608175151199
c,-0.07359556011514812,0.031595841750284785
mu,38.334788563899195,0.11186131846401655
hostMass,8.52628800213882,0.05611860142769022
++++++++++++++++++++++++++++++++++++++++++++++++++++++++++++++++
0.06005591220052558,-2.827896440344336e-06,0.04535402408914155,0.0030700420200338793
-2.827896440344336e-06,4.082101813607715e-10,-4.106859657639991e-06,-5.247140403359934e-07
0.04535402408914155,-4.106859657639991e-06,0.09412674990361874,0.0032321166738690597
0.0030700420200338793,-5.247140403359934e-07,0.0032321166738690597,0.0009982972159090391
++++++++++++++++++++++++++++++++++++++++++++++++++++++++++++++++
zp,23.9,23.9,23.9,23.9,23.9,23.9,23.9,23.9,23.9,23.9,23.9,23.9,23.9,23.9,23.9,23.9,23.9,23.9,23.9,23.9,23.9,23.9,23.9,23.9,23.9,23.9,23.9,23.9,23.9,23.9,23.9,23.9,23.9,23.9,23.9,23.9,23.9,23.9,23.9,23.9,23.9,23.9,23.9,23.9,23.9,23.9,23.9,23.9,23.9,23.9,23.9,23.9,23.9,23.9,23.9,23.9,23.9,23.9,23.9,23.9,23.9,23.9,23.9,23.9,23.9,23.9,23.9,23.9,23.9,23.9,23.9,23.9,23.9,23.9,23.9,23.9,23.9,23.9,23.9,23.9,23.9,23.9,23.9,23.9,23.9,23.9,23.9,23.9,23.9,23.9,23.9,23.9,23.9,23.9,23.9,23.9,23.9,23.9,23.9,23.9,23.9,23.9,23.9,23.9,23.9,23.9,23.9,23.9,23.9,23.9,23.9,23.9,23.9,23.9,23.9,23.9,23.9,23.9,23.9,23.9,23.9,23.9,23.9,23.9,23.9,23.9,23.9,23.9,23.9,23.9,23.9,23.9,23.9,23.9,23.9,23.9,23.9,23.9,23.9,23.9,23.9,23.9,23.9,23.9,23.9,23.9,23.9,23.9,23.9,23.9,23.9,23.9,23.9,23.9,23.9,23.9,23.9,23.9,23.9,23.9,23.9,23.9,23.9,23.9,23.9,23.9,23.9,23.9,23.9,23.9,23.9,23.9,23.9,23.9,23.9,23.9,23.9,23.9,23.9,23.9,23.9,23.9,23.9
filter,c,c,c,c,c,c,c,c,c,c,c,c,c,c,c,c,c,c,c,c,c,c,c,c,c,c,c,c,c,c,c,c,c,c,c,c,c,c,c,c,c,c,c,c,c,c,c,c,c,c,c,o,o,o,o,o,o,o,o,o,o,o,o,o,o,o,o,o,o,o,o,o,o,o,o,o,o,o,o,o,o,o,o,o,o,o,o,o,o,o,o,o,o,o,o,o,o,o,o,o,o,o,o,o,o,o,o,o,o,o,o,o,o,o,o,o,o,o,o,o,o,o,o,o,o,o,o,o,o,o,o,o,o,o,o,o,o,o,o,o,o,o,o,o,o,o,o,o,o,o,o,o,o,o,o,o,o,o,o,o,o,o,o,o,o,o,ZTF_g,ZTF_g,ZTF_g,ZTF_g,ZTF_g,ZTF_g,ZTF_g,ZTF_g,ZTF_g,ZTF_g,ZTF_g,ZTF_r,ZTF_r,ZTF_r,ZTF_r,ZTF_r,ZTF_r
mjd,59810.307837,59810.311007,59810.316885,59810.326852,59813.258641,59813.26779,59817.239949,59817.243631,59817.249084,59817.262364,59821.296347,59821.299547,59821.305487,59821.315466,59822.239389,59822.24346,59822.248954,59822.259464,59837.254558,59837.257722,59837.264504,59837.275385,59838.221898,59838.225062,59838.230983,59838.245394,59840.250111,59840.253344,59840.260728,59840.299553,59843.231894,59843.235146,59843.240757,59843.250959,59844.2297,59844.232934,59844.238984,59844.250547,59848.233826,59848.237064,59848.243068,59848.253247,59851.225406,59851.229101,59851.235585,59851.246673,59869.208655,59869.21182,59869.217244,59869.227473,59873.229913,59803.329726,59803.341216,59804.272538,59804.275754,59804.281216,59805.377633,59806.294926,59807.270846,59807.286277,59808.33494,59808.345023,59812.288526,59812.292173,59812.30224,59812.31325,59816.279753,59816.288863,59816.298944,59819.268148,59819.271335,59819.277723,59819.287832,59820.245749,59820.249456,59820.28285,59823.235601,59823.238399,59823.255772,59823.260944,59824.272553,59824.274375,59824.275743,59824.277564,59824.282195,59824.293672,59825.23489,59825.238056,59825.243485,59827.263183,59827.264551,59827.266373,59827.268205,59827.271856,59827.281938,59828.237593,59828.24078,59828.242148,59828.251884,59828.269137,59833.240102,59833.243287,59833.252882,59834.325773,59834.332587,59834.335349,59835.252864,59835.256095,59835.261634,59835.271805,59836.227423,59836.230656,59836.249361,59836.25311,59841.25492,59841.258128,59841.263594,59841.273588,59842.249994,59842.256329,59842.259948,59842.274479,59845.260292,59845.263461,59845.268914,59845.281156,59850.242477,59850.24564,59850.251064,59850.265081,59853.220019,59853.224092,59853.230421,59853.240418,59856.224161,59856.226935,59856.232486,59856.24405,59858.239748,59858.242949,59858.252977,59858.259869,59861.242246,59861.247687,59861.259504,59864.209636,59864.213332,59864.218899,59864.230038,59866.25168,59866.257152,59866.259955,59866.270923,59867.208978,59867.211751,59867.217294,59867.227499,59872.220273,59872.22305,59872.241113,59875.19884,59875.202076,59875.208078,59875.219192,59882.196351,59882.20043,59823.245810199995,59825.221215299796,59828.2042129999,59830.15660879994,59840.139027799945,59840.15659719985,59842.14260420017,59844.176111099776,59846.18476849981,59848.13648150023,59853.14461810002,59823.1849421002,59825.15884259995,59828.162812499795,59842.18461810006,59844.13739580009,59848.180416699965
flux,10.0,5.0,6.0,2.0,17.0,19.0,13.0,18.0,4.0,10.0,22.0,25.0,42.0,12.0,25.0,34.0,50.0,30.0,138.0,125.0,133.0,127.0,166.0,112.0,128.0,135.0,118.0,126.0,121.0,133.0,76.0,112.0,109.0,133.0,93.0,94.0,103.0,104.0,87.0,88.0,61.0,86.0,67.0,57.0,61.0,68.0,46.0,33.0,26.0,37.0,98.0,60.0,11.0,6.0,2.0,3.0,27.0,30.0,21.0,13.0,15.0,5.0,8.0,4.0,18.0,26.0,42.0,7.0,20.0,8.0,20.0,23.0,24.0,25.0,25.0,21.0,35.0,36.0,39.0,32.0,44.0,27.0,45.0,30.0,56.0,30.0,53.0,41.0,56.0,67.0,23.0,83.0,53.0,108.0,140.0,80.0,74.0,104.0,69.0,80.0,125.0,80.0,118.0,145.0,131.0,148.0,111.0,108.0,121.0,114.0,136.0,115.0,85.0,74.0,73.0,101.0,78.0,106.0,101.0,124.0,101.0,75.0,78.0,88.0,77.0,97.0,60.0,62.0,65.0,88.0,16.0,68.0,56.0,62.0,40.0,53.0,17.0,24.0,22.0,27.0,38.0,77.0,386.0,131.0,261.0,60.0,23.0,190.0,20.0,30.0,48.0,45.0,28.0,13.0,34.0,51.0,42.0,36.0,22.0,41.0,34.0,10.0,43.0,52.0,21.0,22.0,45.784660692164884,73.01316923715994,107.19141402650945,120.65629908987958,122.83394497077383,119.53932522466701,109.0880553739176,101.00805303203242,88.52827460377154,74.18621263778468,49.08807483303946,36.31088215402826,55.070015662590656,87.40357568328142,103.34845772261001,95.36793961881281,67.60599360535595
dflux,10.0,11.0,9.0,10.0,11.0,12.0,14.0,12.0,12.0,10.0,10.0,10.0,10.0,11.0,10.0,10.0,9.0,9.0,13.0,15.0,14.0,12.0,24.0,20.0,13.0,14.0,11.0,12.0,11.0,12.0,12.0,12.0,14.0,13.0,10.0,10.0,11.0,11.0,9.0,10.0,9.0,11.0,10.0,10.0,9.0,9.0,18.0,14.0,14.0,15.0,76.0,98.0,31.0,19.0,16.0,18.0,16.0,45.0,11.0,12.0,12.0,13.0,9.0,13.0,12.0,12.0,16.0,14.0,14.0,12.0,14.0,11.0,11.0,14.0,11.0,13.0,17.0,13.0,13.0,13.0,18.0,15.0,15.0,18.0,14.0,17.0,16.0,13.0,13.0,16.0,16.0,18.0,17.0,19.0,18.0,19.0,19.0,22.0,24.0,26.0,22.0,17.0,18.0,41.0,35.0,69.0,10.0,11.0,12.0,12.0,15.0,13.0,11.0,14.0,14.0,15.0,14.0,15.0,22.0,17.0,18.0,14.0,17.0,16.0,15.0,11.0,13.0,15.0,15.0,14.0,23.0,18.0,16.0,20.0,16.0,17.0,17.0,16.0,24.0,21.0,21.0,25.0,152.0,236.0,131.0,21.0,22.0,99.0,25.0,18.0,16.0,17.0,15.0,17.0,17.0,13.0,14.0,25.0,17.0,20.0,24.0,17.0,13.0,12.0,60.0,32.0,11.09528852754208,11.162550795938204,14.440714826414975,13.35952633645062,10.130366192836505,11.756566155710269,10.13545255912372,11.397129294574826,11.528561973916327,8.00120368439368,8.710639747683283,6.933512288658324,6.46506411812654,9.479738783386596,9.34887099029033,8.153816820142378,9.169481386232572
mag,21.4,22.15257498915995,21.95462187404089,23.147425010840045,20.823877696554312,20.703115997617928,21.115141619232908,20.761818737241732,22.394850021680092,21.4,20.543943297944484,20.405149978319905,19.841876774005247,21.202046884880936,20.405149978319905,20.07130270739436,19.65257498915995,20.207196863200842,18.550302283996906,18.657724967479858,18.590370897582282,18.640490697610105,18.34972977989986,18.776954943324544,18.631975075880327,18.574165578762482,18.720294981734686,18.64907363720609,18.69303657420887,18.590370897582282,19.197966019298022,18.776954943324544,18.80643375514844,18.590370897582282,18.97879262861516,18.967180366000754,18.86790693823707,18.85741665175305,19.051201868453454,19.038793319624578,19.43667541247308,19.06375387189108,19.334812993247933,19.51031286081877,19.43667541247308,19.318727718234406,19.743105420796063,20.10371515030528,20.362566630072955,19.97949568983251,18.92193481076876,19.45462187404089,21.296518287104437,21.95462187404089,23.147425010840045,22.707196863200842,20.32159058960253,20.207196863200842,20.5944517631652,21.115141619232908,20.959771852360795,22.15257498915995,21.64227503252014,22.394850021680092,20.761818737241732,20.362566630072955,19.841876774005247,21.787254899964356,20.647425010840045,21.64227503252014,20.647425010840045,20.495680409956016,20.449471895720983,20.405149978319905,20.405149978319905,20.5944517631652,20.03982988912431,20.00924374808178,19.92233848243375,20.137125054200233,19.79136830878453,20.32159058960253,19.76696871556164,20.207196863200842,19.529529932484497,20.207196863200842,19.589310325998028,19.86804035820066,19.529529932484497,19.334812993247933,20.495680409956016,19.102304769059813,19.589310325998028,18.816440611282623,18.534679910804403,19.14227503252014,19.226920700672558,18.85741665175305,19.30287727315686,19.14227503252014,18.657724967479858,19.14227503252014,18.720294981734686,18.496579994412564,18.606821760860587,18.474345711512605,18.786692553033355,18.816440611282623,18.69303657420887,18.75773787165882,18.566152729074453,18.74825539911597,19.076452685714266,19.226920700672558,19.241692849698858,18.889196565543394,19.1697634932738,18.836735336838075,18.889196565543394,18.66644578709441,18.889196565543394,19.21234684152075,19.1697634932738,19.038793319624578,19.183773187068795,18.933070664334387,19.45462187404089,19.419020776254364,19.36771660839286,19.038793319624578,20.889700043360186,19.318727718234406,19.529529932484497,19.419020776254364,19.894850021680092,19.589310325998028,20.823877696554312,20.449471895720983,20.543943297944484,20.32159058960253,19.950541008457975,19.183773187068795,17.43353173832061,18.606821760860587,17.858398731654297,19.45462187404089,20.495680409956016,18.203115997617928,20.647425010840045,20.207196863200842,19.69689690656103,19.76696871556164,20.28210492164445,21.115141619232908,20.07130270739436,19.631074559755156,19.841876774005247,20.00924374808178,20.543943297944484,19.86804035820066,20.07130270739436,21.4,19.816328861051034,19.609991640913,20.5944517631652,20.543943297944484,19.7482,19.241497,18.8246,18.696125,18.676704,18.706223,18.805557,18.88911,19.032295,19.224192,19.67256,19.999908,19.547712,19.046177,18.86424,18.951494,19.325037
dmag,1.08573620476,2.3886196504720005,1.6286043071400003,5.4286810238,0.7025351913152942,0.6857281293221053,1.169254374356923,0.7238241365066667,3.2572086142800005,1.08573620476,0.49351645670909094,0.43429448190400005,0.2585086201809524,0.9952581876966667,0.43429448190400005,0.31933417787058826,0.19543251685680002,0.325720861428,0.10227949754985509,0.1302883445712,0.11428802155368421,0.10258924769385827,0.1569739091219277,0.1938814651357143,0.11027008329593752,0.11259486567881483,0.10121269705389832,0.10340344807238096,0.0987032913418182,0.09796116133172933,0.1714320323305263,0.11632887908142858,0.13945235657467892,0.10612459144270676,0.11674582846881722,0.11550385157021278,0.11595241021708738,0.11483748319576924,0.11231753842344828,0.12337911417727274,0.16019058758754098,0.13887323549255814,0.16205017981492537,0.19048003592280702,0.16019058758754098,0.14370038004176472,0.4248532975147827,0.4606153595951516,0.5846271871784615,0.44016332625405413,0.8419995057322449,1.7733691344413334,3.059802031596364,3.438164648406667,8.68588963808,6.514417228560001,0.6433992324503703,1.6286043071400003,0.5687189643980953,1.0022180351630772,0.8685889638080001,2.8229141323760003,1.221453230355,3.5286426654700005,0.7238241365066667,0.5011090175815386,0.41361379228952383,2.17147240952,0.760015343332,1.6286043071400003,0.760015343332,0.5192651414069566,0.49762909384833337,0.6080122746656001,0.47772393009440006,0.6721224124704763,0.5273575851691429,0.39207140727444445,0.36191206825333333,0.44108033318375006,0.4441648110381819,0.6031867804222223,0.36191206825333333,0.651441722856,0.27143405119,0.6152505160306667,0.3277694203049057,0.34425782102146346,0.2520459046764286,0.2592802877038806,0.7552947511373913,0.2354608636828916,0.3482550090739623,0.19100914713370373,0.13959465489771428,0.2578623486305,0.27877010662756757,0.22967496639153848,0.37764737556869565,0.35286426654700004,0.19108957203776,0.23071894351150002,0.16562077699728817,0.30700127169075864,0.2900821921114504,0.5061878251921622,0.0978140725009009,0.11058424307740741,0.10767631782743803,0.11428802155368421,0.1197503167014706,0.1227353970598261,0.14050703826305885,0.20540955225189192,0.20822338173479452,0.1612479512019802,0.1948757290594872,0.15364191576792455,0.23649699509623764,0.14885093129774193,0.19349754144237624,0.2026707582218667,0.23663481385794874,0.1974065826836364,0.2115070528753247,0.12312472425113404,0.2352428443646667,0.26267811405483876,0.2505545087907693,0.17273075984818184,1.5607457943425,0.28740076008352944,0.3102103442171429,0.3502374854064516,0.43429448190400005,0.3482550090739623,1.08573620476,0.7238241365066667,1.1844394961018183,0.8444614925911113,0.6000121131568422,0.3525117547922078,0.42754379047544044,1.9559827810943513,0.5449480567952492,0.380007671666,1.0385302828139131,0.5657257066907369,1.35717025595,0.651441722856,0.36191206825333333,0.41016701068711114,0.5816443954071429,1.4198088831476925,0.54286810238,0.27675628748784314,0.36191206825333333,0.7539834755277778,0.8389779764054546,0.5296274169560976,0.7664020268894118,1.8457515480920001,0.3282458293460465,0.2505545087907693,3.102103442171429,1.5792526614690912,0.26311337191305717,0.1659917746791139,0.14626924229001909,0.1202168600507473,0.08954288120972026,0.1067810069608521,0.10087656029203654,0.12250781530781973,0.1413895976163881,0.11709987897913988,0.1926630240205666,0.20731981354822504,0.12746236031875782,0.11775828995928704,0.09821537671159689,0.09282882868178549,0.14725969383751358
