combined_norm,2021llv,2021llv,212.95670506400003,18.0085719096,0.0829,0.08368029431854034,59338.0
++++++++++++++++++++++++++++++++++++++++++++++++++++++++++++++++
t0,59353.76473573484,0.19387344542701612
x0,0.0005293708597206725,2.1116046672481735e-05
x1,0.9646823244895031,0.24994157161114028
c,0.10199245188189444,0.03344219830001026
mu,38.029258811504775,0.11519420418054026
hostMass,10.10687950418336,0.006102612721654677
++++++++++++++++++++++++++++++++++++++++++++++++++++++++++++++++
0.03758699278989544,-3.5775137961601907e-07,0.022538708711470685,0.00014135345601582738
-3.5775137961601907e-07,4.458874270744269e-10,-2.134821937853577e-06,-6.382319905300091e-07
0.022538708711470685,-2.134821937853577e-06,0.06252491067113042,0.0010590987460838937
0.00014135345601582738,-6.382319905300091e-07,0.0010590987460838937,0.001118380627137209
++++++++++++++++++++++++++++++++++++++++++++++++++++++++++++++++
zp,23.9,23.9,23.9,23.9,23.9,23.9,23.9,23.9,23.9,23.9,23.9,23.9,23.9,23.9,23.9,23.9,23.9,23.9,23.9,23.9,23.9,23.9,23.9,23.9,23.9,23.9,23.9,23.9,23.9,23.9,23.9,23.9,23.9,23.9,23.9,23.9,23.9,23.9,23.9,23.9,23.9,23.9,23.9,23.9,23.9,23.9,23.9,23.9,23.9,23.9,23.9,23.9,23.9,23.9,23.9,23.9,23.9,23.9,23.9,23.9,23.9,23.9,23.9,23.9,23.9,23.9,23.9,23.9,23.9,23.9,23.9,23.9,23.9,23.9,23.9,23.9,23.9,23.9,23.9,23.9,23.9,23.9,23.9,23.9,23.9,23.9,23.9,23.9,23.9,23.9,23.9,23.9,23.9,23.9,23.9,23.9,23.9,23.9,23.9,23.9,23.9,23.9,23.9,23.9,23.9,23.9,23.9,23.9,23.9,23.9,23.9,23.9,23.9,23.9,23.9,23.9,23.9,23.9,23.9,23.9,23.9,23.9,23.9,23.9,23.9,23.9,23.9,23.9,23.9,23.9,23.9,23.9,23.9,23.9
filter,c,c,c,c,c,c,c,c,c,c,c,c,c,c,c,c,c,c,c,c,c,c,c,c,c,c,c,o,o,o,o,o,o,o,o,o,o,o,o,o,o,o,o,o,o,o,o,o,o,o,o,o,o,o,o,o,o,o,o,o,o,o,o,o,o,o,o,o,o,o,o,o,o,o,o,o,o,o,o,o,o,o,o,o,o,o,o,o,o,o,o,o,o,o,o,o,o,o,o,o,o,o,o,o,o,o,o,o,o,ZTF_r,ZTF_r,ZTF_r,ZTF_r,ZTF_r,ZTF_r,ZTF_r,ZTF_r,ZTF_r,ZTF_r,ZTF_r,ZTF_r,ZTF_r,ZTF_r,ZTF_r,ZTF_r,ZTF_r,ZTF_r,ZTF_r,ZTF_r,ZTF_r,ZTF_r,ZTF_r,ZTF_r,ZTF_r
mjd,59321.397442,59339.468794,59339.472952,59343.368813,59343.370642,59343.373387,59343.378416,59347.422501,59347.425701,59347.432,59347.45496,59355.514434,59355.517286,59355.523827,59355.533644,59369.363578,59369.366399,59369.371853,59369.407034,59373.350806,59373.353595,59373.359124,59373.373258,59377.322494,59377.338262,59377.341488,59377.352021,59323.398125,59323.411705,59327.369361,59327.376968,59327.396521,59335.382779,59335.402475,59337.435763,59337.439446,59337.466257,59337.471797,59341.426951,59341.428336,59341.430178,59341.433007,59341.435311,59341.440113,59341.509142,59341.510064,59345.450515,59345.453301,59345.466494,59345.492133,59349.406363,59349.43526,59349.438429,59349.444028,59353.301776,59353.304541,59353.309901,59353.329622,59359.355465,59359.363593,59359.372661,59359.397674,59361.412897,59361.416135,59361.435686,59361.448825,59363.410823,59363.41494,59363.422609,59363.450469,59367.345287,59367.348406,59367.354479,59367.364835,59371.355459,59371.359123,59371.366513,59371.395851,59381.299765,59381.310016,59381.325764,59381.33979,59383.299088,59383.302949,59383.308554,59385.339983,59385.34413,59385.349662,59385.361202,59387.340583,59387.343786,59387.357332,59387.363741,59389.312975,59389.316202,59389.323059,59389.341493,59391.297643,59391.305251,59391.309444,59391.3206,59393.341227,59393.34399,59393.350556,59393.364728,59397.334676,59397.337903,59397.34528,59397.35685,59338.27653940022,59340.31763890013,59342.39988429984,59344.381840299815,59346.39409720013,59348.316701400094,59350.27655090019,59354.27076390013,59358.3128819,59361.33903940022,59363.35331019992,59367.34839119995,59369.192615699954,59371.212789400015,59373.23650459992,59375.24826390017,59377.234224500135,59379.235115699936,59383.19331019977,59385.2312384001,59387.21211809991,59391.25473379996,59393.21427079989,59397.19045139989,59400.193738400005
flux,2.0,31.0,29.0,73.0,55.0,83.0,74.0,121.0,113.0,114.0,98.0,133.0,110.0,127.0,116.0,53.0,85.0,69.0,80.0,55.0,55.0,52.0,43.0,51.0,32.0,50.0,58.0,8.0,320.0,15.0,11.0,17.0,5.0,13.0,11.0,14.0,12.0,37.0,58.0,33.0,19.0,45.0,43.0,31.0,73.0,47.0,99.0,91.0,89.0,88.0,108.0,120.0,98.0,113.0,105.0,93.0,114.0,125.0,115.0,147.0,115.0,97.0,28.0,116.0,73.0,135.0,85.0,82.0,88.0,93.0,80.0,64.0,69.0,72.0,60.0,61.0,73.0,63.0,30.0,42.0,43.0,62.0,52.0,70.0,55.0,76.0,56.0,47.0,81.0,14.0,82.0,61.0,22.0,51.0,40.0,49.0,26.0,10.0,41.0,20.0,64.0,46.0,35.0,33.0,35.0,28.0,21.0,22.0,10.0,15.627157886513242,36.31650110654645,59.77902123011256,78.53607631519053,98.26055210197957,109.8293466274916,127.79916020737731,138.43923794377966,155.22068654505335,134.4849234176629,120.09164672112273,98.92489546165999,91.26360083406111,81.24211107223307,78.12988768618011,69.11087634852247,74.59923948428691,66.6449428689652,65.83863222817685,46.20744976108955,54.18511507094031,52.58206043614412,38.039605121566176,32.82047030210494,36.23280861317905
dflux,7.0,9.0,9.0,8.0,8.0,9.0,7.0,8.0,10.0,9.0,10.0,12.0,11.0,8.0,11.0,8.0,7.0,8.0,7.0,7.0,8.0,6.0,7.0,7.0,8.0,7.0,7.0,11.0,10.0,23.0,16.0,11.0,10.0,11.0,10.0,11.0,15.0,35.0,12.0,10.0,11.0,11.0,14.0,13.0,70.0,34.0,8.0,8.0,11.0,11.0,8.0,10.0,10.0,10.0,11.0,8.0,10.0,10.0,21.0,23.0,31.0,29.0,21.0,21.0,23.0,24.0,15.0,17.0,17.0,16.0,13.0,12.0,11.0,11.0,10.0,13.0,11.0,12.0,9.0,9.0,9.0,23.0,13.0,16.0,12.0,15.0,14.0,14.0,34.0,30.0,44.0,24.0,29.0,15.0,15.0,18.0,16.0,12.0,16.0,12.0,17.0,9.0,8.0,11.0,10.0,8.0,7.0,9.0,9.0,8.442282884418253,4.886949898850249,6.1398794372878465,7.930482634488911,8.700820634102211,7.703122086886084,9.722402894966342,14.760377095245909,16.310357890754922,11.623969610317094,8.84304434311439,11.649143741854825,6.339632293334407,7.311180341057945,9.004467968082006,7.157463026169396,8.046911440037446,6.9865856327729805,12.970030825980931,9.513810704601477,13.478126519321036,11.40146947102614,6.279357268906943,5.864516764702349,6.088666830715253
mag,23.147425010840045,20.171595765414317,20.24400500525261,19.241692849698858,19.54909327626439,19.102304769059813,19.226920700672558,18.69303657420887,18.767303891291448,18.75773787165882,18.92193481076876,18.590370897582282,18.796518287104437,18.640490697610105,18.738855026932704,19.589310325998028,19.076452685714266,19.30287727315686,19.14227503252014,19.54909327626439,19.54909327626439,19.609991640913,19.816328861051034,19.631074559755156,20.137125054200233,19.65257498915995,19.491430016092657,21.64227503252014,17.637125054200233,20.959771852360795,21.296518287104437,20.823877696554312,22.15257498915995,21.115141619232908,21.296518287104437,21.034679910804403,21.202046884880936,19.97949568983251,19.491430016092657,20.10371515030528,20.703115997617928,19.76696871556164,19.816328861051034,20.171595765414317,19.241692849698858,19.719755355160704,18.910912013506124,19.002396519197266,19.026524983387716,19.038793319624578,18.816440611282623,18.702046884880936,18.92193481076876,18.767303891291448,18.847026752325153,18.97879262861516,18.75773787165882,18.657724967479858,18.74825539911597,18.481706663129557,18.74825539911597,18.933070664334387,20.28210492164445,18.738855026932704,19.241692849698858,18.574165578762482,19.076452685714266,19.115465369040706,19.038793319624578,18.97879262861516,19.14227503252014,19.38455006504028,19.30287727315686,19.256668758921826,19.45462187404089,19.43667541247308,19.241692849698858,19.401648626366043,20.207196863200842,19.841876774005247,19.816328861051034,19.419020776254364,19.609991640913,19.287254899964356,19.54909327626439,19.197966019298022,19.529529932484497,19.719755355160704,19.128787452803373,21.034679910804403,19.115465369040706,19.43667541247308,20.543943297944484,19.631074559755156,19.894850021680092,19.674509799928714,20.362566630072955,21.4,19.86804035820066,20.647425010840045,19.38455006504028,19.743105420796063,20.03982988912431,20.10371515030528,20.03982988912431,20.28210492164445,20.5944517631652,20.543943297944484,21.4,20.9153,19.99974,19.458628,19.162327,18.919052,18.798204,18.63368,18.546852,18.422626,18.578316,18.701218,18.911736,18.999256,19.125547,19.167957,19.301134,19.218164,19.340582,19.353798,19.73822,19.5653,19.597906,19.94941,20.109638,20.002245
dmag,3.8000767166600005,0.3152137368658065,0.33695261527034487,0.11898478956273974,0.1579252661469091,0.1177304318414458,0.10270477612594596,0.07178421188495869,0.09608284997876107,0.08571601616526316,0.1107894086489796,0.09796116133172933,0.10857362047600001,0.06839283179590552,0.10295774355482759,0.16388471015245284,0.08941356980376472,0.12588245852289856,0.0950019179165,0.13818460787854545,0.1579252661469091,0.12527725439538465,0.17674775426325584,0.14902261633960787,0.27143405119,0.15200306866640004,0.1310371281606897,1.492887281545,0.03392925639875,1.6647955139653337,1.5792526614690912,0.7025351913152942,2.17147240952,0.9186998655661539,0.9870329134181819,0.8530784465971429,1.35717025595,1.0270477612594595,0.22463507684689657,0.329010971139394,0.6285841185452632,0.2654021833857778,0.3534955085265117,0.45530873102838715,1.0411169086739727,0.7854261906774469,0.08773625897050506,0.09544933668219782,0.1341921151950562,0.135717025595,0.08042490405629629,0.09047801706333333,0.1107894086489796,0.09608284997876107,0.11374379287961905,0.09339666277505378,0.09524001796140351,0.08685889638080001,0.19826487217356523,0.16987709326176872,0.29267671606573914,0.3246015457529897,0.8143021535700001,0.1965556922410345,0.34208126999287675,0.19301976973511115,0.19160050672235296,0.22509165220634147,0.20974449410136364,0.18679332555010755,0.17643213327350002,0.20357553839250003,0.1730883804689855,0.16587636461611113,0.18095603412666666,0.23138640429311477,0.16360408564876713,0.20680689614476191,0.325720861428,0.23265775816285716,0.2272471126241861,0.4027731082174194,0.27143405119,0.2481682753737143,0.23688789922036366,0.2142900404131579,0.27143405119,0.32341078439659576,0.45574112298567904,2.3265775816285714,0.5825901586517074,0.4271749002334427,1.4311977244563636,0.31933417787058826,0.40715107678500007,0.3988418711363266,0.6681453567753847,1.302883445712,0.4237019335648781,0.651441722856,0.288398679389375,0.21242664875739134,0.2481682753737143,0.36191206825333333,0.3102103442171429,0.3102103442171429,0.36191206825333333,0.4441648110381819,0.9771625842840002,0.586548894239382,0.14610268815443464,0.11151553271947606,0.10963639287158586,0.09614026963499338,0.07615048979381918,0.08259807656951286,0.11576108079074268,0.11408753864418415,0.09384371369091106,0.07994905279226772,0.1278535302560625,0.07542073995364339,0.09770811086824688,0.12513107553433286,0.11244419333584858,0.11711678493433368,0.11382092387823306,0.21388706854991563,0.22354596024291615,0.270068448045261,0.2354222731000057,0.17922703213367222,0.19400447696969642,0.1824502783486775
