combined_norm,2021bbz,2021bbz,176.34833300000005,20.324461000000003,0.023,0.02357754152699369,59237.0
++++++++++++++++++++++++++++++++++++++++++++++++++++++++++++++++
t0,59252.009742162256,0.09008648770031868
x0,0.007982369847123805,5.515014362310538e-05
x1,-0.25193695894448864,0.059096473916253056
c,0.07901019375787699,0.005819984027718724
mu,34.96567365268449,0.02094808857952687
hostMass,10.629133703786188,0.0004362819516005132
++++++++++++++++++++++++++++++++++++++++++++++++++++++++++++++++
0.008115577555208671,-2.719748200146966e-06,-0.00280527955279808,0.00019344265494571175
-2.719748200146966e-06,3.041538341649151e-09,2.9607008731688978e-08,-2.9797804521418136e-07
-0.00280527955279808,2.9607008731688978e-08,0.0034925562795886473,5.941525168766623e-06
0.00019344265494571175,-2.9797804521418136e-07,5.941525168766623e-06,3.387221408290107e-05
++++++++++++++++++++++++++++++++++++++++++++++++++++++++++++++++
zp,23.9,23.9,23.9,23.9,23.9,23.9,23.9,23.9,23.9,23.9,23.9,23.9,23.9,23.9,23.9,23.9,23.9,23.9,23.9,23.9,23.9,23.9,23.9,23.9,23.9,23.9,23.9,23.9,23.9,23.9,23.9,23.9,23.9,23.9,23.9,23.9,23.9,23.9,23.9,23.9,23.9,23.9,23.9,23.9,23.9,23.9,23.9,23.9,23.9,23.9,23.9,23.9,23.9,23.9,23.9,23.9,23.9,23.9,23.9,23.9,23.9,23.9,23.9,23.9,23.9,23.9,23.9,23.9,23.9,23.9,23.9,23.9,23.9,23.9,23.9,23.9,23.9,23.9,23.9,23.9,23.9,23.9,23.9,23.9,23.9,23.9,23.9,23.9,23.9,23.9,23.9,23.9,23.9,23.9,23.9,23.9,23.9,23.9,23.9,23.9,23.9,23.9,23.9,23.9,23.9,23.9,23.9,23.9,23.9,23.9,23.9,23.9,23.9
filter,c,c,c,c,c,c,c,c,c,c,c,c,c,c,c,c,c,c,c,c,c,c,c,c,c,c,c,c,c,c,c,o,o,o,o,o,o,o,o,o,o,o,o,o,o,o,o,o,o,o,o,o,o,o,o,o,ZTF_g,ZTF_g,ZTF_g,ZTF_g,ZTF_g,ZTF_g,ZTF_g,ZTF_g,ZTF_g,ZTF_g,ZTF_g,ZTF_g,ZTF_g,ZTF_g,ZTF_g,ZTF_g,ZTF_g,ZTF_g,ZTF_g,ZTF_g,ZTF_g,ZTF_g,ZTF_g,ZTF_g,ZTF_g,ZTF_g,ZTF_g,ZTF_g,ZTF_g,ZTF_g,ZTF_g,ZTF_r,ZTF_r,ZTF_r,ZTF_r,ZTF_r,ZTF_r,ZTF_r,ZTF_r,ZTF_r,ZTF_r,ZTF_r,ZTF_r,ZTF_r,ZTF_r,ZTF_r,ZTF_r,ZTF_r,ZTF_r,ZTF_r,ZTF_r,ZTF_r,ZTF_r,ZTF_r,ZTF_r,ZTF_r,ZTF_r
mjd,59231.528871,59233.506137,59235.533494,59235.53591,59235.538655,59235.544254,59237.612762,59253.46481,59253.468033,59253.483553,59253.493197,59255.472819,59255.474649,59255.481806,59255.486902,59257.534997,59257.538806,59257.545862,59257.575667,59261.446862,59261.453562,59261.455862,59261.463847,59263.527915,59263.531117,59291.382512,59291.384797,59291.385254,59291.38755,59291.394656,59291.39557,59219.592974,59249.641737,59249.651954,59249.659819,59249.663512,59251.56129,59251.565885,59251.576278,59251.581464,59267.510366,59267.51373,59267.520584,59267.530409,59269.38673,59269.389531,59269.39232,59269.404287,59277.492933,59277.501366,59277.540422,59277.547722,59293.381825,59293.384589,59293.387347,59293.4227,59248.46325229993,59250.369085600134,59252.4895601999,59254.44329860015,59256.3688542,59258.36550930003,59262.41210650001,59264.35329859983,59268.43369209999,59270.382939800154,59276.257962999865,59280.35936339991,59292.29616900021,59295.275231500156,59297.207395799924,59302.332036999986,59307.2777315001,59309.193715299945,59311.212812500075,59313.25028940011,59315.213356500026,59317.23614579998,59320.1755903,59322.208472200204,59324.17233800003,59335.25530089997,59338.20723380009,59340.21449070005,59342.23598380014,59344.25726850005,59346.330590299796,59248.42047449993,59250.37831019983,59252.36922449991,59254.39928240003,59256.3986343001,59258.3429744998,59262.3388772998,59264.37245369982,59268.35298610013,59270.33920140006,59274.380381899886,59276.36893519992,59280.284548600204,59290.3415045999,59292.33879629988,59295.26464120019,59297.25811340008,59302.237152799964,59304.3067361,59307.246377300005,59309.234895799775,59313.214583300054,59317.19407409988,59322.27089119982,59324.25212959992,59335.208171300124
flux,11.0,138.0,71.0,52.0,72.0,88.0,826.0,1623.0,1765.0,1716.0,1852.0,1718.0,1734.0,1861.0,1774.0,1602.0,1607.0,1604.0,1616.0,1275.0,1324.0,1311.0,1292.0,975.0,970.0,171.0,212.0,441.0,237.0,267.0,338.0,40.0,1418.0,1473.0,1359.0,1389.0,1517.0,1421.0,1642.0,1507.0,786.0,785.0,799.0,753.0,849.0,798.0,822.0,816.0,779.0,736.0,825.0,737.0,343.0,319.0,290.0,329.0,1926.1619525672897,1993.5558176618454,1979.0136968954807,1946.7061459832253,1756.790603998921,1581.4694250230546,1161.8594642332687,985.3170547213724,693.7349906101688,550.3690457334466,323.5590860468556,230.482311064729,163.88016781371377,148.3448248015078,131.35239625311718,141.42298512620243,121.93264647359342,117.95359991902663,119.87692660241919,118.39244784785815,113.69359522912366,94.98171347248983,111.17829255985198,102.42028971888755,101.52373807975594,89.4604750461512,79.6636131530357,77.66704824480531,72.93916714167905,69.67368809302559,80.77556417133266,1688.956250240005,1780.2705187877004,1793.821396807544,1809.0809481552126,1685.691123826528,1525.757804073446,1111.076597020607,1045.1379074266965,972.2313030587133,914.139341654542,857.0378452303693,860.6916704558978,690.0491098808484,384.1697809703886,371.5215414856284,326.00450383655453,285.9180676278544,255.7172350702741,285.55225886056644,228.22162850034013,213.4497251902707,179.41733436588652,153.22160243417298,135.40715083718888,129.65820353826285,91.55329939268553
dflux,10.0,257.0,21.0,22.0,23.0,21.0,134.0,18.0,17.0,16.0,16.0,16.0,17.0,16.0,16.0,14.0,15.0,14.0,15.0,14.0,14.0,14.0,14.0,64.0,134.0,12.0,10.0,14.0,10.0,11.0,12.0,17.0,34.0,25.0,21.0,26.0,17.0,17.0,16.0,17.0,17.0,16.0,17.0,18.0,19.0,17.0,19.0,23.0,14.0,13.0,16.0,17.0,13.0,12.0,11.0,9.0,49.867235074195776,39.23404003552428,60.36690837980087,64.33748398926198,54.71799535188302,42.05287840076723,34.69347522957659,24.903701082551823,27.14235443503827,21.544670004223235,16.293576879620645,16.015343895524868,10.847881331276342,12.69671113808436,22.52902896514457,20.017777332304924,10.900878018596945,9.849828429092142,6.5151915307043335,7.722958634422841,7.350428942116942,8.579898080305812,12.106790472484949,12.641720181188543,11.018260677423232,6.4961851956803915,10.514326394209863,10.0277271283428,8.223229720933956,8.583169355123566,9.622347972294566,60.093477473572584,50.149799685215626,45.95963772377595,49.92265016163863,51.742352867023186,44.72989241899806,28.35574486262116,31.95088179418305,37.48708941342271,33.18161743581546,30.87682272644112,36.25168299954685,29.61923440533209,19.66469446226612,22.19578011131216,16.22132816524537,16.467522870070223,18.842723098080487,16.363352520420335,11.826232253921184,11.40927370987895,12.288942136375704,11.201939751308041,9.638573773925483,10.934117255108644,10.224830797545671
mag,21.296518287104437,18.550302283996906,19.27185412820231,19.609991640913,19.256668758921826,19.038793319624578,16.607549881699043,15.87420370043442,15.783138225690395,15.813706791218282,15.73089754413521,15.81244210126194,15.80237726714952,15.72563406717308,15.77761596126073,15.888343720629452,15.884960308091637,15.886989090129637,15.878896608903581,16.136224538075062,16.095280037240798,16.10599327077479,16.121843715852336,16.427488460753658,16.433070664334387,18.317509724019615,18.08416034767812,17.2889035263304,17.96312913497474,17.83372184658856,17.57770824930586,19.894850021680092,16.02080942288238,15.97949313289342,16.06695135816876,16.04324438565596,15.947536048033172,16.018514805181326,15.861567118041444,15.95471686921342,16.66144363490148,16.662825858136866,16.64363305171502,16.708012559498247,16.577730774390115,16.644992771623173,16.612820456149873,16.620774603115343,16.67115635581859,16.73280546415625,16.608865128625187,16.73133128035237,17.56176469989307,17.640523292357045,17.74400500525261,17.60701025512506,15.688268,15.650929,15.658878,15.676748999999997,15.7882,15.902348,16.237116,16.41606,16.797016,17.048365,17.625116,17.993406,18.363684,18.471819,18.603905,18.5237,18.6847,18.720722,18.703161,18.71669,18.76066,18.9559,18.78495,18.874035,18.883581,19.020922,19.14685,19.174408,19.242598,19.292328,19.1318,15.830954,15.773785,15.765552,15.756355,15.833055,15.941286,16.28564,16.352066,16.430576,16.497469,16.5675,16.562881,16.8028,17.438692,17.47504,17.616941,17.759396,17.8806,17.760786,18.004108,18.076761,18.265339,18.4367,18.570896,18.618,18.995815
dmag,0.9870329134181819,2.0219869900240584,0.3211332436614085,0.45934993278307695,0.34683239874277777,0.25909613977227275,0.17613638188600486,0.012041436651682072,0.010457515853212465,0.010123414496596737,0.009380010408293738,0.010111629380768336,0.010644472595686275,0.009334647649736702,0.00979243476671928,0.009488331377428216,0.010134438750093342,0.009476500540299252,0.010077996950123763,0.01192180930716863,0.01148059431015106,0.011594436969214342,0.0117649433952322,0.07126883805604103,0.14998830045138148,0.0761920143691228,0.051213971922641516,0.034467816024126983,0.0458116542092827,0.04473070506501873,0.03854684750627219,0.46143788702300004,0.02603316710990127,0.018427294717583167,0.016777380647505523,0.02032335588463643,0.012167116335477917,0.012989103082983814,0.010579646331400731,0.012247853670152622,0.023482844123307887,0.022129655128866242,0.023100770314042555,0.025953853500239047,0.024297983380965844,0.023129718647769425,0.025096092324136256,0.030602858712598043,0.019512589045750966,0.019177405790597825,0.021056702152921214,0.025044118698670285,0.04115035178390671,0.04084274124489029,0.04118309742193104,0.029700990403769,0.028109091491070055,0.02136775772625878,0.03311878947588769,0.03588293787146163,0.03381695488932914,0.028870828529244056,0.0324204116636028,0.027441775993102404,0.0424793866410423,0.04250207824100817,0.05467479383559262,0.07544370159569429,0.07186920579490179,0.09292726579739517,0.1862210595565263,0.15368099866589996,0.09706570201464731,0.09066544254250097,0.05900868103911388,0.07082458340613171,0.07019416359284766,0.09807683646007243,0.11823153995951094,0.13401224824528482,0.11783376732606028,0.07884088985820302,0.14329986279843118,0.14018128203325925,0.12240691219758477,0.1337528983394959,0.12933777282148598,0.038630760360853444,0.030584932236466154,0.027817731867377606,0.029961527577486997,0.033326713911661865,0.03182999523559263,0.02770903364614219,0.03319201120870719,0.04186358746028814,0.03941027559032146,0.039116223990134674,0.045730388787476275,0.046603458638900294,0.05557613271740261,0.06486504648795922,0.054024048965685426,0.06253324923145473,0.08000331560847408,0.062217277963633036,0.05626183902181538,0.05803456306064456,0.0743659994884011,0.07937752482885406,0.0772850506335813,0.09156047706197876,0.12125689689046129
