combined_norm,2019ywf,2019ywf,44.676166999999985,32.573011,0.039,0.03671216651437204,58846.0
++++++++++++++++++++++++++++++++++++++++++++++++++++++++++++++++
t0,58856.010798816395,0.09363738256433862
x0,0.0013756053262193252,2.7605565124853337e-05
x1,-0.8267816591800353,0.12438716651546056
c,0.1504257064998163,0.016132153054742762
mu,36.5739991790206,0.05610720104539734
hostMass,9.9374583368353,0.004395518536668056
++++++++++++++++++++++++++++++++++++++++++++++++++++++++++++++++
0.00876796412901084,-4.238119152880361e-07,0.003965392087795203,0.00011294446507472829
-4.238119152880361e-07,7.620672258625189e-10,-1.641057121548497e-06,-3.789441959346016e-07
0.003965392087795203,-1.641057121548497e-06,0.015475449874180336,0.0003184639283189899
0.00011294446507472829,-3.789441959346016e-07,0.0003184639283189899,0.0002602463621816462
++++++++++++++++++++++++++++++++++++++++++++++++++++++++++++++++
zp,23.9,23.9,23.9,23.9,23.9,23.9,23.9,23.9,23.9,23.9,23.9,23.9,23.9,23.9,23.9,23.9,23.9,23.9,23.9,23.9,23.9,23.9,23.9,23.9,23.9,23.9,23.9,23.9,23.9,23.9,23.9,23.9,23.9,23.9,23.9,23.9,23.9,23.9,23.9,23.9,23.9,23.9,23.9,23.9,23.9,23.9,23.9,23.9,23.9,23.9,23.9,23.9,23.9,23.9,23.9,23.9,23.9,23.9,23.9,23.9,23.9,23.9,23.9,23.9,23.9,23.9,23.9,23.9,23.9,23.9,23.9,23.9,23.9,23.9,23.9,23.9,23.9,23.9,23.9,23.9,23.9,23.9,23.9,23.9,23.9,23.9,23.9,23.9,23.9,23.9,23.9,23.9,23.9,23.9,23.9,23.9,23.9,23.9,23.9,23.9,23.9,23.9,23.9,23.9,23.9,23.9,23.9,23.9,23.9,23.9,23.9,23.9,23.9,23.9,23.9,23.9,23.9,23.9
filter,c,c,c,c,c,c,c,c,c,c,c,c,c,c,c,c,c,c,c,o,o,o,o,o,o,o,o,o,o,o,o,o,o,o,o,o,o,o,o,o,o,o,o,o,o,o,o,o,o,o,o,o,o,o,o,o,o,o,o,o,o,o,o,o,o,o,o,o,o,o,o,o,o,o,o,ZTF_g,ZTF_g,ZTF_g,ZTF_g,ZTF_g,ZTF_g,ZTF_g,ZTF_g,ZTF_g,ZTF_g,ZTF_g,ZTF_g,ZTF_g,ZTF_g,ZTF_g,ZTF_g,ZTF_g,ZTF_g,ZTF_g,ZTF_g,ZTF_g,ZTF_r,ZTF_r,ZTF_r,ZTF_r,ZTF_r,ZTF_r,ZTF_r,ZTF_r,ZTF_r,ZTF_r,ZTF_r,ZTF_r,ZTF_r,ZTF_r,ZTF_r,ZTF_r,ZTF_r,ZTF_r,ZTF_r,ZTF_r,ZTF_r,ZTF_r
mjd,58867.349615,58867.352822,58867.359819,58867.369848,58871.279986,58871.284273,58871.290683,58871.300803,58875.323445,58875.32649,58875.331735,58875.341861,58899.297803,58899.301112,58899.30633,58899.316855,58903.220398,58903.225535,58903.235806,58830.394712,58830.397933,58830.414549,58833.482845,58833.486072,58836.467363,58841.35672,58841.359652,58841.378414,58841.384817,58845.314596,58845.324599,58845.328963,58845.334542,58869.230819,58869.240842,58869.251512,58869.254825,58873.341357,58873.344634,58873.350833,58873.370284,58877.28344,58877.286468,58877.292707,58877.305379,58879.291744,58879.304209,58879.307269,58879.318839,58881.287691,58881.290596,58881.296424,58881.306602,58883.283837,58883.28754,58883.293663,58883.306968,58885.25528,58885.259845,58889.322584,58889.325882,58889.331571,58889.341502,58893.225949,58893.229317,58893.239295,58893.244745,58901.230567,58901.234547,58901.242247,58901.252319,58905.272684,58905.275936,58905.282452,58905.292226,58846.21821760014,58849.102928199805,58849.13415510021,58851.15276619978,58852.11755790003,58852.14327549981,58853.11359950015,58856.11844909983,58859.11285880022,58864.11633099988,58867.15032410016,58867.159594899975,58871.17534720013,58876.1506829001,58877.17424769979,58879.1239467999,58880.096192100085,58880.10721059982,58893.160092600156,58899.16440969985,58904.13721060008,58846.13420139998,58849.15633099992,58849.17631939985,58850.11880790023,58853.18469909998,58856.15505790012,58859.177245399915,58859.218645799905,58860.15393520007,58861.157893499825,58863.10381940007,58867.12071759999,58873.18328699982,58874.14048610022,58877.134664400015,58880.16266199993,58883.18512730021,58885.16346060019,58886.122523100115,58896.13516200008,58899.12078699982,58904.17670139996
flux,208.0,186.0,228.0,202.0,151.0,168.0,158.0,150.0,130.0,130.0,99.0,110.0,31.0,18.0,11.0,32.0,56.0,20.0,16.0,4.0,13.0,7.0,8.0,14.0,2.0,5.0,18.0,33.0,26.0,106.0,105.0,104.0,116.0,183.0,164.0,135.0,148.0,167.0,130.0,175.0,159.0,150.0,169.0,159.0,167.0,138.0,145.0,226.0,154.0,141.0,136.0,129.0,173.0,72.0,130.0,131.0,200.0,135.0,138.0,79.0,64.0,59.0,59.0,61.0,66.0,71.0,33.0,61.0,66.0,57.0,32.0,22.0,39.0,64.0,59.0,147.14774125964047,228.78313141447435,233.97723260752267,262.37351889844933,291.456670926505,286.18706450495097,298.95374623453694,318.9304605416936,281.5969846143204,219.4823492192647,195.77624749853013,188.88592617685353,119.52281139733098,74.44185728299131,63.39059088563439,72.84504232923294,53.01905711242288,63.5036663830469,29.31535785352412,19.309009668165864,22.208539552000598,169.50526798121948,261.67124456049555,256.88148312601794,273.5074748964162,335.2364245047519,337.0351526514223,340.0096162048209,348.31517843329715,339.4407669288572,319.4564049833651,296.4719432502643,235.37807135610595,178.34757147123062,174.79620522770375,167.5118750711016,163.59423679721164,144.60562937335996,142.72169669014184,121.35497915676173,70.3453184486456,63.4009842483242,53.60839439151211
dflux,9.0,10.0,11.0,12.0,10.0,10.0,9.0,11.0,11.0,10.0,10.0,10.0,14.0,17.0,18.0,16.0,27.0,13.0,11.0,19.0,21.0,23.0,11.0,15.0,10.0,9.0,8.0,8.0,8.0,8.0,9.0,8.0,10.0,9.0,9.0,11.0,12.0,13.0,12.0,14.0,13.0,14.0,15.0,14.0,15.0,43.0,32.0,26.0,26.0,20.0,17.0,20.0,21.0,26.0,27.0,29.0,26.0,25.0,23.0,31.0,26.0,37.0,31.0,12.0,13.0,16.0,17.0,9.0,10.0,11.0,12.0,9.0,10.0,12.0,12.0,8.073095969052353,10.588050410712805,12.259865285810802,21.94267718657262,16.929030357126354,13.645450189244661,17.17654542045342,17.91544038728353,14.700464114100006,11.762188413860743,46.043854491131725,28.187645455838837,8.666570540202036,7.689500012779185,8.950877530730596,18.76510888491878,9.052558294741365,6.420315562105242,4.932166249815576,4.565166818173455,5.006765085295205,11.057315508388385,12.633919692064639,13.873255133462404,22.01304354908074,20.81752539746948,18.49194770924647,18.20155032348962,22.88433989250557,17.137112584394107,13.528335670643246,13.215923441319765,14.416285193152847,11.624803428133118,10.362140507433883,10.971310236702978,12.096927946979653,18.84000760345547,16.306716679109126,11.19210795230116,8.272435755665903,7.257742614380732,8.072292857691155
mag,18.104841662593095,18.226217639455207,18.005162882498865,18.13662157638344,18.452557631767075,18.33672679568534,18.403357282613943,18.459771852360795,18.615141619232908,18.615141619232908,18.910912013506124,18.796518287104437,20.171595765414317,20.761818737241732,21.296518287104437,20.137125054200233,19.529529932484497,20.647425010840045,20.889700043360186,22.394850021680092,21.115141619232908,21.787254899964356,21.64227503252014,21.034679910804403,23.147425010840045,22.15257498915995,20.761818737241732,20.10371515030528,20.362566630072955,18.836735336838075,18.847026752325153,18.85741665175305,18.738855026932704,18.243872275673926,18.362890379880753,18.574165578762482,18.474345711512605,18.34320882213104,18.615141619232908,18.292404878284263,18.39650718919887,18.459771852360795,18.330283238465814,18.39650718919887,18.34320882213104,18.550302283996906,18.496579994412564,18.014728902131495,18.43119819790884,18.52695221836155,18.566152729074453,18.623525724251877,18.30488474217801,19.256668758921826,18.615141619232908,18.606821760860587,18.147425010840045,18.574165578762482,18.550302283996906,19.155932271773896,19.38455006504028,19.47286997089464,19.47286997089464,19.43667541247308,19.351140161145327,19.27185412820231,20.10371515030528,19.43667541247308,19.351140161145327,19.51031286081877,20.137125054200233,20.543943297944484,19.92233848243375,19.38455006504028,19.47286997089464,18.480616,18.00144,17.977066,17.8527,17.738565,17.758375,17.71099,17.64076,17.77593,18.046501,18.1706,18.209501,18.706373,19.220457,19.394938,19.244,19.58892,19.393003,20.232262,20.6856,20.5337,18.327042,17.85561,17.875668,17.807577,17.586622,17.580812,17.571272,17.545069,17.57309,17.638971,17.720041,17.970585,18.271832,18.29367,18.339886,18.36558,18.499537,18.513775,18.689856,19.281912,19.39476,19.576918
dmag,0.04697897039826923,0.05837291423440861,0.05238200987877193,0.06449918048079208,0.0719030599178808,0.0646271550452381,0.06184573318253165,0.07962065501573334,0.0918699865566154,0.08351816959692308,0.10967032371313132,0.0987032913418182,0.4903324795690323,1.0254175267177779,1.7766592441527276,0.54286810238,0.5234799558664286,0.7057285330940001,0.7464436407725,5.15724697261,1.7538815615353849,3.567418958497143,1.492887281545,1.1632887908142857,5.4286810238,1.9543251685680003,0.4825494243377778,0.2632087769115152,0.33407267838769233,0.08194235507622642,0.09306310326514286,0.08351816959692308,0.09359794868620691,0.053396862529180335,0.05958308440756098,0.08846739446192595,0.08803266525081083,0.08451838719688624,0.1002218035163077,0.08685889638080001,0.08877088466591196,0.10133537911093335,0.09636711876568048,0.09559941425559748,0.0975212159964072,0.3383091072802899,0.23961074863668969,0.12490770497238939,0.18330611249194806,0.15400513542695038,0.135717025595,0.1683311945364341,0.13179456820786128,0.39207140727444445,0.22549905791169234,0.24035381632091607,0.14114570661880002,0.20106226014074075,0.18095603412666666,0.4260483841463291,0.44108033318375006,0.6808854165444068,0.5704715652128814,0.21358745011672134,0.21385713124060607,0.24467294755154934,0.5593186509369698,0.16019058758754098,0.164505485569697,0.20952803951508772,0.40715107678500007,0.4441648110381819,0.27839389865641023,0.20357553839250003,0.22082770266305088,0.05956770048298581,0.05024771536983857,0.05689006343883533,0.09080169047107291,0.06306412926416803,0.05176809555085891,0.06238154721453157,0.060989603249735284,0.05667967694083697,0.058185242929850535,0.2553500767660713,0.16202555594156934,0.07872647318613779,0.1121515349709631,0.15330811187767873,0.2796890145322044,0.18538032967014403,0.1097695526698384,0.18266983101747727,0.2566971056745423,0.24477188646759096,0.07082569124778847,0.05242113645595339,0.05863675027476923,0.08738466240181245,0.06742209188913195,0.05957057288093214,0.05812212721968765,0.07133297048691485,0.054814817166096534,0.04597874263478418,0.04839920567952242,0.0664984749096319,0.07076894768470827,0.06436381781329431,0.07111107037985408,0.08028444580654526,0.1414556158129323,0.12405116453814867,0.10013331876311896,0.1276798968226229,0.12428819543871576,0.16348895934119836
