combined_norm,2020may,2020may,185.99562499999996,48.35524999999999,0.0534,0.05382655203153,59009.0
++++++++++++++++++++++++++++++++++++++++++++++++++++++++++++++++
t0,59024.86569374621,0.11139407379596378
x0,0.0019320414910569653,4.426174180396391e-05
x1,1.785138644297446,0.17641084219934988
c,-0.001850753575190417,0.016405872115681116
mu,37.05860033633568,0.06113410718921187
hostMass,10.252781244615615,0.001650368654198952
++++++++++++++++++++++++++++++++++++++++++++++++++++++++++++++++
0.012408652909016108,-2.2177762480424935e-06,0.015189442487357803,0.0006517727137334764
-2.2177762480424935e-06,1.9591017875207667e-09,-5.500091528461106e-06,-6.78593042933063e-07
0.015189442487357803,-5.500091528461106e-06,0.031135596419920156,0.0015813462835122985
0.0006517727137334764,-6.78593042933063e-07,0.0015813462835122985,0.0002691526398760832
++++++++++++++++++++++++++++++++++++++++++++++++++++++++++++++++
zp,23.9,23.9,23.9,23.9,23.9,23.9,23.9,23.9,23.9,23.9,23.9,23.9,23.9,23.9,23.9,23.9,23.9,23.9,23.9,23.9,23.9,23.9,23.9,23.9,23.9,23.9,23.9,23.9,23.9,23.9,23.9,23.9,23.9,23.9,23.9,23.9,23.9,23.9,23.9,23.9,23.9,23.9,23.9,23.9,23.9,23.9,23.9,23.9,23.9,23.9,23.9,23.9,23.9,23.9,23.9,23.9,23.9,23.9,23.9,23.9,23.9,23.9,23.9,23.9,23.9,23.9,23.9,23.9,23.9,23.9,23.9,23.9,23.9,23.9,23.9,23.9,23.9,23.9,23.9,23.9,23.9,23.9,23.9,23.9,23.9,23.9,23.9,23.9,23.9,23.9,23.9,23.9,23.9,23.9,23.9,23.9,23.9,23.9,23.9
filter,c,c,c,c,c,c,c,c,c,c,c,c,c,c,c,c,c,c,c,o,o,o,o,o,o,o,o,o,o,o,o,o,o,o,o,o,o,o,o,o,o,o,o,o,o,o,o,o,o,o,o,o,o,o,o,o,o,o,o,o,o,o,o,o,o,o,o,o,o,o,o,o,o,o,o,o,o,o,o,ZTF_g,ZTF_g,ZTF_g,ZTF_g,ZTF_g,ZTF_g,ZTF_g,ZTF_g,ZTF_r,ZTF_r,ZTF_r,ZTF_r,ZTF_r,ZTF_r,ZTF_r,ZTF_r,ZTF_r,ZTF_r,ZTF_r,ZTF_r
mjd,59011.307077,59011.310294,59011.316756,59011.33388,59015.284636,59015.287838,59015.294345,59015.304468,59020.272818,59020.276277,59020.282294,59044.2823,59044.28554,59044.292885,59044.303747,59048.25366,59048.256869,59048.262018,59048.273525,58990.322874,58990.326102,58990.331631,58990.343637,58998.307528,58998.310755,58998.317217,58998.328268,59000.309561,59000.312764,59000.330737,59002.357548,59004.311932,59006.284862,59006.288546,59006.295459,59006.308393,59008.315016,59008.318235,59008.326971,59010.288251,59010.291942,59010.297472,59010.309973,59014.285228,59014.288916,59014.294019,59014.306033,59018.299627,59018.302873,59018.309789,59018.319558,59026.264778,59026.26846,59026.278617,59026.284145,59028.301448,59028.304692,59028.31067,59028.322746,59030.25622,59030.260423,59030.266902,59030.27848,59032.254181,59032.257409,59032.264761,59032.275375,59034.264558,59034.268718,59034.275204,59034.285365,59036.266555,59036.269851,59036.276314,59036.286127,59038.249102,59038.252324,59038.257866,59038.273636,59009.24040509993,59019.26468749996,59025.212164400145,59028.206817099825,59031.17849540012,59036.20043980004,59039.20754629979,59045.24041670002,59009.17562500015,59012.22949070018,59016.228090300225,59019.21721060015,59022.223495400045,59025.17451390019,59028.21880789986,59031.220115699805,59036.2801967999,59039.217442099936,59042.226446799934,59045.20540509978
flux,127.0,145.0,129.0,130.0,271.0,278.0,296.0,310.0,313.0,478.0,440.0,179.0,208.0,213.0,173.0,130.0,143.0,178.0,150.0,15.0,7.0,7.0,8.0,4.0,24.0,2.0,42.0,24.0,11.0,17.0,17.0,9.0,26.0,14.0,14.0,18.0,44.0,54.0,42.0,80.0,52.0,83.0,113.0,211.0,201.0,203.0,207.0,207.0,301.0,248.0,262.0,354.0,339.0,337.0,344.0,317.0,311.0,326.0,338.0,328.0,333.0,320.0,340.0,338.0,269.0,319.0,306.0,275.0,244.0,258.0,306.0,282.0,243.0,254.0,232.0,247.0,204.0,216.0,203.0,71.24526398512351,426.9847851671268,437.67727717756463,410.5643158308891,397.9235111329584,284.3303371409491,232.59008639136428,131.11585158430145,60.86146470897761,155.28160096063644,292.4179310406063,338.50352845911425,392.9738032169202,420.42138637278885,407.42455512017204,388.5345106317766,287.825720179543,243.92347585460948,234.02206110839091,226.98523081817476
dflux,10.0,9.0,9.0,9.0,10.0,10.0,10.0,11.0,63.0,80.0,39.0,11.0,11.0,11.0,11.0,29.0,16.0,12.0,12.0,8.0,8.0,8.0,8.0,14.0,12.0,16.0,25.0,15.0,16.0,16.0,15.0,22.0,16.0,18.0,16.0,19.0,17.0,14.0,16.0,11.0,11.0,10.0,9.0,10.0,10.0,11.0,12.0,16.0,15.0,15.0,18.0,12.0,13.0,13.0,13.0,13.0,13.0,14.0,15.0,14.0,14.0,16.0,14.0,28.0,16.0,16.0,16.0,19.0,18.0,20.0,16.0,18.0,19.0,18.0,19.0,29.0,18.0,11.0,10.0,8.594349903834196,18.631502191201097,20.574914569092115,16.421920495854454,18.60851147866282,16.86350739995976,12.138989563277578,12.671968639686353,8.24202632211636,8.211313150553742,16.267548714185338,13.895882328873332,14.75836362297474,15.302220883212199,17.84947225915592,17.069007375189162,17.635135499639944,12.09032328014193,12.305643546349561,13.050548433014171
mag,18.640490697610105,18.496579994412564,18.623525724251877,18.615141619232908,17.817576772813986,17.78988801020481,17.72177072235265,17.671595765414317,17.661139156133878,17.201430258469703,17.29136830878453,18.267867422550268,18.104841662593095,18.079050991403154,18.30488474217801,18.615141619232908,18.511659906337343,18.273949994227763,18.459771852360795,20.959771852360795,21.787254899964356,21.787254899964356,21.64227503252014,22.394850021680092,20.449471895720983,23.147425010840045,19.841876774005247,20.449471895720983,21.296518287104437,20.823877696554312,20.823877696554312,21.514393726401686,20.362566630072955,21.034679910804403,21.034679910804403,20.761818737241732,19.79136830878453,19.569015600442576,19.841876774005247,19.14227503252014,19.609991640913,19.102304769059813,18.767303891291448,18.089293861755767,18.142009856448777,18.131259905216965,18.110074136357703,18.110074136357703,17.703583761015388,17.913870797934457,17.854246771700637,17.52749184493553,17.57450075449229,17.580925247821654,17.558603893571174,17.64735184445562,17.668099027432906,17.61695599983015,17.57770824930586,17.6103153907208,17.593889416234198,17.637125054200233,17.57130270739436,17.57770824930586,17.825619299993978,17.640523292357045,17.685696433796046,17.80166826542434,17.931525434153176,17.870950735091924,17.685696433796046,17.774377229201598,17.935984316004216,17.88791570845015,17.98628003777275,17.918257616850834,18.12592458143525,18.06386562212267,18.131259905216965,19.26811,17.323969,17.297115,17.366547,17.400501,17.765442,17.983522,18.605862,19.439144,18.4222,17.73499,17.576092,17.414091,17.340788,17.374882,17.426426,17.752176,17.931866,17.976858,18.010006
dmag,0.0854910397448819,0.06739052305406897,0.07574903754139535,0.07516635263723077,0.04006406659630997,0.03905525916402878,0.03668027718783785,0.038526123394709684,0.21853476325840257,0.18171317234476989,0.09623570905827274,0.06672121928692738,0.05741874159788462,0.05607088381389672,0.06903525001364162,0.24220269183107695,0.12148097395916085,0.07319569919730337,0.08685889638080001,0.5790593092053333,1.2408413768685715,1.2408413768685715,1.08573620476,3.8000767166600005,0.54286810238,8.68588963808,0.646271550452381,0.678585127975,1.5792526614690912,1.0218693691858824,0.9580025336117648,2.654021833857778,0.6681453567753847,1.395946548977143,1.2408413768685715,1.1460548828022223,0.4194889882027273,0.28148716419703707,0.41361379228952383,0.14928872815450003,0.22967496639153848,0.13081159093493977,0.08647456498088496,0.05145669216872038,0.054016726604975134,0.05883299631704434,0.06294122926144928,0.0839216390152657,0.05410645538671097,0.06566952851370969,0.07459256368580154,0.036804617110508475,0.04163590165746313,0.04188299899667656,0.041030728668255814,0.044525459501198746,0.04538447158160772,0.04662670817987731,0.04818355938284024,0.04634239898365854,0.04564656716708709,0.054286810238000006,0.04470678490188236,0.0899426441813018,0.06457910511583644,0.05445698832652038,0.056770520510326807,0.07501450141978183,0.08009529379377049,0.08416559726821705,0.056770520510326807,0.06930231094212766,0.0848929542816461,0.07694193577039371,0.08891805125189656,0.12747510096372472,0.09580025336117648,0.055292121538703706,0.05348454210640395,0.1309728720903726,0.04737615292342204,0.05103972909346275,0.04342772361488809,0.050773412637901444,0.06439453738029416,0.05666509980084686,0.10493327062628104,0.14703337195870395,0.057413884974293346,0.06040076454557556,0.04457047349024836,0.04077546538040251,0.039517911706342626,0.04756664276631209,0.04769830936362296,0.06652325954700516,0.05381565536696051,0.05709155221462115,0.06242455896633968
