combined_norm,2021aut,2021aut,201.814170585,-26.77611172050001,0.047,0.04708932780861576,59231.0
++++++++++++++++++++++++++++++++++++++++++++++++++++++++++++++++
t0,59245.19679254173,0.12188264595897635
x0,0.0021794266718570742,5.972716270878661e-05
x1,0.25803602627895716,0.15104445849536574
c,-0.03349906311608897,0.019360585537771938
mu,36.78845106636629,0.06890616069082262
hostMass,9.488839897224807,0.006535147600650657
++++++++++++++++++++++++++++++++++++++++++++++++++++++++++++++++
0.014855389277755471,-4.920492562919092e-06,0.01104006403931614,0.0011273031299955916
-4.920492562919092e-06,3.5673339652418698e-09,-7.340365709867621e-06,-1.0481625071850625e-06
0.01104006403931614,-7.340365709867621e-06,0.022821390347849062,0.001775521267610598
0.0011273031299955916,-1.0481625071850625e-06,0.001775521267610598,0.0003748322723653839
++++++++++++++++++++++++++++++++++++++++++++++++++++++++++++++++
zp,23.9,23.9,23.9,23.9,23.9,23.9,23.9,23.9,23.9,23.9,23.9,23.9,23.9,23.9,23.9,23.9,23.9,23.9,23.9,23.9,23.9,23.9,23.9,23.9,23.9,23.9,23.9,23.9,23.9,23.9,23.9,23.9,23.9,23.9,23.9,23.9,23.9,23.9,23.9,23.9,23.9,23.9,23.9,23.9,23.9,23.9,23.9,23.9,23.9,23.9,23.9,23.9,23.9,23.9,23.9,23.9,23.9,23.9,23.9,23.9,23.9,23.9,23.9,23.9,23.9,23.9,23.9,23.9,23.9,23.9,23.9,23.9,23.9,23.9,23.9,23.9,23.9,23.9,23.9,23.9,23.9,23.9,23.9,23.9,23.9,23.9,23.9,23.9,23.9,23.9,23.9,23.9,23.9,23.9,23.9,23.9,23.9,23.9,23.9,23.9,23.9
filter,c,c,c,c,c,c,c,c,c,c,c,c,c,c,c,c,c,c,c,c,c,c,c,c,c,c,c,c,c,c,c,c,c,c,c,c,c,o,o,o,o,o,o,o,o,o,o,o,o,o,o,o,o,o,o,o,o,o,o,o,o,o,o,o,o,o,o,o,o,o,o,o,o,o,o,o,o,o,ZTF_g,ZTF_g,ZTF_g,ZTF_g,ZTF_g,ZTF_g,ZTF_g,ZTF_g,ZTF_g,ZTF_g,ZTF_g,ZTF_r,ZTF_r,ZTF_r,ZTF_r,ZTF_r,ZTF_r,ZTF_r,ZTF_r,ZTF_r,ZTF_r,ZTF_r,ZTF_r
mjd,59227.613941,59227.617167,59227.622696,59227.634218,59229.58111,59229.585229,59229.590745,59229.596689,59229.599901,59229.601273,59229.605398,59229.615457,59229.632398,59231.604256,59231.609792,59231.620733,59231.623959,59253.579203,59253.581976,59253.607353,59253.655423,59255.564302,59255.566608,59255.571704,59255.583602,59257.567333,59257.569163,59257.574691,59257.58435,59259.556521,59259.559749,59259.563436,59259.568502,59261.562358,59261.564185,59261.571447,59261.581525,59217.633718,59219.614455,59219.619994,59219.648015,59223.619688,59243.582654,59243.586807,59243.592345,59243.600054,59245.591038,59245.594241,59245.596984,59245.602019,59247.578119,59247.580424,59247.583189,59247.588254,59251.627222,59251.634141,59251.652117,59251.659024,59267.480546,59267.504047,59267.507282,59267.512807,59271.524021,59271.525866,59271.53186,59271.536928,59277.613291,59277.616064,59277.621705,59277.632834,59279.507636,59279.509482,59279.512705,59279.543493,59291.474946,59291.476788,59291.480014,59291.485082,59249.52375000017,59251.52334489999,59253.52349539986,59256.486169000156,59260.48175929999,59266.48214119999,59269.43718749983,59271.4190508998,59292.42086810013,59312.31468749978,59317.27232640004,59253.48140050005,59256.44045139989,59264.506840299815,59267.417673599906,59269.50180559978,59273.443391200155,59276.39789350005,59280.41901620012,59307.35539350007,59310.314143499825,59312.29320599977,59317.31459489977
flux,26.0,10.0,6.0,28.0,45.0,31.0,54.0,46.0,44.0,70.0,50.0,65.0,12.0,136.0,124.0,100.0,87.0,367.0,328.0,386.0,367.0,341.0,319.0,336.0,321.0,308.0,295.0,276.0,278.0,227.0,260.0,258.0,262.0,228.0,202.0,214.0,222.0,13.0,27.0,32.0,8.0,55.0,389.0,316.0,387.0,326.0,398.0,380.0,429.0,378.0,371.0,368.0,405.0,405.0,324.0,329.0,291.0,295.0,171.0,188.0,171.0,184.0,158.0,148.0,157.0,204.0,127.0,128.0,105.0,197.0,142.0,129.0,158.0,120.0,85.0,68.0,69.0,77.0,457.34928029853086,418.79356511791826,375.4125612854487,311.69310837063773,208.2380076787373,138.98246177403365,109.68953615948176,118.47862354013043,41.90636583659611,33.28434385615311,30.663208776723174,366.07426577778136,291.1234571877337,208.592553219791,202.84055959228294,202.55044422649425,208.08079573302032,182.0267436968783,153.979179110331,50.0867900935498,45.983285676999884,37.156945033229505,38.41439519972734
dflux,8.0,8.0,9.0,8.0,11.0,10.0,10.0,12.0,9.0,10.0,10.0,11.0,17.0,9.0,13.0,11.0,10.0,15.0,18.0,13.0,12.0,10.0,10.0,9.0,10.0,12.0,10.0,11.0,10.0,9.0,10.0,9.0,10.0,10.0,10.0,9.0,10.0,19.0,18.0,20.0,15.0,70.0,28.0,30.0,24.0,26.0,25.0,24.0,22.0,21.0,18.0,16.0,16.0,18.0,13.0,12.0,12.0,15.0,15.0,14.0,13.0,13.0,20.0,26.0,28.0,22.0,28.0,103.0,33.0,54.0,13.0,14.0,13.0,12.0,9.0,9.0,10.0,9.0,19.16544040629402,21.39828743681079,16.45786595863924,12.576772491017271,52.74654331835625,29.736385678010638,10.271663437591984,26.747518366601607,10.215313495807118,8.819447026543958,6.024243697761039,14.317098381301674,13.911033202374606,15.708166955701595,14.835043304515866,12.341009568424942,32.62456138291632,20.900956552567376,15.604408381344685,7.598706013034347,14.227570116740004,10.281014468729062,6.403816120718815
mag,20.362566630072955,21.4,21.95462187404089,20.28210492164445,19.76696871556164,20.171595765414317,19.569015600442576,19.743105420796063,19.79136830878453,19.287254899964356,19.65257498915995,19.36771660839286,21.202046884880936,18.566152729074453,18.66644578709441,18.9,19.051201868453454,17.488334839369777,17.6103153907208,17.43353173832061,17.488334839369777,17.568114052518755,17.640523292357045,17.584151806525387,17.63373741898782,17.67862320874889,17.725444960054592,17.797727294836953,17.78988801020481,18.00993535701719,17.862566630072955,17.870950735091924,17.854246771700637,18.005162882498865,18.13662157638344,18.07396556662702,18.0341175638734,21.115141619232908,20.32159058960253,20.137125054200233,21.64227503252014,19.54909327626439,17.42512599668573,17.65078229345399,17.43072258745272,17.61695599983015,17.40029231981578,17.450541008457975,17.318856769538186,17.456270500406934,17.476565225962382,17.485380453316203,17.381362441963326,17.381362441963326,17.623637474483466,17.60701025512506,17.74026752753523,17.725444960054592,18.317509724019615,18.214605376840797,18.317509724019615,18.237955442476157,18.403357282613943,18.474345711512605,18.410250868976917,18.12592458143525,18.640490697610105,18.631975075880327,18.847026752325153,18.163834434596016,18.519279139042357,18.623525724251877,18.403357282613943,18.702046884880936,19.076452685714266,19.318727718234406,19.30287727315686,19.183773187068795,17.24938,17.345,17.463728,17.665682,18.1036,18.5426,18.799587,18.7159,19.8443,20.0944,20.183456,17.491077,17.739807,18.101753,18.132113,18.133667,18.10442,18.249662,18.431345,19.650692,19.7435,19.9749,19.938765
dmag,0.33407267838769233,0.8685889638080001,1.6286043071400003,0.3102103442171429,0.2654021833857778,0.3502374854064516,0.20106226014074075,0.28323553167652177,0.22208240551909095,0.15510517210857144,0.21714724095200003,0.1837399731132308,1.5381262900766668,0.07185019002088236,0.11382718275709679,0.11943098252360002,0.12479726491494254,0.04437613915912807,0.05958308440756098,0.03656624523803109,0.03550091132730245,0.03183977140058652,0.03403561770407523,0.029082219770357146,0.03382355778068536,0.04230141057506494,0.036804617110508475,0.043272095117246376,0.03905525916402878,0.04304680988035243,0.04175908479846154,0.037874518770697675,0.04144031315877863,0.047620008980701754,0.05374931706732674,0.045661803003925236,0.04890703625045045,1.5868452223415386,0.7238241365066667,0.678585127975,2.035755383925,1.3818460787854547,0.07815067797758356,0.10307622197088609,0.06733247781457365,0.08659245804834356,0.06819951034924623,0.06857281293221054,0.05567877973128205,0.060318678042222226,0.05267722826328841,0.04720592194608696,0.042893282163358026,0.04825494243377779,0.04356348969716049,0.039601320538358666,0.044772627000412374,0.05520692566576272,0.09524001796140351,0.08085269609914894,0.08254134889988304,0.0767096231623913,0.13743496262784813,0.19073744137675677,0.19363448237757963,0.11708919855254904,0.23937491128566932,0.8736783522678125,0.34123137863885716,0.29761296983269037,0.09939838494281691,0.11783183617550388,0.08933272570810127,0.10857362047600001,0.11496030403341177,0.14370038004176472,0.1573530731536232,0.12690423172519483,0.04549829512293313,0.05547576974699917,0.047598036845642386,0.04380930109076934,0.2750162297222586,0.23230176036034872,0.10167165682137995,0.2451138290635686,0.2646646991203788,0.28769060264685115,0.21330903548233926,0.042462946764813235,0.05188078123054434,0.08176191005366026,0.07940691766612584,0.06615182179874923,0.17023035370979295,0.12466808328466152,0.11002962368923033,0.1647178869372459,0.33593484576141597,0.3004140846449548,0.18099608167043338
