combined_norm,2020cvw,2020cvw,119.48295800000005,30.026938999999985,0.051066,0.05124182520119289,58898.0
++++++++++++++++++++++++++++++++++++++++++++++++++++++++++++++++
t0,58911.094127503544,0.14383876207648427
x0,0.0011771670072816967,3.309583321834323e-05
x1,-0.35621700601585815,0.1843926659348355
c,0.050795738772853115,0.02109621205984662
mu,37.11203229270822,0.07536535745940161
hostMass,9.925476742659807,0.003142656617920473
++++++++++++++++++++++++++++++++++++++++++++++++++++++++++++++++
0.020689614658236766,9.097789433279802e-07,0.014074232669591173,-0.0004221334515459039
9.097789433279802e-07,1.0953341764163914e-09,-2.2781962014911196e-06,-6.144592414115375e-07
0.014074232669591173,-2.2781962014911196e-06,0.034016159117131156,0.0007404198164509264
-0.0004221334515459039,-6.144592414115375e-07,0.0007404198164509264,0.00044505016327401795
++++++++++++++++++++++++++++++++++++++++++++++++++++++++++++++++
zp,23.9,23.9,23.9,23.9,23.9,23.9,23.9,23.9,23.9,23.9,23.9,23.9,23.9,23.9,23.9,23.9,23.9,23.9,23.9,23.9,23.9,23.9,23.9,23.9,23.9,23.9,23.9,23.9,23.9,23.9,23.9,23.9,23.9,23.9,23.9,23.9,23.9,23.9,23.9,23.9,23.9,23.9,23.9,23.9,23.9,23.9,23.9,23.9,23.9,23.9,23.9,23.9,23.9,23.9,23.9,23.9,23.9,23.9,23.9,23.9,23.9,23.9,23.9,23.9,23.9,23.9,23.9,23.9,23.9,23.9,23.9,23.9,23.9,23.9,23.9,23.9,23.9,23.9,23.9,23.9,23.9,23.9,23.9,23.9,23.9
filter,c,c,c,c,c,c,c,c,c,c,c,c,o,o,o,o,o,o,o,o,o,o,o,o,o,o,o,o,o,o,o,o,o,o,o,o,o,o,o,o,o,o,o,o,o,o,o,o,o,o,o,o,o,o,o,o,o,o,o,o,o,o,o,o,o,ZTF_g,ZTF_g,ZTF_g,ZTF_g,ZTF_g,ZTF_g,ZTF_g,ZTF_g,ZTF_r,ZTF_r,ZTF_r,ZTF_r,ZTF_r,ZTF_r,ZTF_r,ZTF_r,ZTF_r,ZTF_r,ZTF_r,ZTF_r
mjd,58903.34776,58903.357872,58903.366516,58903.369785,58931.372043,58931.37577,58931.381364,58931.393987,58951.268815,58951.271587,58951.277406,58951.287654,58879.3597,58879.373368,58881.390269,58884.417693,58884.423786,58884.43572,58889.488293,58889.491559,58889.497194,58893.404687,58901.367015,58901.372393,58901.377485,58901.387637,58905.432387,58905.45279,58905.455667,58905.468521,58911.30015,58911.303067,58911.310127,58911.319736,58917.368054,58917.387547,58917.39392,58917.398703,58919.306674,58919.317647,58919.323662,58919.327,58933.328326,58933.335905,58933.339716,58933.356684,58937.362479,58937.366187,58937.371381,58947.374157,58947.399448,58947.402656,58947.408197,58948.296882,58948.302233,58948.305162,58948.31507,58953.356599,58953.359391,58953.364947,58953.375091,58957.268144,58957.274829,58957.292797,58957.295623,58898.26945600007,58900.29898149986,58903.24339119997,58904.15825230023,58906.26127310004,58912.16550929984,58915.19506940013,58917.22780090012,58898.162708300166,58899.31049769977,58903.18162039993,58903.1932639,58906.19450230012,58909.12057870021,58909.16152779991,58912.17246530019,58915.362071800046,58938.17275460018,58944.15237270016,58955.20003469987
flux,153.0,168.0,166.0,168.0,92.0,99.0,104.0,81.0,37.0,21.0,45.0,27.0,25.0,2.0,29.0,7.0,5.0,30.0,48.0,54.0,20.0,14.0,90.0,124.0,119.0,122.0,182.0,204.0,182.0,191.0,214.0,248.0,294.0,229.0,170.0,148.0,149.0,238.0,158.0,190.0,178.0,192.0,118.0,113.0,95.0,101.0,98.0,132.0,115.0,58.0,92.0,121.0,161.0,23.0,39.0,80.0,93.0,47.0,38.0,50.0,67.0,54.0,52.0,48.0,61.0,58.411720709282946,99.8579853843897,176.2600950565913,203.64605433521513,241.34594145990124,285.68010710031564,249.69117898655549,224.4502016936028,55.50856498030288,85.59019188019127,171.2084517771963,178.95374854919095,234.66050448230797,273.8217867482512,242.80006574456527,269.1619091082308,272.48261591745865,106.71060938293438,70.24690589448996,44.95520681873876
dflux,10.0,10.0,10.0,10.0,10.0,10.0,10.0,11.0,9.0,8.0,9.0,11.0,11.0,16.0,13.0,15.0,14.0,15.0,46.0,56.0,50.0,16.0,12.0,12.0,15.0,14.0,10.0,10.0,12.0,12.0,15.0,14.0,33.0,15.0,23.0,28.0,21.0,23.0,16.0,17.0,19.0,18.0,10.0,9.0,10.0,9.0,23.0,12.0,10.0,31.0,35.0,28.0,30.0,14.0,16.0,20.0,16.0,9.0,12.0,10.0,12.0,11.0,9.0,12.0,12.0,5.454105079427931,8.698864393646025,12.976733045706315,9.83813350054924,11.421306486835041,13.246110149756065,16.389182811457303,30.589387397584765,6.521152965935125,7.3188722788597715,10.095181111724008,10.507892199231733,12.182031744568024,25.45564203374492,27.222062537652207,11.86145604824354,19.776549651373113,7.77551137317193,11.255458525574108,7.044454138202501
mag,18.438271422956,18.33672679568534,18.34972977989986,18.33672679568534,18.99053043163611,18.910912013506124,18.85741665175305,19.128787452803373,19.97949568983251,20.5944517631652,19.76696871556164,20.32159058960253,20.405149978319905,23.147425010840045,20.24400500525261,21.787254899964356,22.15257498915995,20.207196863200842,19.69689690656103,19.569015600442576,20.647425010840045,21.034679910804403,19.014393726401686,18.66644578709441,18.711132596518674,18.684100423313126,18.249821530037313,18.12592458143525,18.249821530037313,18.19741658188068,18.07396556662702,17.913870797934457,17.729131673969604,18.00041129415028,18.323877696554312,18.474345711512605,18.467034328969312,17.95855760735872,18.403357282613943,18.203115997617928,18.273949994227763,18.191746928241123,18.720294981734686,18.767303891291448,18.955690986777878,18.889196565543394,18.92193481076876,18.598565171985374,18.74825539911597,19.491430016092657,18.99053043163611,18.69303657420887,18.382935309920374,20.495680409956016,19.92233848243375,19.14227503252014,18.97879262861516,19.719755355160704,19.950541008457975,19.65257498915995,19.334812993247933,19.569015600442576,19.609991640913,19.69689690656103,19.43667541247308,19.48375,18.901543,18.284615,18.12781,17.9434,17.7603,17.906492,18.0222,19.5391,19.06894,18.316187,18.268148,17.9739,17.80633,17.936878,17.824966,17.811653,18.829481,19.283432,19.76805
dmag,0.0709631506379085,0.0646271550452381,0.06540579546746988,0.0646271550452381,0.1180148048652174,0.10967032371313132,0.10439771199615386,0.14744565743654323,0.2640979957524325,0.41361379228952383,0.21714724095200003,0.44233697230962965,0.47772393009440006,8.68588963808,0.4867093331682759,2.3265775816285714,3.040061373328,0.54286810238,1.0404971962283334,1.1259486567881483,2.7143405119,1.2408413768685715,0.14476482730133333,0.1050712456219355,0.13685750480168068,0.12459267923475412,0.05965583542637363,0.05322236297843138,0.07158700251164836,0.06821379296921466,0.07610300500654206,0.06129155994612904,0.12186834951387757,0.07111809201484717,0.14689372182047059,0.20540955225189192,0.15302322348966443,0.10492408701462186,0.10994797010227848,0.09714481832063158,0.11589319039573034,0.10178776919625002,0.09201154277627119,0.08647456498088496,0.11428802155368421,0.09674877072118812,0.2548156398926531,0.0987032913418182,0.09441184389217391,0.5803072818544828,0.41305181702826094,0.2512447415973554,0.20231109405465839,0.6608829072452175,0.4454302378502564,0.27143405119,0.18679332555010755,0.207906932826383,0.3428640646610526,0.21714724095200003,0.19446021577791045,0.22116848615481483,0.18791588159307693,0.27143405119,0.21358745011672134,0.10137895746596667,0.09458103902380122,0.07993476278737532,0.0524518766822061,0.0513807105410859,0.05034225696638706,0.07126534952917823,0.1479704857843024,0.12755242140390832,0.0928420001943174,0.06401964104477667,0.06375278019552082,0.056364290794449934,0.10093467177926758,0.12172969877390344,0.04784634020250258,0.0788017829667121,0.07911260424051156,0.17396437133822532,0.1701342167428258
