combined_norm,2021j,2021j,186.61254442099994,31.222375634700004,0.002388,0.004843456369476531,59215.0
++++++++++++++++++++++++++++++++++++++++++++++++++++++++++++++++
t0,59233.11567118249,0.004157602546911221
x0,0.16865721959995109,0.0002021463447456585
x1,-1.0943840327331973,0.0045426399664446615
c,0.14008683452578266,0.0011259561938190622
mu,31.34258813489331,0.0036653609787805105
hostMass,-333.0,-333.0
++++++++++++++++++++++++++++++++++++++++++++++++++++++++++++++++
1.7285658971985128e-05,2.6510484049157816e-07,6.167284424430894e-06,-1.4315738820181721e-06
2.6510484049157816e-07,4.086314469403061e-08,4.774493902800681e-08,-2.148216978754013e-07
6.167284424430894e-06,4.774493902800681e-08,2.0635583828125613e-05,-1.2087842334477844e-06
-1.4315738820181721e-06,-2.148216978754013e-07,-1.2087842334477844e-06,1.2677773503995094e-06
++++++++++++++++++++++++++++++++++++++++++++++++++++++++++++++++
zp,23.9,23.9,23.9,23.9,23.9,23.9,23.9,23.9,23.9,23.9,23.9,23.9,23.9,23.9,23.9,23.9,23.9,23.9,23.9,23.9,23.9,23.9,23.9,23.9,23.9,23.9,23.9,23.9,23.9,23.9,23.9,23.9,23.9,23.9,23.9,23.9,23.9,23.9,23.9,23.9,23.9,23.9,23.9,23.9,23.9,23.9,23.9,23.9,23.9,23.9,23.9,23.9,23.9,23.9,23.9,23.9,23.9,23.9,23.9,23.9,23.9,23.9,23.9,23.9,23.9,23.9,23.9,23.9,23.9,23.9,23.9,23.9,23.9,23.9,23.9,23.9,23.9,23.9,23.9,23.9,23.9,23.9,23.9,23.9,23.9,23.9,23.9,23.9,23.9,23.9,23.9,23.9,23.9,23.9,23.9,23.9,23.9,23.9,23.9,23.9,23.9,23.9,23.9,23.9,23.9,23.9,23.9,23.9,23.9,23.9,23.9,23.9,23.9,23.9,23.9,23.9,23.9,23.9,23.9,23.9,23.9,23.9,23.9,23.9,23.9,23.9,23.9,23.9,23.9,23.9,23.9
filter,c,c,c,c,c,c,c,c,c,c,c,c,c,c,c,c,c,c,c,c,c,c,c,c,c,c,c,c,c,c,c,c,c,c,c,c,c,c,c,c,c,c,c,o,o,o,o,o,o,o,o,o,o,o,o,o,o,o,o,o,o,o,o,o,o,o,o,o,o,o,o,o,o,o,o,o,o,o,o,ZTF_g,ZTF_g,ZTF_g,ZTF_g,ZTF_g,ZTF_g,ZTF_g,ZTF_g,ZTF_g,ZTF_g,ZTF_g,ZTF_g,ZTF_g,ZTF_g,ZTF_g,ZTF_g,ZTF_g,ZTF_g,ZTF_g,ZTF_g,ZTF_g,ZTF_g,ZTF_g,ZTF_g,ZTF_g,ZTF_g,ZTF_g,ZTF_g,ZTF_g,ZTF_g,ZTF_g,ZTF_r,ZTF_r,ZTF_r,ZTF_r,ZTF_r,ZTF_r,ZTF_r,ZTF_r,ZTF_r,ZTF_r,ZTF_r,ZTF_r,ZTF_r,ZTF_r,ZTF_r,ZTF_r,ZTF_r,ZTF_r,ZTF_r,ZTF_r,ZTF_r
mjd,59197.617842,59207.602536,59207.621275,59226.626492,59226.63355,59226.637098,59226.662055,59229.623671,59229.626526,59229.636957,59229.662014,59229.662935,59229.666419,59229.668293,59229.671123,59231.537799,59231.540601,59231.546568,59231.556677,59235.561512,59235.564418,59237.617366,59253.545543,59253.547387,59253.570533,59253.586742,59255.485072,59255.487359,59255.490103,59255.514449,59257.519852,59257.521695,59257.556866,59257.578776,59261.471717,59261.474018,59261.476925,59261.489189,59263.573101,59267.543695,59267.547066,59267.582265,59267.589815,59209.648467,59212.557037,59214.635621,59214.660447,59216.626743,59216.63056,59216.638311,59216.663238,59217.609491,59217.612369,59217.615149,59217.625831,59219.605811,59219.607749,59219.611407,59219.646958,59221.581413,59221.583255,59221.586016,59221.602381,59238.525248,59238.544811,59238.550007,59238.560568,59243.539455,59243.54174,59243.544579,59243.550038,59251.569565,59251.584851,59251.588054,59251.593949,59269.415817,59269.41952,59269.422316,59269.429691,59215.48893520003,59217.442812500056,59219.44252309995,59221.47055559978,59223.405300899874,59250.359525499865,59252.49099540012,59254.45753470017,59258.3817592999,59264.35137729999,59268.48848380009,59270.40332179982,59274.23513890011,59276.26903939992,59280.37261570012,59290.325914400164,59292.29996530013,59295.28040509997,59297.30521989986,59301.266354199965,59303.36133099999,59305.2799769002,59309.29973379988,59311.24674770003,59313.26371529978,59315.21524310019,59317.2399420999,59321.26612270018,59323.2816666998,59325.347986099776,59329.349768499844,59219.47456019977,59221.45276620006,59254.42702550022,59262.363611099776,59266.36403940013,59268.37212960003,59270.341550900135,59272.443784699775,59274.389675899874,59276.359259299934,59280.29949070001,59290.352534700185,59292.35160879977,59303.3500926001,59309.25710650021,59313.22648150008,59315.26673609996,59317.20593750011,59321.300451400224,59323.3435531999,59325.26707179984
flux,141.0,88.0,157.0,27168.0,28048.0,28084.0,27691.0,33586.0,34334.0,35855.0,35002.0,33963.0,34535.0,33923.0,34127.0,39609.0,38674.0,38830.0,38694.0,38358.0,32662.0,35217.0,13616.0,13899.0,13927.0,13637.0,12775.0,12428.0,12562.0,12579.0,10863.0,10922.0,10672.0,11091.0,8565.0,8223.0,8034.0,8360.0,6776.0,6201.0,6118.0,6276.0,6174.0,18.0,644.0,340.0,228.0,737.0,614.0,915.0,708.0,2009.0,1606.0,1644.0,1448.0,4480.0,4602.0,4629.0,4211.0,9336.0,9422.0,9723.0,9596.0,28364.0,28065.0,28231.0,28124.0,21487.0,21370.0,20938.0,20578.0,18491.0,18911.0,19014.0,18893.0,7064.0,7701.0,7510.0,7438.0,529.721011910995,1330.227739436941,4193.85682589207,9754.387404402994,16361.488069249679,11651.5257686839,9707.58495675958,8238.406174932114,5706.686302962214,4103.537438028114,3434.4816473246683,3457.277183230906,3250.501718637161,3016.301846734256,2892.1712190874273,2608.944256915843,2704.4639702247023,2513.4902215863485,2324.6565589957518,2415.7344907077354,2204.826398048899,2379.624326526297,2096.6039515847783,2053.04089372486,1945.4084592811273,2065.5485149319943,1926.2116269079584,2067.3956588496508,1767.61630920989,1717.448013494893,1615.697302874804,5574.192979683782,11330.263237458705,17315.07591580497,11787.34513726347,9211.051277327604,8267.13824383154,7789.966678742345,6964.468845894509,6755.209151799865,6389.593064125992,5521.588024137057,3981.8051135913347,3716.673404643586,2760.6592201767326,2539.7396549474724,2587.928062882555,2625.8287555962834,2254.4468448183557,1652.906928093019,1613.8560698824945,1453.103002023545
dflux,19.0,21.0,21.0,51.0,52.0,53.0,51.0,56.0,55.0,59.0,57.0,58.0,58.0,56.0,62.0,64.0,65.0,64.0,63.0,113.0,242.0,209.0,43.0,43.0,39.0,39.0,40.0,41.0,40.0,40.0,37.0,38.0,38.0,36.0,34.0,33.0,35.0,34.0,186.0,34.0,33.0,32.0,30.0,20.0,32.0,26.0,28.0,36.0,33.0,37.0,39.0,32.0,30.0,30.0,31.0,40.0,38.0,40.0,40.0,41.0,38.0,44.0,42.0,65.0,62.0,64.0,62.0,58.0,60.0,62.0,64.0,50.0,52.0,49.0,50.0,36.0,39.0,42.0,39.0,38.02534795494382,43.707538292668616,91.64681097500451,264.7976938064975,270.19318651592044,253.21703729801615,240.77603649071145,176.39776462557862,146.4825058271054,106.63207034209134,81.5867538751878,32.03329970934386,83.40898663273013,78.60339679751846,71.41130273277854,26.106653487213386,27.755375048913738,70.89980508020544,63.70107047316258,67.50401552899945,64.85799844935318,81.91734297257855,59.14468052862882,62.52259901045364,63.0550422723279,27.206121655884978,25.89095201324152,26.30969408972152,58.27198347150505,54.24398104413769,53.25067628102721,105.09921323864245,204.4818166513183,63.753970398633996,276.31078994416725,165.96725652410845,41.95195629711847,128.5766748187111,174.53471200373878,116.8332862285715,42.06505944655331,41.08087681133856,118.72469381772198,35.41239747745362,110.02850831537957,40.06570538769966,39.713437500810244,59.05481897960155,38.318453883060826,54.8646442832763,57.43551319445609,35.859020585214566
mag,18.52695221836155,19.038793319624578,18.410250868976917,12.814855828590352,12.780245253125699,12.778852589093406,12.794153400935809,12.584604290884826,12.5606889929845,12.513625682905658,12.53976784882803,12.572484887214113,12.554351349144586,12.573764369087145,12.567254718851473,12.405515304994323,12.43145226776875,12.427081523634879,12.430890931697535,12.440360112956228,12.614893063820023,12.533119106649986,13.564876143148716,13.542541112692954,13.540356061015107,13.563202898749012,13.634097727983123,13.663996888542657,13.652353027329864,13.65088470719192,13.810125551158315,13.804244569501186,13.829385458568815,13.787573236768075,14.068181581746174,14.112424274352096,14.137670431510866,14.094484306402459,14.322566506693372,14.41884567163262,14.43347631837835,14.40579266271275,14.423583437134807,20.761818737241732,16.877785331600467,17.57130270739436,18.005162882498865,16.73133128035237,16.929579072147078,16.496447264833876,16.774916855775576,15.642550158129374,15.885636147643343,15.86024546698992,15.998078595347177,14.77180496500464,14.742633464168437,14.736282048042971,14.839036896449336,13.974597892406715,13.964642250244461,13.930499285620318,13.944774401760517,12.768081308243751,12.779587383610771,12.77318434494531,12.777307276841707,13.069560540423941,13.075488694589826,13.09766201132851,13.116492092783822,13.232599003505758,13.20821376342427,13.202316276065137,13.209247688573065,14.277373273576218,14.183632191522234,14.210900157489577,14.221359564942615,17.089882,16.090185,14.843466,13.927,13.365443,13.734043,13.932222,14.110392,14.50904,14.867104,15.060347,15.0531645,15.120124,15.201313,15.246939999999999,15.358838,15.319797,15.399307,15.484103,15.442377,15.541563999999997,15.458729,15.596209,15.619006,15.677473,15.6124115,15.68824,15.611441,15.78153,15.812791,15.8791,14.534545,13.7644,13.303939,13.72146,13.989227,14.106612,14.171161,14.29278,14.325903,14.386316999999998,14.54484,14.8998,14.974614,15.297468,15.388027,15.3676195,15.351834,15.5174,15.854379,15.880338,15.994259
dmag,0.14630487865560285,0.25909613977227275,0.14522586178318472,0.0020381532112323324,0.0020129165233713636,0.002048996540816123,0.0019996586054227008,0.0018103146390329307,0.0017392523813654105,0.0017865970180125507,0.0017680979278704074,0.0018541559896381357,0.001823445776055596,0.0017923304974960944,0.001972504020134205,0.001754326468848999,0.001824813913983555,0.001789521429426732,0.0017677516126500235,0.003198503340577716,0.008044460276526852,0.006443446823830537,0.0034288085197326677,0.0033589939423469316,0.0030404043933108353,0.0031050606427836035,0.0033995654160782784,0.003581846185642099,0.003457208103040917,0.0034525358287940218,0.0036980796811304432,0.0037775110584947814,0.0038660022283433285,0.0035241640403354075,0.00430998610179101,0.004357204761897118,0.00472999342377396,0.0044156735600287085,0.029803266541523026,0.00595307707818739,0.005856373775266428,0.0055359398585595925,0.005275686126141886,1.2063735608444446,0.053949625081242236,0.08302688624635296,0.1333360251459649,0.05303460430306649,0.05835390025583063,0.04390408696843716,0.05980750280457627,0.01729395647203584,0.020281498220921543,0.01981270446642336,0.023244352449972378,0.009694073256785715,0.00896522724486745,0.009382036766126594,0.010313333695179294,0.004768121721846616,0.004378897875279134,0.004913338785296719,0.004752075927461442,0.0024881135703497394,0.002398562077146624,0.002461376398449931,0.002393530248013085,0.0029307348571731744,0.003048393649302761,0.003214998791437578,0.0033767672808164063,0.0029358504265859066,0.0029854731451282326,0.0027979948476512047,0.002873382217646748,0.005533196966500567,0.005498469287837944,0.006072026711041279,0.005692889484490455,0.07793819018871771,0.03567423482340783,0.02372619401598029,0.029473961939720936,0.017929819319500283,0.02359578569490422,0.026929381635187138,0.02324738977734388,0.02786930128924402,0.02821329185059343,0.025791866606751684,0.010059856762731464,0.027860362623486686,0.028293771000598714,0.026808176602531437,0.010864524529818578,0.01114269441156364,0.030626132787348704,0.029751731810465358,0.030339242126333103,0.031938422520269974,0.037375910168519544,0.03062835063358389,0.0330646357648435,0.03519114043178193,0.014300642690966729,0.014593798305331987,0.0138170878356518,0.03579283685522772,0.03429195739677076,0.0357840463454347,0.02047112852405389,0.01959471787199434,0.003997671982241278,0.025451076974052647,0.019563093699896894,0.0055096160810273916,0.017920532486907365,0.027209347906197712,0.01877812010389788,0.00714780386452542,0.00807792886437351,0.032373181207927974,0.010344875067738202,0.043272974136263215,0.01712804965025953,0.016661327464441184,0.024418178411311234,0.018454075680199782,0.03603864781930394,0.03864025874298203,0.026793308431944683
