combined_norm,2020vnq,2020vnq,26.94648823333301,42.004506133333,0.075,0.07357897184545267,59129.0
++++++++++++++++++++++++++++++++++++++++++++++++++++++++++++++++
mu,-107.0,-107.0
hostMass,nan,nan
++++++++++++++++++++++++++++++++++++++++++++++++++++++++++++++++
++++++++++++++++++++++++++++++++++++++++++++++++++++++++++++++++
zp,23.9,23.9,23.9,23.9,23.9,23.9,23.9,23.9,23.9,23.9,23.9,23.9,23.9,23.9,23.9,23.9,23.9,23.9,23.9,23.9,23.9,23.9,23.9,23.9,23.9,23.9,23.9,23.9,23.9,23.9,23.9,23.9,23.9,23.9,23.9,23.9,23.9,23.9,23.9,23.9,23.9,23.9,23.9,23.9,23.9,23.9,23.9,23.9,23.9,23.9,23.9,23.9,23.9,23.9,23.9,23.9,23.9,23.9,23.9,23.9,23.9,23.9,23.9,23.9,23.9,23.9,23.9,23.9,23.9,23.9,23.9,23.9,23.9,23.9,23.9,23.9,23.9,23.9,23.9,23.9,23.9,23.9,23.9,23.9,23.9,23.9,23.9,23.9,23.9,23.9,23.9,23.9,23.9,23.9,23.9,23.9,23.9,23.9,23.9,23.9,23.9,23.9,23.9,23.9,23.9,23.9,23.9,23.9,23.9,23.9,23.9,23.9,23.9,23.9,23.9,23.9,23.9,23.9,23.9,23.9,23.9,23.9,23.9,23.9,23.9,23.9,23.9,23.9,23.9,23.9,23.9,23.9,23.9,23.9,23.9,23.9,23.9,23.9,23.9,23.9,23.9,23.9,23.9
filter,c,c,c,c,c,c,c,c,c,c,c,c,o,o,o,o,o,o,o,o,o,o,o,o,o,o,o,o,o,o,o,o,o,o,o,o,o,o,o,o,o,o,o,o,o,o,o,o,o,o,o,o,o,o,o,o,o,o,o,o,o,o,o,o,o,o,o,o,o,o,o,o,o,o,o,o,o,o,o,o,o,o,o,o,o,o,o,o,o,o,o,o,o,o,o,o,o,o,o,o,o,o,o,o,o,o,o,o,o,o,o,ZTF_g,ZTF_g,ZTF_g,ZTF_g,ZTF_g,ZTF_g,ZTF_g,ZTF_g,ZTF_g,ZTF_g,ZTF_g,ZTF_g,ZTF_g,ZTF_g,ZTF_g,ZTF_r,ZTF_r,ZTF_r,ZTF_r,ZTF_r,ZTF_r,ZTF_r,ZTF_r,ZTF_r,ZTF_r,ZTF_r,ZTF_r,ZTF_r,ZTF_r,ZTF_r,ZTF_r,ZTF_r
mjd,59136.463848,59136.468001,59136.473948,59136.521421,59140.442339,59140.445539,59140.451033,59140.461425,59144.445715,59144.4503,59144.484058,59144.489577,59110.465082,59114.426424,59114.427804,59114.436621,59114.46195,59114.465182,59118.451173,59118.456237,59118.460381,59118.463141,59120.52875,59122.478895,59122.484421,59122.495608,59126.420328,59126.423608,59126.428709,59130.464571,59130.467807,59130.473346,59130.483604,59131.527559,59131.542786,59131.558389,59131.562548,59132.469824,59132.473023,59132.479056,59132.490972,59134.467392,59134.470273,59134.476038,59134.485968,59138.436152,59138.442608,59138.445368,59138.445829,59138.44859,59138.454591,59138.457351,59138.489912,59138.644402,59142.3518,59142.373394,59142.386756,59142.389063,59142.39281,59142.397914,59146.443699,59146.446918,59146.452915,59146.463503,59147.424324,59147.428279,59147.43352,59147.44365,59148.417371,59148.420576,59148.426575,59148.437201,59155.508814,59156.438817,59156.442023,59156.448907,59156.46131,59157.448647,59157.453249,59157.477824,59157.485751,59160.400353,59160.403563,59160.409052,59160.41959,59162.407992,59162.411215,59162.416743,59162.429179,59170.375556,59170.379246,59170.411311,59170.416878,59180.364505,59180.367706,59180.374118,59180.385614,59184.347677,59184.350878,59184.35801,59184.368992,59185.425832,59185.429057,59185.440123,59185.448432,59186.400446,59186.405973,59186.409198,59186.420725,59187.425275,59187.428477,59129.338657400105,59131.331747699995,59134.279398099985,59136.38787040021,59138.36734949984,59140.40706019988,59142.39331019996,59144.385034699924,59150.38744209986,59152.26119210012,59154.29858799977,59158.20111110015,59164.35092590004,59168.21842590021,59170.22112269979,59134.326527799945,59136.3244097,59138.32495369995,59140.25863429997,59142.2918866002,59144.243506900035,59146.30234949989,59150.3110301001,59152.216273100115,59154.21906250017,59156.3669906999,59158.2181712999,59164.30420139991,59166.324201399926,59168.285763899796,59170.25677079987,59172.15597219998
flux,123.0,137.0,145.0,110.0,149.0,142.0,126.0,117.0,143.0,128.0,132.0,154.0,8.0,12.0,29.0,10.0,18.0,5.0,22.0,32.0,4.0,15.0,13.0,22.0,10.0,18.0,18.0,56.0,5.0,44.0,73.0,59.0,49.0,55.0,77.0,53.0,61.0,94.0,65.0,81.0,81.0,101.0,96.0,103.0,80.0,406.0,47.0,56.0,143.0,119.0,116.0,145.0,115.0,94.0,115.0,108.0,110.0,124.0,136.0,126.0,106.0,119.0,129.0,119.0,121.0,112.0,107.0,113.0,130.0,151.0,100.0,98.0,223.0,73.0,72.0,117.0,95.0,76.0,77.0,88.0,57.0,75.0,129.0,67.0,78.0,61.0,72.0,61.0,63.0,44.0,67.0,40.0,55.0,56.0,40.0,54.0,17.0,54.0,23.0,23.0,33.0,7.0,13.0,20.0,48.0,11.0,44.0,22.0,4.0,45.0,10.0,38.9338722916245,69.10724819600141,102.10128313034421,131.39353590371203,147.1909810684155,155.13750406397872,148.86013208170397,141.56373092928092,107.33911246606905,104.07825448877148,79.81600749646577,63.43059715536449,35.71754495362963,21.59931608581235,19.48767373487903,97.94105999876963,121.11412613656832,133.58410959087507,137.06418876885598,137.59986252521531,133.96174621193663,148.67570276054315,110.09317585863279,110.70315543556983,103.2377189052482,79.25093596488436,71.02715184187771,64.08010283094983,63.29479534909505,62.12597248558147,55.77505407332674,42.113021302172804
dflux,9.0,8.0,9.0,11.0,10.0,11.0,14.0,14.0,8.0,9.0,8.0,8.0,10.0,11.0,11.0,13.0,11.0,9.0,11.0,12.0,11.0,10.0,16.0,15.0,17.0,17.0,19.0,22.0,18.0,10.0,10.0,11.0,12.0,12.0,13.0,16.0,12.0,12.0,13.0,12.0,13.0,9.0,11.0,8.0,10.0,167.0,66.0,30.0,34.0,31.0,24.0,46.0,11.0,158.0,16.0,12.0,10.0,11.0,13.0,12.0,9.0,10.0,10.0,10.0,12.0,13.0,12.0,12.0,18.0,20.0,19.0,14.0,97.0,20.0,16.0,21.0,23.0,13.0,15.0,25.0,29.0,34.0,65.0,52.0,62.0,9.0,9.0,11.0,12.0,16.0,11.0,11.0,12.0,15.0,22.0,19.0,17.0,21.0,23.0,18.0,18.0,18.0,16.0,20.0,22.0,14.0,15.0,14.0,12.0,17.0,16.0,7.626454519008133,9.809070136936892,10.39032259004544,9.525222474936298,11.008659339640925,9.07116549686766,8.73911196991613,8.444952696602286,11.81028497873798,12.208218926132758,13.386862115390871,9.53061556841078,6.3452442907216495,7.120496397846787,6.0814355863019305,6.643984614332275,9.533015844250235,7.918658612673169,7.110450015039986,8.81818794376804,7.5008100429618345,73.22342749655603,10.076210647681444,9.140983664803477,20.255734634158767,13.118005777021104,6.206172693837426,8.206026097015274,5.646461397234227,6.348827822170494,6.656376125536053,5.729447682750985
mag,18.675237221401503,18.558198582108982,18.496579994412564,18.796518287104437,18.467034328969312,18.519279139042357,18.64907363720609,18.729535345634595,18.511659906337343,18.631975075880327,18.598565171985374,18.43119819790884,21.64227503252014,21.202046884880936,20.24400500525261,21.4,20.761818737241732,22.15257498915995,20.543943297944484,20.137125054200233,22.394850021680092,20.959771852360795,21.115141619232908,20.543943297944484,21.4,20.761818737241732,20.761818737241732,19.529529932484497,22.15257498915995,19.79136830878453,19.241692849698858,19.47286997089464,19.674509799928714,19.54909327626439,19.183773187068795,19.589310325998028,19.43667541247308,18.967180366000754,19.36771660839286,19.128787452803373,19.128787452803373,18.889196565543394,18.944321917401076,18.86790693823707,19.14227503252014,17.37868491605701,19.719755355160704,19.529529932484497,18.511659906337343,18.711132596518674,18.738855026932704,18.496579994412564,18.74825539911597,18.967180366000754,18.74825539911597,18.816440611282623,18.796518287104437,18.66644578709441,18.566152729074453,18.64907363720609,18.836735336838075,18.711132596518674,18.623525724251877,18.711132596518674,18.69303657420887,18.776954943324544,18.826540555786973,18.767303891291448,18.615141619232908,18.452557631767075,18.9,18.92193481076876,18.029237842379597,19.241692849698858,19.256668758921826,18.729535345634595,18.955690986777878,19.197966019298022,19.183773187068795,19.038793319624578,19.51031286081877,19.21234684152075,18.623525724251877,19.334812993247933,19.1697634932738,19.43667541247308,19.256668758921826,19.43667541247308,19.401648626366043,19.79136830878453,19.334812993247933,19.894850021680092,19.54909327626439,19.529529932484497,19.894850021680092,19.569015600442576,20.823877696554312,19.569015600442576,20.495680409956016,20.495680409956016,20.10371515030528,21.787254899964356,21.115141619232908,20.647425010840045,19.69689690656103,21.296518287104437,19.79136830878453,20.543943297944484,22.394850021680092,19.76696871556164,21.4,19.924181,19.301191,18.877422,18.603565,18.480297,18.423208,18.468054,18.52262,18.823105,18.8566,19.144775,19.394253,20.017796,20.5639,20.6756,18.922588,18.692013,18.585613,18.55769,18.553455,18.582548,18.4694,18.795599,18.7896,18.865404,19.152489,19.271439,19.383192,19.39658,19.416817,19.5339,19.838959
dmag,0.07944411254341463,0.06340065429255475,0.06739052305406897,0.10857362047600001,0.07286820166174497,0.08410632572084507,0.12063735608444445,0.1299171527063248,0.06074048697958043,0.0763408268971875,0.0658021942278788,0.05640188076675325,1.35717025595,0.9952581876966667,0.41183097421931036,1.4114570661880002,0.6635054584644445,1.9543251685680003,0.54286810238,0.40715107678500007,2.98577456309,0.7238241365066667,1.3362907135507693,0.7402746850636364,1.8457515480920001,1.0254175267177779,1.1460548828022223,0.42653922329857147,3.9086503371360006,0.24675822835454547,0.14873098695342465,0.20242539410779664,0.265894580757551,0.23688789922036366,0.18330611249194806,0.3277694203049057,0.21358745011672134,0.13860462188425532,0.21714724095200003,0.16084980811259258,0.17425395878864197,0.09674877072118812,0.12440727346208334,0.08432902561242718,0.135717025595,0.44659592658847297,1.5246508407268087,0.5816443954071429,0.2581470696632168,0.28283884325680675,0.22463507684689657,0.3444404511652414,0.10385302828139131,1.8249608548093619,0.15105895022747828,0.12063735608444445,0.0987032913418182,0.0963153084867742,0.10378360780794117,0.10340344807238096,0.09218514946075472,0.0912383365344538,0.08416559726821705,0.0912383365344538,0.10767631782743803,0.1260229523382143,0.1217648080104673,0.11529941997451329,0.15033270527446155,0.1438061198357616,0.2062898789044,0.15510517210857144,0.47227090520950676,0.2974619739068493,0.2412747121688889,0.1948757290594872,0.2628624495734737,0.18571803502473685,0.2115070528753247,0.30844778544318185,0.5523921041761405,0.49220041282453336,0.5470763822434109,0.8426609350376121,0.8630210858348718,0.16019058758754098,0.135717025595,0.1957884959403279,0.20680689614476191,0.3948131653672728,0.17825519779641794,0.29857745630900007,0.23688789922036366,0.29082219770357143,0.5971549126180001,0.38201829426740747,1.08573620476,0.4222307462955556,1.08573620476,0.8497065950295654,0.5922197480509092,2.791893097954286,1.3362907135507693,1.08573620476,0.49762909384833337,1.3818460787854547,0.3701373425318182,0.6909230393927274,3.2572086142800005,0.41016701068711114,1.7371779276160002,0.21267645106607888,0.15410919781521176,0.11048979081630468,0.0787091908920903,0.08120402435093392,0.06348492492993357,0.06374017092757651,0.06476935038373016,0.11946115162823284,0.12735518431632226,0.18210132682286193,0.16313474632640687,0.1928817185903225,0.3579271077052095,0.33882108674398176,0.07365260943407777,0.08545939910413218,0.06436075649450705,0.05632450812140488,0.06958019968350343,0.06079273567983257,0.5347297829671234,0.09937134269815055,0.08965143651910755,0.2130266406457691,0.17971641133264982,0.0948688805893988,0.13903816063215915,0.0968573724576327,0.11095443577833554,0.1295752854402123,0.147713666464488
