combined_norm,2020zgh,2020zgh,18.972635463399996,0.0160018244229,0.045,0.043319780222431395,59164.0
++++++++++++++++++++++++++++++++++++++++++++++++++++++++++++++++
t0,59174.833782184665,0.10888630012050271
x0,0.0015843330871485094,3.720186959699129e-05
x1,0.24044291652572158,0.14242473334495465
c,0.13694824792476148,0.018490591456782387
mu,36.624065757184226,0.06450605483385452
hostMass,9.328601126201656,0.007722329095806436
++++++++++++++++++++++++++++++++++++++++++++++++++++++++++++++++
0.01185623237153932,1.1082837781978356e-07,0.000166305732692707,-0.00015940924421466575
1.1082837781978356e-07,1.3839791015115451e-09,-2.8083353303004806e-06,-6.064451126471492e-07
0.000166305732692707,-2.8083353303004806e-06,0.02029030608204615,0.0005709120472809443
-0.00015940924421466575,-6.064451126471492e-07,0.0005709120472809443,0.00034190197242163375
++++++++++++++++++++++++++++++++++++++++++++++++++++++++++++++++
zp,23.9,23.9,23.9,23.9,23.9,23.9,23.9,23.9,23.9,23.9,23.9,23.9,23.9,23.9,23.9,23.9,23.9,23.9,23.9,23.9,23.9,23.9,23.9,23.9,23.9,23.9,23.9,23.9,23.9,23.9,23.9,23.9,23.9,23.9,23.9,23.9,23.9,23.9,23.9,23.9,23.9,23.9,23.9,23.9,23.9,23.9,23.9,23.9,23.9,23.9,23.9,23.9,23.9,23.9,23.9,23.9,23.9,23.9,23.9,23.9,23.9,23.9,23.9,23.9,23.9,23.9,23.9,23.9,23.9,23.9,23.9,23.9,23.9,23.9,23.9,23.9,23.9,23.9,23.9,23.9,23.9,23.9,23.9,23.9,23.9,23.9,23.9,23.9,23.9,23.9,23.9,23.9,23.9,23.9,23.9,23.9,23.9,23.9,23.9,23.9,23.9,23.9,23.9,23.9,23.9,23.9,23.9,23.9,23.9,23.9,23.9,23.9,23.9,23.9,23.9,23.9,23.9,23.9
filter,c,c,c,c,c,c,c,c,c,c,c,c,c,c,c,c,c,c,c,c,c,c,c,c,c,c,c,c,c,c,c,o,o,o,o,o,o,o,o,o,o,o,o,o,o,o,o,o,o,o,o,o,o,o,o,o,o,o,o,o,o,o,o,o,o,o,o,o,o,o,o,o,o,o,o,o,o,o,o,o,o,o,o,ZTF_g,ZTF_g,ZTF_g,ZTF_g,ZTF_g,ZTF_g,ZTF_g,ZTF_g,ZTF_g,ZTF_g,ZTF_g,ZTF_g,ZTF_g,ZTF_g,ZTF_g,ZTF_g,ZTF_r,ZTF_r,ZTF_r,ZTF_r,ZTF_r,ZTF_r,ZTF_r,ZTF_r,ZTF_r,ZTF_r,ZTF_r,ZTF_r,ZTF_r,ZTF_r,ZTF_r,ZTF_r,ZTF_r,ZTF_r,ZTF_r
mjd,59170.336172,59170.33894,59170.34728,59170.357079,59190.294558,59190.298219,59190.306095,59190.317563,59194.314987,59194.318295,59194.324766,59194.336714,59198.251376,59198.263786,59198.269282,59198.272495,59200.286587,59200.298163,59200.308374,59218.329245,59218.333371,59218.343479,59218.354515,59220.247949,59220.251649,59220.257174,59220.272431,59222.283561,59222.287232,59222.293687,59222.305621,59144.412943,59144.421416,59146.398712,59146.413398,59146.42993,59156.376788,59156.380476,59156.396167,59156.399854,59158.42578,59158.429513,59160.392339,59160.39556,59160.405695,59160.413112,59182.345348,59182.348547,59182.356024,59182.368911,59183.390454,59183.397865,59183.406273,59183.409549,59184.409975,59184.413199,59184.419201,59184.432123,59185.391139,59185.40041,59185.403649,59185.41706,59186.347934,59186.351154,59186.35666,59186.369091,59188.30627,59192.341682,59192.345394,59192.351893,59192.363422,59204.24941,59204.254812,59204.258041,59204.290327,59212.250998,59212.254238,59212.270493,59212.27602,59216.298398,59216.301629,59216.309005,59216.31914,59164.26872690022,59169.24790510023,59171.23456020001,59181.16769680008,59183.1672685002,59185.1726505002,59187.12835650006,59193.18401619978,59195.170509300195,59199.20628469996,59202.19214119995,59204.21244210005,59210.17184029985,59215.085706000216,59221.159826400224,59227.1081019002,59164.27998840017,59167.22619209997,59169.207650499884,59173.23899309989,59175.19659719989,59181.11921299994,59183.1061689998,59185.21293980023,59187.18452550005,59190.15165509982,59193.228379600216,59195.199155100156,59199.14527780004,59202.146284699906,59204.14793979982,59219.17217590008,59221.193090300076,59223.108009300195,59248.12269680016
flux,314.0,371.0,322.0,338.0,188.0,196.0,202.0,208.0,148.0,161.0,166.0,142.0,135.0,125.0,135.0,129.0,605.0,129.0,111.0,64.0,46.0,47.0,75.0,56.0,53.0,49.0,54.0,46.0,48.0,40.0,72.0,24.0,10.0,10.0,2.0,13.0,17.0,30.0,10.0,41.0,37.0,33.0,54.0,81.0,65.0,47.0,257.0,292.0,270.0,291.0,259.0,263.0,264.0,277.0,218.0,237.0,242.0,228.0,241.0,228.0,211.0,216.0,206.0,256.0,221.0,207.0,64.0,194.0,162.0,170.0,179.0,140.0,157.0,172.0,156.0,93.0,116.0,55.0,73.0,95.0,68.0,69.0,98.0,170.62301032327218,336.660992950153,370.1532782076775,313.6635114088544,263.20273632181335,238.4822167962387,187.61208070253173,103.54301338798456,84.77113539793298,64.29245358431001,52.27518759453544,46.58434570121978,48.23918924327141,30.537958459796354,22.83074061704305,27.400595405978237,168.69056778652293,273.1837108091805,315.72952774403655,380.05215548629286,443.1120903968317,368.51943784483933,340.9478844248512,273.8797987053134,236.85796846046748,212.4320303701427,207.1577569765802,209.65382971303035,194.36586703763092,181.780628229102,162.3326954701217,71.27466750327137,67.04401275013365,74.99066416411485,37.42884279182732
dflux,12.0,12.0,12.0,12.0,10.0,12.0,12.0,10.0,10.0,10.0,10.0,8.0,11.0,12.0,11.0,12.0,240.0,9.0,16.0,10.0,11.0,10.0,13.0,8.0,8.0,8.0,7.0,9.0,10.0,10.0,10.0,14.0,12.0,13.0,12.0,16.0,16.0,15.0,18.0,21.0,23.0,14.0,8.0,10.0,13.0,10.0,27.0,24.0,29.0,22.0,29.0,27.0,30.0,32.0,23.0,18.0,22.0,24.0,19.0,19.0,17.0,20.0,17.0,18.0,16.0,20.0,205.0,12.0,11.0,11.0,11.0,11.0,11.0,10.0,12.0,19.0,17.0,14.0,17.0,13.0,12.0,12.0,17.0,14.020914919827016,21.655870641558547,20.51501684937533,30.056986314804977,22.797729180895878,15.923383899338189,15.267342556029341,11.265191902159293,7.969745688065246,9.407633326327131,9.232879013931145,12.31623818438587,17.702125212727946,10.912143197072794,5.683985200752627,9.854287266177849,10.689357338478306,11.962381292493403,13.84585780228992,14.731188695395925,71.6287698339832,22.27294315527284,19.791481516143655,14.319420579052064,14.194540285974808,13.505134088301629,12.403236892547714,10.86780031994251,13.12173905235977,10.461684096272187,18.45967954659843,10.668025366010372,8.55894737330765,10.541111460549196,7.945294417584014
mag,17.657675879816964,17.476565225962382,17.63036032076042,17.57770824930586,18.214605376840797,18.169359821608808,18.13662157638344,18.104841662593095,18.474345711512605,18.382935309920374,18.34972977989986,18.519279139042357,18.574165578762482,18.657724967479858,18.574165578762482,18.623525724251877,16.945611563368825,18.623525724251877,18.786692553033355,19.38455006504028,19.743105420796063,19.719755355160704,19.21234684152075,19.529529932484497,19.589310325998028,19.674509799928714,19.569015600442576,19.743105420796063,19.69689690656103,19.894850021680092,19.256668758921826,20.449471895720983,21.4,21.4,23.147425010840045,21.115141619232908,20.823877696554312,20.207196863200842,21.4,19.86804035820066,19.97949568983251,20.10371515030528,19.569015600442576,19.128787452803373,19.36771660839286,19.719755355160704,17.875167191671764,17.73654287137895,17.82159058960253,17.74026752753523,17.86675058979687,17.850110628775603,17.84599018282542,17.793800577338878,18.053858765988487,17.96312913497474,17.940461585048922,18.005162882498865,17.944957393562827,18.005162882498865,18.089293861755767,18.06386562212267,18.115331949077117,17.879400086720374,18.039019315787222,18.110074136357703,19.38455006504028,18.180495675174434,18.37621246364342,18.323877696554312,18.267867422550268,18.534679910804403,18.410250868976917,18.311178882731127,18.417188504113845,18.97879262861516,18.738855026932704,19.54909327626439,19.241692849698858,18.955690986777878,19.318727718234406,19.30287727315686,18.92193481076876,18.319906,17.582018,17.479046,17.65884,17.849274,17.95636,18.216848,18.862198,19.07938,19.3796,19.604261,19.7294,19.6915,20.1879,20.5037,20.3056,18.332273,17.808863,17.651712,17.450392,17.283716,17.483849,17.56828,17.8061,17.96378,18.08195,18.109247,18.096243,18.17845,18.251131,18.373985,19.267662,19.3341,19.212482,19.966984
dmag,0.04149310336662421,0.035118152175525615,0.040462218810931684,0.03854684750627219,0.05775192578510639,0.06647364518938775,0.06449918048079208,0.05219885599807693,0.0733605543756757,0.0674370313515528,0.06540579546746988,0.061168236887887334,0.08846739446192595,0.10423067565696001,0.08846739446192595,0.10099871672186048,0.4307052713097521,0.07574903754139535,0.15650251600144147,0.16964628199375,0.2596325707034783,0.23100770314042557,0.18819427549173337,0.15510517210857144,0.16388471015245284,0.17726305383836735,0.14074358209851853,0.21242664875739134,0.22619504265833337,0.27143405119,0.15079669510555557,0.6333461194433334,1.302883445712,1.4114570661880002,6.514417228560001,1.3362907135507693,1.0218693691858824,0.54286810238,1.9543251685680003,0.5561087878039025,0.6749171002562162,0.4606153595951516,0.16084980811259258,0.13404150676049384,0.21714724095200003,0.23100770314042557,0.11406567131719846,0.08923859217205479,0.11661611088162964,0.08208314950075601,0.12156891867969113,0.1114634126559696,0.12337911417727274,0.12542800921415165,0.11455015004348626,0.08246097757670887,0.0987032913418182,0.11428802155368421,0.08559746012630706,0.09047801706333333,0.08747637668682465,0.10053113007037037,0.08959958971320389,0.0763408268971875,0.07860533609122174,0.10490204876908213,3.4777487808718752,0.06715894050061856,0.07372282871827161,0.07025351913152943,0.06672121928692738,0.08530784465971429,0.07607068950547771,0.0631241979511628,0.08351816959692308,0.2218170740907527,0.15911651276655173,0.2763692157570909,0.2528426778208219,0.14857442801978948,0.19160050672235296,0.18882368778434783,0.18834199470326532,0.08922017565786376,0.06984047244410231,0.06017479202799677,0.10404129604167402,0.09404279113476985,0.07249427078487561,0.08835415342915307,0.1181250796315229,0.10207532782996473,0.15887102659887908,0.19176346333459654,0.2870532042888641,0.3984278870800966,0.38796663359749944,0.27030697879202,0.3904716776577929,0.06879947361781366,0.04754306333248381,0.04761337721346158,0.04208418417013673,0.17550852345628654,0.0656208012029556,0.06302525696607388,0.05676619242221098,0.06506653079302865,0.06902449223056711,0.06500670574443619,0.056281176879119675,0.07329860626095364,0.06248536654724888,0.12346460676924133,0.16250740661321067,0.13860684431984713,0.1526172154720763,0.2304771711652303
