combined_norm,2021wus,2021wus,33.676823882699985,16.079980547300003,0.04,0.03842453931778819,59449.0
++++++++++++++++++++++++++++++++++++++++++++++++++++++++++++++++
t0,59458.864885845745,0.16617101139127044
x0,0.0010217390211948029,5.5354169337846546e-05
x1,-1.206114456278209,0.15624265074176136
c,0.2400344961963331,0.03809043600688369
mu,36.57181173997128,0.13006078480044
hostMass,10.076354796308232,0.0019366381502038286
++++++++++++++++++++++++++++++++++++++++++++++++++++++++++++++++
0.02761285258200231,-3.5208361300741482e-06,0.007988404584070874,0.0020328809967405793
-3.5208361300741482e-06,3.0640840630829906e-09,-1.940379630741974e-06,-2.066242808522825e-06
0.007988404584070874,-1.940379630741974e-06,0.02442020728932676,0.0008537185877239232
0.0020328809967405793,-2.066242808522825e-06,0.0008537185877239232,0.0014508813151945016
++++++++++++++++++++++++++++++++++++++++++++++++++++++++++++++++
zp,23.9,23.9,23.9,23.9,23.9,23.9,23.9,23.9,23.9,23.9,23.9,23.9,23.9,23.9,23.9,23.9,23.9,23.9,23.9,23.9,23.9,23.9,23.9,23.9,23.9,23.9,23.9,23.9,23.9,23.9,23.9,23.9,23.9,23.9,23.9,23.9,23.9,23.9,23.9,23.9,23.9,23.9,23.9,23.9,23.9,23.9,23.9,23.9,23.9,23.9,23.9,23.9,23.9,23.9,23.9,23.9,23.9,23.9,23.9,23.9,23.9,23.9,23.9,23.9,23.9,23.9,23.9,23.9,23.9,23.9,23.9,23.9,23.9,23.9,23.9,23.9,23.9,23.9,23.9,23.9,23.9,23.9,23.9,23.9,23.9,23.9,23.9,23.9,23.9,23.9,23.9,23.9,23.9,23.9,23.9,23.9,23.9,23.9,23.9,23.9
filter,c,c,c,c,c,c,c,c,c,c,o,o,o,o,o,o,o,o,o,o,o,o,o,o,o,o,o,o,o,o,o,o,o,o,o,o,o,o,o,o,o,o,o,o,o,o,o,o,o,o,o,o,o,o,o,o,o,o,o,o,o,o,o,o,o,o,o,o,o,o,o,o,o,o,o,o,o,o,o,o,o,o,o,o,o,o,o,o,o,o,o,o,o,o,o,o,o,o,o,o
mjd,59437.612514,59441.587428,59463.595501,59463.59882,59463.604148,59463.615797,59467.476292,59467.478123,59467.480873,59467.485926,59431.604403,59431.61011,59435.58333,59435.586542,59443.576927,59443.580127,59443.583328,59445.501527,59445.504764,59445.528104,59445.533656,59447.53874,59447.540568,59447.548173,59447.566357,59448.531718,59448.535403,59448.53863,59448.544162,59449.52248,59449.524321,59449.527085,59449.533555,59455.511481,59455.531252,59455.533158,59455.536364,59457.543795,59457.545637,59457.575783,59457.584046,59461.530684,59461.532987,59461.545256,59461.55142,59465.532022,59465.533863,59465.536625,59465.559356,59465.637442,59475.49213,59475.495411,59475.513666,59475.517354,59478.419757,59478.423448,59478.426655,59478.432621,59485.427639,59485.430881,59485.438667,59485.440055,59485.441443,59485.445196,59485.445657,59485.452212,59487.506874,59487.513085,59487.515028,59487.515944,59487.517842,59487.523579,59487.526341,59487.53431,59489.573405,59489.580342,59489.584975,59489.596554,59491.489266,59491.522187,59491.524964,59491.531731,59493.403702,59493.423428,59493.426664,59493.429888,59497.527589,59497.530846,59497.555298,59497.561894,59501.384562,59501.410263,59501.412105,59501.416373,59503.395715,59503.397497,59503.52859,59505.460371,59505.46442,59505.494533
flux,18.0,4.0,231.0,225.0,227.0,56.0,215.0,199.0,190.0,185.0,4.0,8.0,15.0,38.0,5.0,22.0,14.0,64.0,24.0,30.0,40.0,93.0,80.0,62.0,48.0,83.0,146.0,105.0,82.0,136.0,126.0,114.0,161.0,230.0,256.0,260.0,265.0,242.0,244.0,248.0,253.0,248.0,243.0,244.0,280.0,224.0,217.0,211.0,197.0,200.0,196.0,130.0,210.0,95.0,130.0,152.0,138.0,122.0,115.0,106.0,95.0,106.0,116.0,109.0,154.0,127.0,104.0,97.0,101.0,92.0,85.0,116.0,112.0,92.0,94.0,104.0,106.0,96.0,76.0,76.0,74.0,92.0,47.0,62.0,46.0,30.0,52.0,66.0,25.0,42.0,60.0,70.0,42.0,46.0,43.0,59.0,30.0,51.0,49.0,15.0
dflux,7.0,7.0,22.0,17.0,17.0,86.0,12.0,11.0,12.0,11.0,12.0,12.0,14.0,24.0,10.0,12.0,12.0,13.0,13.0,12.0,12.0,16.0,20.0,20.0,14.0,18.0,19.0,14.0,18.0,20.0,22.0,16.0,14.0,16.0,18.0,16.0,14.0,10.0,12.0,13.0,10.0,10.0,10.0,9.0,9.0,11.0,10.0,12.0,10.0,15.0,42.0,42.0,44.0,43.0,30.0,29.0,34.0,36.0,14.0,16.0,17.0,15.0,15.0,18.0,18.0,16.0,10.0,13.0,14.0,12.0,12.0,12.0,14.0,12.0,17.0,15.0,16.0,17.0,14.0,12.0,11.0,10.0,19.0,19.0,39.0,19.0,14.0,16.0,15.0,16.0,14.0,16.0,14.0,20.0,17.0,22.0,28.0,38.0,38.0,37.0
mag,20.761818737241732,22.394850021680092,17.990970050269638,18.019543704721592,18.00993535701719,19.529529932484497,18.068903850210987,18.152867308975733,18.203115997617928,18.232070678992464,22.394850021680092,21.64227503252014,20.959771852360795,19.950541008457975,22.15257498915995,20.543943297944484,21.034679910804403,19.38455006504028,20.449471895720983,20.207196863200842,19.894850021680092,18.97879262861516,19.14227503252014,19.419020776254364,19.69689690656103,19.102304769059813,18.489117860538904,18.847026752325153,19.115465369040706,18.566152729074453,18.64907363720609,18.75773787165882,18.382935309920374,17.995680409956016,17.879400086720374,17.862566630072955,17.84188531515798,17.940461585048922,17.931525434153176,17.913870797934457,17.892198697060454,17.913870797934457,17.935984316004216,17.931525434153176,17.78210492164445,18.02437995416459,18.058850665378674,18.089293861755767,18.163834434596016,18.147425010840045,18.169359821608808,18.615141619232908,18.0944517631652,18.955690986777878,18.615141619232908,18.44539103013807,18.550302283996906,18.684100423313126,18.74825539911597,18.836735336838075,18.955690986777878,18.836735336838075,18.738855026932704,18.80643375514844,18.43119819790884,18.640490697610105,18.85741665175305,18.933070664334387,18.889196565543394,18.99053043163611,19.076452685714266,18.738855026932704,18.776954943324544,18.99053043163611,18.967180366000754,18.85741665175305,18.836735336838075,18.944321917401076,19.197966019298022,19.197966019298022,19.226920700672558,18.99053043163611,19.719755355160704,19.419020776254364,19.743105420796063,20.207196863200842,19.609991640913,19.351140161145327,20.405149978319905,19.841876774005247,19.45462187404089,19.287254899964356,19.841876774005247,19.743105420796063,19.816328861051034,19.47286997089464,20.207196863200842,19.631074559755156,19.674509799928714,20.959771852360795
dmag,0.4222307462955556,1.9000383583300002,0.10340344807238096,0.08203340213742223,0.08131064088511014,1.6673806001671432,0.060599230033116284,0.06001556910733669,0.06857281293221054,0.0645572878505946,3.2572086142800005,1.6286043071400003,1.0133537911093335,0.6857281293221053,2.17147240952,0.5922197480509092,0.9306310326514287,0.22054016659187503,0.5881071109116667,0.43429448190400005,0.325720861428,0.18679332555010755,0.27143405119,0.3502374854064516,0.3166730597216667,0.2354608636828916,0.14129443760575344,0.14476482730133333,0.23833233763024392,0.15966708893529413,0.18957298813269843,0.1523840287382456,0.09441184389217391,0.07552947511373914,0.0763408268971875,0.06681453567753848,0.0573596485533585,0.044865132428099176,0.053396862529180335,0.056913591378548394,0.042914474496442694,0.04377968567580645,0.04468050225349795,0.040047646896885246,0.03489866372442857,0.053317402912321434,0.05003392648663595,0.061748030602464456,0.0551135129319797,0.081430215357,0.23265775816285716,0.35077631230707695,0.2274875857592381,0.49143849268084216,0.2505545087907693,0.20714703906605267,0.26750022436115944,0.32038117517508197,0.13217658144904348,0.16388471015245284,0.19428963664126317,0.15364191576792455,0.14039692302931037,0.17929588702458718,0.12690423172519483,0.13678566359181105,0.10439771199615386,0.14551103775134022,0.15049808778851487,0.14161776583826088,0.15328040537788237,0.11231753842344828,0.135717025595,0.14161776583826088,0.19635654766936173,0.15659656799423077,0.16388471015245284,0.19226578625958335,0.20000403771894737,0.1714320323305263,0.1613932196264865,0.1180148048652174,0.4389146359668085,0.3327256111361291,0.9205154779486957,0.6876329296813334,0.29231359358923076,0.2632087769115152,0.651441722856,0.41361379228952383,0.2533384477773334,0.2481682753737143,0.36191206825333333,0.4720592194608696,0.429244546067907,0.4048507882155933,1.0133537911093335,0.808979917272157,0.8419995057322449,2.678149305074667
