combined_norm,2021hji,2021hji,252.17138061800003,21.9971688313,0.057,0.056139920528314256,59301.0
++++++++++++++++++++++++++++++++++++++++++++++++++++++++++++++++
t0,59314.43396079765,0.19323667696880875
x0,0.0006378811332038559,1.2804549317745306e-05
x1,0.9018238954859081,0.18967146915891353
c,0.19635452788388738,0.018802081641287226
mu,37.5359931702004,0.0667572706410243
hostMass,9.68185477970366,0.0038173841470349515
++++++++++++++++++++++++++++++++++++++++++++++++++++++++++++++++
0.037340495080019694,-2.9890191426428827e-07,0.0001159292992468918,0.00023729481910985645
-2.9890191426428827e-07,1.6395648323057178e-10,-6.125999835709239e-07,-2.0165835500058303e-07
0.0001159292992468918,-6.125999835709239e-07,0.03599311688713374,-0.0003092299108312152
0.00023729481910985645,-2.0165835500058303e-07,-0.0003092299108312152,0.00035351827404563014
++++++++++++++++++++++++++++++++++++++++++++++++++++++++++++++++
zp,23.9,23.9,23.9,23.9,23.9,23.9,23.9,23.9,23.9,23.9,23.9,23.9,23.9,23.9,23.9,23.9,23.9,23.9,23.9,23.9,23.9,23.9,23.9,23.9,23.9,23.9,23.9,23.9,23.9,23.9,23.9,23.9,23.9,23.9,23.9,23.9,23.9,23.9,23.9,23.9,23.9,23.9,23.9,23.9,23.9,23.9,23.9,23.9,23.9,23.9,23.9,23.9,23.9,23.9,23.9,23.9,23.9,23.9,23.9,23.9,23.9,23.9,23.9,23.9,23.9,23.9,23.9,23.9,23.9,23.9,23.9,23.9,23.9,23.9,23.9,23.9,23.9,23.9,23.9,23.9,23.9,23.9,23.9,23.9,23.9,23.9,23.9,23.9,23.9,23.9,23.9,23.9,23.9,23.9,23.9,23.9,23.9,23.9,23.9,23.9,23.9,23.9,23.9,23.9,23.9,23.9,23.9,23.9,23.9,23.9,23.9,23.9,23.9,23.9,23.9,23.9,23.9,23.9,23.9,23.9,23.9,23.9,23.9,23.9,23.9,23.9,23.9,23.9,23.9,23.9,23.9,23.9,23.9,23.9,23.9,23.9,23.9,23.9,23.9,23.9,23.9,23.9,23.9,23.9,23.9,23.9
filter,c,c,c,c,c,c,c,c,c,c,c,c,c,c,c,c,c,c,c,c,c,c,c,c,c,c,c,c,c,c,c,c,c,c,o,o,o,o,o,o,o,o,o,o,o,o,o,o,o,o,o,o,o,o,o,o,o,o,o,o,o,o,o,o,o,o,o,o,o,o,o,o,o,o,o,o,o,o,o,o,o,o,o,o,o,o,o,o,o,o,o,o,o,o,o,o,o,o,o,o,o,o,o,o,o,o,o,o,ZTF_g,ZTF_g,ZTF_g,ZTF_g,ZTF_g,ZTF_g,ZTF_g,ZTF_g,ZTF_g,ZTF_g,ZTF_g,ZTF_g,ZTF_g,ZTF_g,ZTF_g,ZTF_g,ZTF_g,ZTF_g,ZTF_r,ZTF_r,ZTF_r,ZTF_r,ZTF_r,ZTF_r,ZTF_r,ZTF_r,ZTF_r,ZTF_r,ZTF_r,ZTF_r,ZTF_r,ZTF_r,ZTF_r,ZTF_r,ZTF_r,ZTF_r,ZTF_r,ZTF_r
mjd,59291.572094,59291.575748,59313.524081,59313.526395,59313.530469,59313.540691,59317.512447,59317.514748,59317.517511,59317.523119,59321.495639,59321.498435,59321.501665,59321.519277,59339.452306,59339.455345,59339.458612,59339.49033,59343.442445,59343.444733,59343.455555,59343.461077,59347.447345,59347.483228,59347.496482,59347.499658,59351.41904,59351.420868,59351.424696,59351.430257,59355.506907,59355.510648,59355.518223,59355.528491,59293.51964,59293.522437,59293.543933,59293.558067,59297.55642,59297.564198,59299.540266,59299.556656,59299.560443,59303.506943,59303.50936,59303.519515,59303.525588,59305.545992,59305.554,59305.558707,59305.574711,59305.642867,59309.528456,59309.530298,59309.533531,59309.539084,59319.503527,59319.506901,59319.510624,59319.516431,59323.474654,59323.476482,59323.479241,59323.48435,59327.446927,59327.462506,59327.465795,59327.468566,59329.47578,59329.478567,59329.514169,59329.529573,59331.469782,59331.472656,59331.478147,59331.487181,59333.470681,59333.472524,59333.490869,59333.499219,59337.527575,59337.530812,59337.537103,59337.547823,59341.553403,59341.557124,59341.562279,59341.574372,59345.430689,59345.433456,59345.436403,59345.472002,59349.419687,59349.422637,59349.426319,59349.452898,59353.416559,59353.41886,59353.423265,59353.428458,59357.400447,59357.402752,59357.411695,59357.435986,59359.384787,59359.387591,59359.390976,59359.396535,59301.482777799945,59303.400034700055,59306.4233448999,59308.38057869999,59310.42525460012,59312.42337960005,59314.41550929984,59316.37078699982,59319.43260420021,59322.42300930014,59324.38271989999,59328.36093749991,59334.45170139987,59336.42887730012,59339.3820369998,59343.381458300166,59345.39982639998,59349.38142360002,59306.49909720011,59308.456122700125,59310.44615740003,59312.40094910003,59316.401284699794,59319.39343750011,59322.27677079989,59324.34048609994,59328.31123840017,59334.38016200019,59336.39087959984,59339.338078700006,59341.4144791998,59343.353784699924,59345.345902800094,59349.33339119982,59353.33304399997,59356.35673609981,59364.337233799975,59368.381215299945
flux,21.0,2.0,175.0,175.0,162.0,158.0,162.0,149.0,163.0,165.0,142.0,164.0,115.0,137.0,37.0,71.0,39.0,85.0,51.0,55.0,37.0,53.0,40.0,36.0,6.0,34.0,20.0,32.0,50.0,20.0,33.0,32.0,50.0,25.0,2.0,14.0,1.0,8.0,15.0,24.0,23.0,30.0,42.0,87.0,63.0,80.0,51.0,88.0,96.0,129.0,89.0,108.0,137.0,136.0,128.0,148.0,151.0,140.0,167.0,137.0,115.0,111.0,111.0,128.0,121.0,102.0,110.0,46.0,52.0,96.0,68.0,105.0,54.0,88.0,83.0,45.0,90.0,84.0,113.0,98.0,82.0,79.0,68.0,110.0,80.0,70.0,77.0,66.0,63.0,74.0,58.0,79.0,53.0,63.0,66.0,64.0,49.0,64.0,57.0,61.0,18.0,42.0,51.0,59.0,32.0,138.0,37.0,80.0,37.83380316118081,74.59236895681987,110.2574642090637,124.61375991803976,140.7717793138192,158.70506964574324,151.28002931693328,144.20887870230484,134.51093762369,112.44144030149002,104.75664958378013,67.23670155278192,49.613515358556825,44.97384305454175,31.818609742428457,24.763931840302476,23.831336556612353,17.71744935448529,117.33176399164431,136.0325377189216,173.33872589046504,166.68295839963773,174.18309375090868,154.26407521702984,144.89319865765856,128.78129857019937,102.46029454061178,80.70120137794571,81.65071648062141,79.48390580381229,77.93418533866915,67.69179023927346,67.92536800340827,58.2350965714753,39.0620651476992,40.87709270807968,24.98503717720169,26.56386105800239
dflux,11.0,8.0,8.0,7.0,8.0,8.0,8.0,7.0,7.0,9.0,8.0,8.0,9.0,9.0,23.0,10.0,27.0,14.0,10.0,9.0,8.0,9.0,7.0,9.0,10.0,8.0,8.0,8.0,9.0,9.0,12.0,10.0,10.0,10.0,9.0,11.0,7.0,9.0,11.0,9.0,16.0,14.0,15.0,24.0,24.0,24.0,18.0,14.0,12.0,12.0,13.0,15.0,9.0,10.0,8.0,8.0,10.0,10.0,11.0,9.0,11.0,11.0,10.0,12.0,18.0,14.0,15.0,15.0,19.0,19.0,16.0,21.0,32.0,26.0,31.0,42.0,17.0,16.0,17.0,20.0,8.0,10.0,8.0,10.0,9.0,8.0,9.0,7.0,8.0,9.0,9.0,9.0,12.0,10.0,10.0,10.0,9.0,9.0,8.0,10.0,14.0,15.0,14.0,14.0,32.0,36.0,28.0,33.0,16.36838256486135,13.091038793542833,10.325987218249585,9.140505331434914,10.426103398817961,13.821727507419576,8.466666049741228,8.601259323429533,10.566143094285247,8.913356666939976,8.570556602947228,10.380605011056034,10.905631900876744,7.528175364005987,5.976247388882239,5.07748863123832,5.255793716023435,3.6201464459452604,10.57978953123707,9.437387640880003,19.009083951442456,11.267266001514965,11.833645151522164,13.985900571394144,15.664691283582222,11.586270911037783,9.052223849701585,9.375982462080705,9.207372907301858,8.548623185078966,15.880086491588301,7.818753506266626,6.574689506559825,7.103235530049199,8.635203701193184,11.330684123045645,6.522582896226046,5.8238171771338
mag,20.5944517631652,23.147425010840045,18.292404878284263,18.292404878284263,18.37621246364342,18.403357282613943,18.37621246364342,18.467034328969312,18.369530988990103,18.356290139465234,18.519279139042357,18.362890379880753,18.74825539911597,18.558198582108982,19.97949568983251,19.27185412820231,19.92233848243375,19.076452685714266,19.631074559755156,19.54909327626439,19.97949568983251,19.589310325998028,19.894850021680092,20.00924374808178,21.95462187404089,20.07130270739436,20.647425010840045,20.137125054200233,19.65257498915995,20.647425010840045,20.10371515030528,20.137125054200233,19.65257498915995,20.405149978319905,23.147425010840045,21.034679910804403,23.9,21.64227503252014,20.959771852360795,20.449471895720983,20.495680409956016,20.207196863200842,19.841876774005247,19.051201868453454,19.401648626366043,19.14227503252014,19.631074559755156,19.038793319624578,18.944321917401076,18.623525724251877,19.026524983387716,18.816440611282623,18.558198582108982,18.566152729074453,18.631975075880327,18.474345711512605,18.452557631767075,18.534679910804403,18.34320882213104,18.558198582108982,18.74825539911597,18.786692553033355,18.786692553033355,18.631975075880327,18.69303657420887,18.878499570595203,18.796518287104437,19.743105420796063,19.609991640913,18.944321917401076,19.318727718234406,18.847026752325153,19.569015600442576,19.038793319624578,19.102304769059813,19.76696871556164,19.014393726401686,19.089301784845293,18.767303891291448,18.92193481076876,19.115465369040706,19.155932271773896,19.318727718234406,18.796518287104437,19.14227503252014,19.287254899964356,19.183773187068795,19.351140161145327,19.401648626366043,19.226920700672558,19.491430016092657,19.155932271773896,19.589310325998028,19.401648626366043,19.351140161145327,19.38455006504028,19.674509799928714,19.38455006504028,19.51031286081877,19.43667541247308,20.761818737241732,19.841876774005247,19.631074559755156,19.47286997089464,20.137125054200233,18.550302283996906,19.97949568983251,19.14227503252014,19.9553,19.218264,18.79398,18.661085,18.528711,18.398523,18.450546,18.50252,18.578106,18.772684,18.849546,19.330984,19.661,19.7676,20.143297,20.415451,20.457129,20.778997,18.726461,18.565893,18.302761,18.345272,18.297485,18.429338,18.49738,18.625368,18.873611,19.1328,19.1201,19.149302,19.17068,19.32366,19.31992,19.487038,19.920612,19.8713,20.4058,20.339272
dmag,0.5687189643980953,4.34294481904,0.04963365507474286,0.043429448190400004,0.05361660270419753,0.05497398505113924,0.05361660270419753,0.05100774116322148,0.04662670817987731,0.059221974805090914,0.061168236887887334,0.052962741695609765,0.08497065950295654,0.0713257360791241,0.6749171002562162,0.15292059221971832,0.7516635263723077,0.17882713960752944,0.21288945191372552,0.17766592441527274,0.23475377400216219,0.18437029892150944,0.190003835833,0.27143405119,1.809560341266667,0.2554673422964706,0.43429448190400005,0.27143405119,0.19543251685680002,0.4885812921420001,0.3948131653672728,0.3392925639875,0.21714724095200003,0.43429448190400005,4.88581292142,0.8530784465971429,7.600153433320001,1.221453230355,0.7962065501573333,0.40715107678500007,0.7552947511373913,0.5066768955546668,0.3877629302714286,0.2995134357958621,0.41361379228952383,0.325720861428,0.3832010134447059,0.17273075984818184,0.135717025595,0.10099871672186048,0.15859068159415732,0.15079669510555557,0.0713257360791241,0.07983354446764707,0.0678585127975,0.058688443500540546,0.0719030599178808,0.07755258605428572,0.07151555839736529,0.0713257360791241,0.10385302828139131,0.107595479750991,0.0978140725009009,0.10178776919625002,0.16151447674115704,0.14902261633960787,0.1480549370127273,0.3540444145956522,0.39671130558538464,0.2148852905254167,0.2554673422964706,0.21714724095200003,0.6433992324503703,0.32078569686090913,0.40551593189831325,1.0133537911093335,0.20508350534355557,0.20680689614476191,0.16334084496389384,0.2215788172979592,0.10592548339121953,0.13743496262784813,0.1277336711482353,0.0987032913418182,0.12214532303550002,0.12408413768685715,0.12690423172519483,0.1151538398987879,0.13787126409650793,0.13204899787621624,0.16847630763517243,0.1236914663650633,0.24582706522867928,0.17233908012063492,0.164505485569697,0.16964628199375,0.1994209355681633,0.152681653794375,0.1523840287382456,0.17798954176393442,0.8444614925911113,0.3877629302714286,0.29804523267921573,0.2576323197735593,1.08573620476,0.28323553167652177,0.8216382090075677,0.4478661844635,0.469731934913351,0.1905478398774948,0.10168289515061196,0.07963950028205524,0.080413830029331,0.09455747066322613,0.060765230581479195,0.06475813929082086,0.08528707259654024,0.08606750334473803,0.08882838116469761,0.16762569292559676,0.238657537265707,0.18174147445151828,0.20392557095477415,0.22261461837900962,0.2394496636259126,0.22184480306703808,0.0979006889696378,0.07532398947985468,0.11906658803091302,0.07339249761319828,0.07376270967872404,0.09843509310364608,0.11738109601098688,0.09768214753180274,0.09592327653633029,0.12614240482741818,0.12243344023265926,0.11677269252218617,0.22123263063202572,0.1254081732487946,0.10509149441736529,0.13243285303813873,0.24001683624285347,0.3009542304034346,0.2834418195480194,0.23803501852802003
