combined_norm,2021abpg,2021abpg,274.174042,15.297450000000001,0.048,0.047748206405100725,59502.0
++++++++++++++++++++++++++++++++++++++++++++++++++++++++++++++++
t0,59515.066540033265,0.17559781423551613
x0,0.0009222176424640774,2.4950021608578516e-05
x1,-0.0677080672718694,0.255091740882514
c,0.19416143004992678,0.02156451374806899
mu,36.99395603859918,0.08072006816993263
hostMass,10.045785383088266,0.0024346836793219554
++++++++++++++++++++++++++++++++++++++++++++++++++++++++++++++++
0.030834667801590988,-1.7587189724958294e-06,0.016797907505529498,0.0010701023985467456
-1.7587189724958294e-06,6.225035782685349e-10,-3.727063837864455e-06,-4.903011588712485e-07
0.016797907505529498,-3.727063837864455e-06,0.06512834300517037,0.0022771225927981174
0.0010701023985467456,-4.903011588712485e-07,0.0022771225927981174,0.0004650282531906564
++++++++++++++++++++++++++++++++++++++++++++++++++++++++++++++++
zp,23.9,23.9,23.9,23.9,23.9,23.9,23.9,23.9,23.9,23.9,23.9,23.9,23.9,23.9,23.9,23.9,23.9,23.9,23.9,23.9,23.9,23.9,23.9,23.9,23.9,23.9,23.9,23.9,23.9,23.9,23.9,23.9,23.9,23.9,23.9,23.9,23.9,23.9,23.9,23.9,23.9,23.9,23.9,23.9,23.9,23.9,23.9,23.9,23.9,23.9,23.9,23.9,23.9,23.9,23.9,23.9,23.9,23.9,23.9,23.9,23.9,23.9,23.9,23.9,23.9,23.9,23.9,23.9,23.9,23.9,23.9,23.9,23.9,23.9,23.9,23.9,23.9,23.9,23.9,23.9,23.9,23.9,23.9,23.9,23.9,23.9,23.9,23.9,23.9,23.9,23.9,23.9,23.9,23.9,23.9,23.9,23.9,23.9,23.9,23.9,23.9,23.9,23.9,23.9,23.9,23.9,23.9,23.9,23.9,23.9,23.9
filter,c,c,c,c,c,c,c,c,c,c,c,c,o,o,o,o,o,o,o,o,o,o,o,o,o,o,o,o,o,o,o,o,o,o,o,o,o,o,o,o,o,o,o,o,o,o,o,o,o,o,o,o,o,o,o,o,o,o,o,o,o,o,o,o,o,o,o,o,o,o,o,ZTF_g,ZTF_g,ZTF_g,ZTF_g,ZTF_g,ZTF_g,ZTF_g,ZTF_g,ZTF_g,ZTF_g,ZTF_g,ZTF_g,ZTF_g,ZTF_g,ZTF_g,ZTF_g,ZTF_r,ZTF_r,ZTF_r,ZTF_r,ZTF_r,ZTF_r,ZTF_r,ZTF_r,ZTF_r,ZTF_r,ZTF_r,ZTF_r,ZTF_r,ZTF_r,ZTF_r,ZTF_r,ZTF_r,ZTF_r,ZTF_r,ZTF_r,ZTF_r,ZTF_r,ZTF_r,ZTF_r
mjd,59515.233647,59515.236855,59515.242812,59515.253816,59519.232189,59519.235854,59519.2432,59519.253271,59523.224137,59523.227376,59523.234726,59523.245294,59485.258627,59487.292365,59489.301117,59491.271031,59491.277005,59491.28848,59497.255532,59497.271194,59497.277201,59501.215308,59501.218535,59501.237779,59505.260777,59505.263543,59505.269075,59505.280617,59507.242166,59507.245844,59507.252258,59507.262795,59509.197651,59509.200887,59509.20613,59509.231978,59511.202283,59511.205492,59511.221427,59511.225127,59513.227289,59513.22775,59513.230987,59513.231449,59513.236986,59513.237448,59513.248048,59513.248507,59517.21617,59517.221698,59517.224921,59517.225381,59517.228606,59517.234141,59517.237828,59517.244762,59521.223753,59521.227444,59521.232971,59521.245427,59529.22206,59529.225749,59529.231741,59537.189765,59537.193002,59537.198543,59539.192792,59539.195993,59539.203314,59539.214315,59545.211077,59502.118483799975,59504.17313659983,59504.17359950021,59510.1958217998,59510.19629629981,59512.171770799905,59512.20515049994,59521.11658560019,59521.11704860022,59523.16124999989,59523.16171299992,59525.11262729997,59525.113576400094,59527.140740700066,59527.14121530019,59527.14168980019,59502.149814799894,59502.17116900021,59502.17211809987,59504.11726849992,59504.12481479999,59510.151203699876,59510.15167819988,59512.11780089978,59521.14379630005,59521.144270800054,59521.14473380009,59523.08994209999,59523.090405100025,59523.09087960003,59525.1434491002,59525.143923600204,59525.144872699864,59527.111817100085,59527.11229170021,59527.11275460012,59529.1323958002,59529.13287039986,59531.103981500026,59531.10444439994
flux,233.0,224.0,211.0,235.0,221.0,223.0,232.0,188.0,238.0,176.0,158.0,176.0,13.0,27.0,36.0,4.0,6.0,29.0,21.0,3.0,12.0,17.0,39.0,10.0,134.0,96.0,96.0,122.0,187.0,144.0,162.0,173.0,188.0,190.0,220.0,164.0,247.0,218.0,196.0,198.0,212.0,191.0,200.0,178.0,224.0,204.0,165.0,216.0,234.0,202.0,229.0,237.0,158.0,217.0,216.0,185.0,193.0,203.0,227.0,148.0,106.0,119.0,119.0,73.0,266.0,183.0,103.0,119.0,78.0,115.0,10.0,58.7627348645273,91.18344578787388,85.11913469147692,186.77278729206782,213.27423851292014,202.15291120893306,250.65709379381508,177.85201911505217,197.73884814291884,179.17804759021587,159.73158458031122,128.33703456681724,145.58036368892994,118.80688246813185,103.49515040067931,111.54918459118049,68.12510740699828,45.214736059959435,54.213968612258505,101.39674180987134,97.82962752438682,210.74360264119667,214.41521507613865,221.20757764641237,238.9379867046495,224.81889039481433,217.5464496416281,187.28008594871687,205.14739188927456,213.90118965726828,178.30355410276246,185.49525296399267,176.15979652819837,153.17391051688764,162.96607282656583,160.83449508513814,136.80815940261056,158.77714918518814,140.01546272437074,140.61796221328407
dflux,12.0,12.0,12.0,12.0,11.0,14.0,12.0,10.0,14.0,18.0,18.0,22.0,13.0,14.0,15.0,13.0,13.0,16.0,19.0,18.0,20.0,26.0,18.0,24.0,47.0,60.0,69.0,42.0,37.0,28.0,32.0,38.0,75.0,31.0,18.0,28.0,14.0,18.0,14.0,16.0,15.0,17.0,17.0,15.0,20.0,20.0,21.0,20.0,23.0,25.0,19.0,19.0,43.0,19.0,21.0,23.0,16.0,18.0,20.0,16.0,21.0,24.0,24.0,91.0,74.0,52.0,28.0,17.0,22.0,24.0,75.0,12.189696132831418,14.565334767838259,13.095429073335568,21.19029613176743,21.36484194962181,14.63407109933548,15.40708021415604,12.257761205252786,12.601912451800992,12.858160549949764,15.680820818495635,13.29638735132866,9.77610550120016,11.875268575298316,10.409118274622289,12.054003319479351,15.066945233142972,11.895611081103429,11.599481160054308,12.93335204256633,9.676789914132021,27.139748543882483,22.938507807850325,15.705808475816593,14.523331719930288,12.514696004236239,14.049743283426691,16.89539346227559,13.643857352721858,12.110037626523843,12.39561465691211,11.248886213306237,12.447398379505477,11.244558517616284,15.09967173585126,13.885023343333168,16.44189875393763,13.376753936936542,20.4055331275896,17.58005502429577
mag,17.981610197434954,18.02437995416459,18.089293861755767,17.972330344320657,18.039019315787222,18.029237842379597,17.98628003777275,18.214605376840797,17.95855760735872,18.286218330464624,18.403357282613943,18.286218330464624,21.115141619232908,20.32159058960253,20.00924374808178,22.394850021680092,21.95462187404089,20.24400500525261,20.5944517631652,22.707196863200842,21.202046884880936,20.823877696554312,19.92233848243375,21.4,18.58223800408798,18.944321917401076,18.944321917401076,18.684100423313126,18.22039598365875,18.504093769761873,18.37621246364342,18.30488474217801,18.214605376840797,18.203115997617928,18.043943297944484,18.362890379880753,17.918257616850834,18.053858765988487,18.169359821608808,18.15833702434617,18.08416034767812,18.19741658188068,18.147425010840045,18.273949994227763,18.02437995416459,18.12592458143525,18.356290139465234,18.06386562212267,17.976960356474642,18.13662157638344,18.00041129415028,17.96312913497474,18.403357282613943,18.058850665378674,18.06386562212267,18.232070678992464,18.186106727480563,18.131259905216965,18.00993535701719,18.474345711512605,18.836735336838075,18.711132596518674,18.711132596518674,19.241692849698858,17.83779590842233,18.243872275673926,18.86790693823707,18.711132596518674,19.1697634932738,18.74825539911597,21.4,19.477245,19.00021,19.074932,18.221716,18.077654,18.1358,17.9023,18.274853,18.15977,18.266788,18.391523,18.62912,18.492243,18.712896,18.8627,18.781334,19.316732,19.7618,19.564722,18.88494,18.923824,18.090614,18.071861,18.038,17.954287,18.020418,18.05612,18.218771,18.119835,18.074467,18.2721,18.229168,18.285233,18.437038,18.369757,18.384052,18.55972,18.39803,18.53456,18.529898
dmag,0.0559177444511588,0.05816443954071429,0.061748030602464456,0.05544184875370213,0.05404116856271493,0.06816281106116592,0.05615876921172414,0.05775192578510639,0.06386683557411765,0.11104120275954547,0.1236914663650633,0.135717025595,1.08573620476,0.5629743283940741,0.45239008531666675,3.5286426654700005,2.3524284436466667,0.5990268715917242,0.9823327566876191,6.514417228560001,1.809560341266667,1.6605377249270588,0.5011090175815386,2.605766891424,0.3808179225650747,0.678585127975,0.78037289717125,0.3737780377042623,0.21482481056748667,0.2111153731477778,0.21446641081679013,0.2384854091380347,0.4331394433882979,0.17714643340821054,0.08883296220763637,0.18536959593463417,0.06153970391352227,0.08964794351229359,0.07755258605428572,0.08773625897050506,0.07682095788396227,0.09663620670638744,0.09228757740460002,0.09149462399662922,0.09694073256785715,0.10644472595686276,0.13818460787854545,0.10053113007037037,0.10671766115162394,0.13437329266831685,0.09008291655213975,0.08704214299763714,0.2954851696498735,0.0950644603246083,0.1055576865738889,0.13498342005124325,0.09000921904746115,0.09627217579152711,0.09565957751189429,0.11737688700108109,0.21509868207509436,0.2189720076826891,0.2189720076826891,1.3534519812761645,0.3020469141061654,0.30851520572415303,0.29515158964349514,0.15510517210857144,0.3062332885220513,0.2265884253412174,8.1430215357,0.2252242760135275,0.17343182367423368,0.16703860434345802,0.12318214036110164,0.10876410848033283,0.07859763542637713,0.06673669013297812,0.07483016046748478,0.06919405431272191,0.07791451365529635,0.10658652719014977,0.11248794386264485,0.07291005060879333,0.10852409191789499,0.10919889991591514,0.11732463903004361,0.24012773788418193,0.2856479270689748,0.23230132333560286,0.13848776904342208,0.10739528935659617,0.13982207389870016,0.1161539231313843,0.07708761638571793,0.06599414048616321,0.06043824217574737,0.07011980648513899,0.0979492308684713,0.0722096915978659,0.061469065755034816,0.07548008608682397,0.06584170122878016,0.07671779453682971,0.07970433246706474,0.10059922288887904,0.09373283100627339,0.13048611157477333,0.09147176483536924,0.1582327098948146,0.1357387201543993
