combined_norm,2020til,2020til,341.78925332700004,-5.591427458570002,0.094,0.09258909456769505,59107.0
++++++++++++++++++++++++++++++++++++++++++++++++++++++++++++++++
t0,59118.45608627199,0.15118805374368094
x0,0.0006696120162692545,1.9300647393573135e-05
x1,0.9944245396816009,0.2045663396110975
c,0.06813151742098918,0.023665279350050666
mu,37.87955693635037,0.08326104184314657
hostMass,10.850157794836115,0.0018965958291045568
++++++++++++++++++++++++++++++++++++++++++++++++++++++++++++++++
0.022857856598955024,-6.214384193628046e-08,0.012881779015115662,-0.00013700073480760227
-6.214384193628046e-08,3.725149898110415e-10,-2.2302056305602476e-06,-3.9548082566570487e-07
0.012881779015115662,-2.2302056305602476e-06,0.04187172093598989,0.0013395448585917997
-0.00013700073480760227,-3.9548082566570487e-07,0.0013395448585917997,0.0005600454467159344
++++++++++++++++++++++++++++++++++++++++++++++++++++++++++++++++
zp,23.9,23.9,23.9,23.9,23.9,23.9,23.9,23.9,23.9,23.9,23.9,23.9,23.9,23.9,23.9,23.9,23.9,23.9,23.9,23.9,23.9,23.9,23.9,23.9,23.9,23.9,23.9,23.9,23.9,23.9,23.9,23.9,23.9,23.9,23.9,23.9,23.9,23.9,23.9,23.9,23.9,23.9,23.9,23.9,23.9,23.9,23.9,23.9,23.9,23.9,23.9,23.9,23.9,23.9,23.9,23.9,23.9,23.9,23.9,23.9,23.9,23.9,23.9,23.9,23.9,23.9,23.9,23.9,23.9,23.9,23.9,23.9,23.9,23.9,23.9,23.9,23.9,23.9,23.9,23.9,23.9,23.9,23.9,23.9,23.9,23.9,23.9,23.9,23.9,23.9,23.9,23.9,23.9,23.9,23.9,23.9,23.9,23.9,23.9,23.9,23.9,23.9,23.9,23.9,23.9,23.9,23.9,23.9,23.9,23.9,23.9,23.9,23.9,23.9,23.9,23.9,23.9,23.9,23.9,23.9,23.9,23.9,23.9,23.9,23.9,23.9,23.9,23.9,23.9,23.9,23.9,23.9,23.9,23.9,23.9,23.9,23.9,23.9,23.9,23.9,23.9,23.9,23.9,23.9,23.9,23.9,23.9,23.9,23.9,23.9,23.9,23.9,23.9,23.9
filter,c,c,c,c,c,c,c,c,c,c,c,c,c,c,c,c,c,c,c,c,c,c,c,c,c,c,c,c,c,c,c,c,c,c,o,o,o,o,o,o,o,o,o,o,o,o,o,o,o,o,o,o,o,o,o,o,o,o,o,o,o,o,o,o,o,o,o,o,o,o,o,o,o,o,o,o,o,o,o,o,o,o,o,o,o,o,o,o,o,o,o,o,o,o,o,o,o,o,o,o,o,o,o,o,o,o,o,o,o,o,o,o,o,o,o,o,o,o,o,o,o,o,o,o,o,ZTF_g,ZTF_g,ZTF_g,ZTF_g,ZTF_g,ZTF_g,ZTF_g,ZTF_g,ZTF_r,ZTF_r,ZTF_r,ZTF_r,ZTF_r,ZTF_r,ZTF_r,ZTF_r,ZTF_r,ZTF_r,ZTF_r,ZTF_r,ZTF_r,ZTF_r,ZTF_r,ZTF_r,ZTF_r,ZTF_r,ZTF_r,ZTF_r,ZTF_r
mjd,59105.382685,59105.385917,59105.391044,59105.412134,59105.4553,59105.461789,59106.423467,59106.426697,59106.434182,59106.446501,59109.43497,59109.438186,59109.443829,59109.456325,59110.365467,59110.368218,59110.371464,59110.389098,59113.362001,59113.363829,59113.370262,59113.37761,59114.390508,59114.395141,59114.400248,59114.414725,59138.36799,59138.371221,59138.378601,59138.38885,59142.310531,59142.316023,59142.320209,59142.333099,59090.46273,59090.490914,59090.494108,59098.50313,59098.504523,59098.507746,59098.514221,59098.525344,59100.449176,59100.456542,59100.488978,59102.428004,59102.432179,59102.432637,59102.438181,59102.444478,59102.468522,59104.420332,59104.423548,59104.433739,59104.439312,59108.367325,59108.369166,59108.377984,59108.38306,59112.442088,59112.448262,59117.366125,59117.371273,59117.374978,59117.393556,59118.349542,59118.355929,59118.357756,59118.367534,59119.298048,59119.304514,59119.332922,59119.336633,59126.40208,59126.405297,59126.411738,59126.421904,59128.434935,59128.439108,59128.445114,59128.456191,59130.37552,59130.380746,59130.389062,59130.392276,59132.342242,59132.345099,59132.350295,59132.363642,59136.366685,59136.369519,59136.376432,59136.386642,59140.323637,59140.326861,59140.337068,59140.342593,59144.305648,59144.311638,59144.315343,59144.329181,59145.377894,59145.383771,59145.390707,59145.396734,59146.313213,59146.323328,59146.330676,59146.338077,59154.386905,59154.390588,59154.396531,59154.408028,59156.309771,59156.312995,59156.318547,59156.331913,59158.285028,59158.288234,59158.298334,59158.303872,59160.322873,59160.327028,59160.333059,59160.346015,59107.317291699816,59113.375,59117.316365700215,59128.27803240018,59130.23593749991,59134.22887729993,59138.211412000004,59140.17059030011,59107.30004630005,59110.28293980006,59113.25363430008,59113.3108680998,59117.338993099984,59118.27890049992,59124.2496181,59126.30023150006,59128.265393500216,59130.26684030006,59134.17133100005,59136.17623839993,59138.28420139989,59146.169803199824,59150.2535184999,59152.203854199965,59156.170578700025,59158.13797450019,59164.14870369993,59167.193993099965,59169.18751160009
flux,44.0,48.0,43.0,70.0,35.0,36.0,85.0,52.0,51.0,68.0,112.0,109.0,132.0,100.0,99.0,113.0,112.0,115.0,105.0,119.0,68.0,99.0,156.0,151.0,186.0,167.0,78.0,66.0,91.0,72.0,42.0,66.0,60.0,84.0,38.0,30.0,17.0,12.0,27.0,26.0,12.0,25.0,10.0,44.0,13.0,35.0,66.0,12.0,61.0,26.0,15.0,50.0,19.0,33.0,44.0,101.0,86.0,94.0,66.0,139.0,95.0,136.0,165.0,146.0,113.0,110.0,164.0,148.0,122.0,171.0,154.0,169.0,167.0,165.0,118.0,89.0,142.0,108.0,116.0,128.0,125.0,79.0,92.0,114.0,80.0,106.0,10.0,66.0,81.0,74.0,74.0,79.0,69.0,71.0,83.0,58.0,28.0,81.0,87.0,49.0,68.0,75.0,100.0,102.0,70.0,112.0,65.0,63.0,69.0,109.0,13.0,82.0,6.0,74.0,35.0,10.0,12.0,70.0,25.0,70.0,56.0,31.0,55.0,50.0,58.0,93.49362524205661,161.52658079626553,179.1471898095991,105.80076307352942,91.06066131813533,68.83764431991638,47.2609013338265,39.01711916119797,80.41598761017235,121.30279282583147,147.63182892186765,143.67645371189622,166.43536010426035,164.9395479661865,143.64284559356594,137.65753865094143,131.49099145226035,114.71251460340802,101.2588987805608,93.81277874408256,99.9486195050237,76.8164088263953,74.00229695616908,66.11804443246508,47.780468081290465,53.30942521936033,36.637919154348104,29.273860571553207,31.423922860404325
dflux,8.0,9.0,8.0,10.0,15.0,10.0,11.0,10.0,11.0,11.0,10.0,10.0,11.0,10.0,11.0,13.0,10.0,11.0,23.0,26.0,37.0,23.0,10.0,10.0,11.0,10.0,9.0,10.0,9.0,9.0,9.0,9.0,9.0,9.0,20.0,14.0,16.0,19.0,20.0,19.0,19.0,19.0,10.0,11.0,10.0,10.0,12.0,15.0,13.0,13.0,12.0,8.0,8.0,7.0,8.0,10.0,9.0,8.0,10.0,12.0,10.0,17.0,17.0,13.0,18.0,15.0,19.0,17.0,16.0,19.0,19.0,16.0,19.0,18.0,14.0,16.0,18.0,16.0,14.0,15.0,15.0,11.0,10.0,12.0,12.0,16.0,38.0,20.0,12.0,8.0,9.0,12.0,11.0,12.0,12.0,24.0,19.0,17.0,14.0,13.0,12.0,14.0,12.0,11.0,12.0,15.0,16.0,15.0,12.0,28.0,30.0,38.0,41.0,14.0,12.0,12.0,11.0,12.0,13.0,12.0,32.0,9.0,9.0,10.0,10.0,9.954368016815648,12.011080369345647,11.148083016544573,13.254050690398493,7.591685717322673,6.961784036501009,5.666769671387067,5.288107223878637,9.225329283556018,11.540227138885323,7.889687565453454,8.215886027132688,10.303131444975035,8.521914005510132,17.881768455723545,15.167305509355982,8.863920470900217,10.141208091336487,7.6375306376188075,7.004889346286952,12.03486784133902,11.497987365994057,12.401515980975494,11.805805266242029,9.272668841882762,9.05958902672435,6.183593842745551,6.386160872403538,6.694792847065409
mag,19.79136830878453,19.69689690656103,19.816328861051034,19.287254899964356,20.03982988912431,20.00924374808178,19.076452685714266,19.609991640913,19.631074559755156,19.318727718234406,18.776954943324544,18.80643375514844,18.598565171985374,18.9,18.910912013506124,18.767303891291448,18.776954943324544,18.74825539911597,18.847026752325153,18.711132596518674,19.318727718234406,18.910912013506124,18.417188504113845,18.452557631767075,18.226217639455207,18.34320882213104,19.1697634932738,19.351140161145327,19.002396519197266,19.256668758921826,19.841876774005247,19.351140161145327,19.45462187404089,19.089301784845293,19.950541008457975,20.207196863200842,20.823877696554312,21.202046884880936,20.32159058960253,20.362566630072955,21.202046884880936,20.405149978319905,21.4,19.79136830878453,21.115141619232908,20.03982988912431,19.351140161145327,21.202046884880936,19.43667541247308,20.362566630072955,20.959771852360795,19.65257498915995,20.703115997617928,20.10371515030528,19.79136830878453,18.889196565543394,19.06375387189108,18.967180366000754,19.351140161145327,18.542462999364762,18.955690986777878,18.566152729074453,18.356290139465234,18.489117860538904,18.767303891291448,18.796518287104437,18.362890379880753,18.474345711512605,18.684100423313126,18.317509724019615,18.43119819790884,18.330283238465814,18.34320882213104,18.356290139465234,18.720294981734686,19.026524983387716,18.519279139042357,18.816440611282623,18.738855026932704,18.631975075880327,18.657724967479858,19.155932271773896,18.99053043163611,18.75773787165882,19.14227503252014,18.836735336838075,21.4,19.351140161145327,19.128787452803373,19.226920700672558,19.226920700672558,19.155932271773896,19.30287727315686,19.27185412820231,19.102304769059813,19.491430016092657,20.28210492164445,19.128787452803373,19.051201868453454,19.674509799928714,19.318727718234406,19.21234684152075,18.9,18.878499570595203,19.287254899964356,18.776954943324544,19.36771660839286,19.401648626366043,19.30287727315686,18.80643375514844,21.115141619232908,19.115465369040706,21.95462187404089,19.226920700672558,20.03982988912431,21.4,21.202046884880936,19.287254899964356,20.405149978319905,19.287254899964356,19.529529932484497,20.171595765414317,19.54909327626439,19.65257498915995,19.491430016092657,18.973045,18.37939,18.266975,18.838778,19.001673,19.305435,19.713745,19.921862,19.136644,18.690323,18.47705,18.506536,18.346886,18.356688,18.50679,18.553,18.60276,18.750973,18.886417,18.969345,18.900558,19.186365,19.226887,19.3492,19.701874,19.58299,19.990173,20.2338,20.156849
dmag,0.1974065826836364,0.20357553839250003,0.20199743344372095,0.15510517210857144,0.46531551632571433,0.30159339021111115,0.14050703826305885,0.20879542399230772,0.23417839710509808,0.17563379782882355,0.09694073256785715,0.09960882612477066,0.09047801706333333,0.10857362047600001,0.12063735608444445,0.12490770497238939,0.09694073256785715,0.10385302828139131,0.23782793056647622,0.23721967498957985,0.5907682290605882,0.25224174454020204,0.06959847466410256,0.0719030599178808,0.06421020565784948,0.0650141439976048,0.12527725439538465,0.164505485569697,0.10738050376747253,0.135717025595,0.23265775816285716,0.1480549370127273,0.162860430714,0.11632887908142858,0.571440107768421,0.5066768955546668,1.0218693691858824,1.7190823242033335,0.804249040562963,0.7934226111707693,1.7190823242033335,0.8251595156176,1.08573620476,0.27143405119,0.8351816959692309,0.3102103442171429,0.1974065826836364,1.35717025595,0.23138640429311477,0.54286810238,0.8685889638080001,0.17371779276160002,0.45715208621473685,0.2303076797975758,0.1974065826836364,0.10749863413465348,0.11362355631209305,0.09240308125617022,0.164505485569697,0.09373262199366908,0.11428802155368421,0.135717025595,0.11186373018739394,0.09667514151972603,0.17294912996176992,0.1480549370127273,0.12578651152707318,0.12471294243864867,0.14239163341114755,0.12063735608444445,0.13395446682103898,0.10279159335005918,0.1235268735954491,0.11844394961018183,0.12881615988677966,0.195188531192809,0.1376285329977465,0.16084980811259258,0.1310371281606897,0.1272347114953125,0.1302883445712,0.15117845889063292,0.1180148048652174,0.11428802155368421,0.162860430714,0.16388471015245284,4.125797578088,0.329010971139394,0.16084980811259258,0.11737688700108109,0.13204899787621624,0.16492195515341773,0.1730883804689855,0.18350471066366197,0.1569739091219277,0.44927015369379314,0.7367495675157144,0.22787056149283952,0.17471617088091956,0.288052462487347,0.19160050672235296,0.2026707582218667,0.1302883445712,0.11708919855254904,0.18612620653028572,0.14541109885178571,0.2672581427101539,0.2585086201809524,0.18882368778434783,0.27890471314935783,2.5055450879076924,0.5031460461082927,7.419197399193334,0.20540955225189192,0.37225241306057144,1.302883445712,0.9952581876966667,0.18612620653028572,0.5645828264752001,0.18612620653028572,0.6204206884342858,0.3152137368658065,0.17766592441527274,0.21714724095200003,0.18719589737241382,0.11559951519026163,0.08073510100315444,0.06756386945057156,0.13601416734857458,0.09051733118497632,0.10980417840885438,0.13018408076481594,0.1471530853904706,0.1245557544172022,0.10329228308726551,0.0580235271527464,0.06208592071549141,0.06721217669852755,0.0560966165102531,0.13516081039252262,0.11962797592887939,0.0731904084460703,0.09598496574533258,0.08189249170284668,0.08107063958044292,0.13073408917055462,0.16251451162402164,0.18195076975015917,0.193865234731767,0.21070685743918702,0.18451378468415358,0.18324598846119475,0.23685588211511874,0.23131354445202665
