combined_norm,2020yvg,2020yvg,307.72892601428987,19.337994085713998,0.096,0.09506584428923663,59156.0
++++++++++++++++++++++++++++++++++++++++++++++++++++++++++++++++
t0,59169.1838234529,0.360150611748395
x0,0.0005387512185005218,2.0327627562390458e-05
x1,1.3930218738751998,0.43915195994326695
c,-0.024517887429932064,0.03309700468872287
mu,38.452724987695895,0.12617618950670886
hostMass,10.550907428355316,0.00292948487944138
++++++++++++++++++++++++++++++++++++++++++++++++++++++++++++++++
0.12970947535404775,-1.2633088777985957e-06,0.10024937929396648,0.001994776891005809
-1.2633088777985957e-06,4.1321244231525623e-10,-4.612644512533585e-06,-5.600515225520546e-07
0.10024937929396648,-4.612644512533585e-06,0.19339449099888678,0.0043003772475263624
0.001994776891005809,-5.600515225520546e-07,0.0043003772475263624,0.0010954117193653437
++++++++++++++++++++++++++++++++++++++++++++++++++++++++++++++++
zp,23.9,23.9,23.9,23.9,23.9,23.9,23.9,23.9,23.9,23.9,23.9,23.9,23.9,23.9,23.9,23.9,23.9,23.9,23.9,23.9,23.9,23.9,23.9,23.9,23.9,23.9,23.9,23.9,23.9,23.9,23.9,23.9,23.9,23.9,23.9,23.9,23.9,23.9,23.9,23.9,23.9,23.9,23.9,23.9,23.9,23.9,23.9,23.9,23.9,23.9,23.9,23.9,23.9,23.9,23.9,23.9,23.9,23.9,23.9,23.9,23.9,23.9,23.9,23.9,23.9,23.9,23.9,23.9,23.9,23.9,23.9,23.9,23.9,23.9,23.9,23.9,23.9,23.9,23.9,23.9,23.9,23.9,23.9,23.9,23.9,23.9,23.9,23.9,23.9,23.9,23.9,23.9,23.9,23.9,23.9,23.9,23.9,23.9,23.9,23.9,23.9,23.9,23.9
filter,c,c,c,c,c,c,c,c,c,c,c,c,c,c,c,c,c,c,c,c,c,c,c,o,o,o,o,o,o,o,o,o,o,o,o,o,o,o,o,o,o,o,o,o,o,o,o,o,o,o,o,o,o,o,o,o,o,o,o,o,o,o,o,o,o,o,o,o,o,o,o,o,o,o,o,o,o,o,o,o,o,o,ZTF_g,ZTF_g,ZTF_g,ZTF_g,ZTF_g,ZTF_g,ZTF_g,ZTF_g,ZTF_g,ZTF_g,ZTF_r,ZTF_r,ZTF_r,ZTF_r,ZTF_r,ZTF_r,ZTF_r,ZTF_r,ZTF_r,ZTF_r,ZTF_r
mjd,59139.305683,59159.208281,59159.211488,59159.217905,59159.228025,59163.299721,59163.301112,59163.302944,59163.30432,59163.309198,59163.31057,59163.320231,59163.320689,59171.255318,59171.258525,59195.221968,59195.225169,59195.230669,59195.244894,59201.201076,59201.204758,59201.210289,59201.222265,59137.35089,59137.382701,59141.264871,59141.286074,59143.253839,59145.291153,59145.294375,59145.298979,59145.304512,59145.318458,59147.296998,59147.306176,59147.316724,59153.28586,59153.289094,59153.29692,59153.314876,59155.270998,59155.298571,59157.227424,59157.230845,59157.245614,59157.251624,59161.297568,59161.302816,59161.309723,59161.323578,59165.25506,59165.260597,59165.263821,59165.27444,59169.247638,59169.250408,59169.256864,59169.266996,59179.245585,59179.267602,59181.193843,59181.197525,59181.206832,59185.229211,59185.23243,59185.238882,59185.249023,59187.227606,59187.232182,59187.238591,59187.272008,59193.224662,59193.227884,59193.233415,59193.243563,59209.204859,59209.2104,59209.22054,59211.198398,59211.2016,59211.207103,59211.217638,59156.118773099966,59158.15822920017,59164.216955999844,59167.13218750013,59169.104027799796,59175.08003470022,59177.114710600115,59179.135833300184,59184.13104170002,59189.12413189979,59156.183229200076,59158.11947919987,59164.111817100085,59167.10015049996,59169.1354398001,59171.090706000105,59173.09866899997,59175.11118059978,59181.07936340012,59192.11276620021,59194.111597199924
flux,3.0,104.0,93.0,16.0,53.0,109.0,121.0,109.0,107.0,137.0,128.0,98.0,49.0,159.0,30.0,41.0,67.0,33.0,28.0,27.0,22.0,42.0,5.0,4.0,41.0,9.0,4.0,9.0,41.0,12.0,1.0,12.0,18.0,12.0,5.0,20.0,6.0,15.0,14.0,31.0,48.0,64.0,111.0,54.0,41.0,51.0,83.0,61.0,93.0,94.0,103.0,97.0,111.0,106.0,90.0,89.0,116.0,94.0,144.0,77.0,44.0,78.0,57.0,45.0,20.0,82.0,77.0,50.0,58.0,54.0,96.0,36.0,48.0,43.0,68.0,34.0,45.0,48.0,223.0,19.0,34.0,63.0,44.24632448945098,66.78983952610768,123.9595525725213,136.4652263853139,128.59971318930067,118.6717098971254,110.51132855942406,94.93334858119073,64.18595392098135,45.831070351844026,45.308783299658955,62.966564712203095,104.12427727643458,122.82116146641957,122.19076955720786,119.08416066649785,112.48722419812196,108.68609870409095,87.44456063863612,72.31027280500616,45.5132239453949
dflux,9.0,22.0,32.0,59.0,23.0,16.0,14.0,17.0,14.0,16.0,14.0,15.0,17.0,38.0,154.0,10.0,9.0,11.0,11.0,21.0,18.0,40.0,14.0,8.0,26.0,9.0,10.0,13.0,16.0,11.0,9.0,10.0,8.0,13.0,15.0,16.0,18.0,18.0,19.0,18.0,28.0,60.0,50.0,8.0,11.0,10.0,10.0,11.0,12.0,13.0,9.0,9.0,11.0,10.0,12.0,11.0,11.0,13.0,49.0,21.0,24.0,17.0,12.0,18.0,19.0,17.0,16.0,12.0,12.0,13.0,15.0,11.0,13.0,16.0,16.0,22.0,17.0,24.0,122.0,71.0,35.0,38.0,6.0621355946373106,8.64501757879739,19.65458680066751,12.275141736261387,8.36654647011791,13.041734803172346,12.525554373098137,10.036204463140884,15.949444404872969,9.762683518644039,9.862551591133109,6.014327608557452,9.493862899582654,11.629594363174519,9.883317082660282,8.333008467322003,9.860172249404384,17.85024579588372,12.61641197469106,22.93144064586396,8.530363247111218
mag,22.707196863200842,18.85741665175305,18.97879262861516,20.889700043360186,19.589310325998028,18.80643375514844,18.69303657420887,18.80643375514844,18.826540555786973,18.558198582108982,18.631975075880327,18.92193481076876,19.674509799928714,18.39650718919887,20.207196863200842,19.86804035820066,19.334812993247933,20.10371515030528,20.28210492164445,20.32159058960253,20.543943297944484,19.841876774005247,22.15257498915995,22.394850021680092,19.86804035820066,21.514393726401686,22.394850021680092,21.514393726401686,19.86804035820066,21.202046884880936,23.9,21.202046884880936,20.761818737241732,21.202046884880936,22.15257498915995,20.647425010840045,21.95462187404089,20.959771852360795,21.034679910804403,20.171595765414317,19.69689690656103,19.38455006504028,18.786692553033355,19.569015600442576,19.86804035820066,19.631074559755156,19.102304769059813,19.43667541247308,18.97879262861516,18.967180366000754,18.86790693823707,18.933070664334387,18.786692553033355,18.836735336838075,19.014393726401686,19.026524983387716,18.738855026932704,18.967180366000754,18.504093769761873,19.183773187068795,19.79136830878453,19.1697634932738,19.51031286081877,19.76696871556164,20.647425010840045,19.115465369040706,19.183773187068795,19.65257498915995,19.491430016092657,19.569015600442576,18.944321917401076,20.00924374808178,19.69689690656103,19.816328861051034,19.318727718234406,20.07130270739436,19.76696871556164,19.69689690656103,18.029237842379597,20.703115997617928,20.07130270739436,19.401648626366043,19.785307,19.338224,18.6668,18.562445,18.6269,18.714132,18.791483,18.956453,19.3814,19.7471,19.759544,19.402225,18.85612,18.676817,18.682404,18.710365,18.772242,18.809565,19.045668,19.252,19.754656
dmag,3.2572086142800005,0.22967496639153848,0.3735866511002151,4.003652255052501,0.47116854168830197,0.15937412179963306,0.1256223707986777,0.1693350044121101,0.1420589426788785,0.1268013085851095,0.11875239739562501,0.1661841129734694,0.37668398940653064,0.25948412440805035,5.573445851101335,0.2648137084780488,0.14584516183343285,0.36191206825333333,0.42653922329857147,0.8444614925911113,0.8883296220763638,1.0340344807238095,3.040061373328,2.17147240952,0.6885156420429269,1.08573620476,2.7143405119,1.5682856290977778,0.4237019335648781,0.9952581876966667,9.77162584284,0.9047801706333335,0.4825494243377778,1.1762142218233334,3.2572086142800005,0.8685889638080001,3.2572086142800005,1.302883445712,1.4734991350314288,0.630427473731613,0.6333461194433334,1.0178776919625,0.48907036250450453,0.16084980811259258,0.2912950793258537,0.21288945191372552,0.13081159093493977,0.1957884959403279,0.14009499416258064,0.15015500704127663,0.09487015381398059,0.10073841075092785,0.107595479750991,0.10242794384528303,0.14476482730133333,0.1341921151950562,0.10295774355482759,0.15015500704127663,0.36945190300861114,0.2961098740254546,0.5922197480509092,0.23663481385794874,0.22857604310736843,0.43429448190400005,1.031449394522,0.22509165220634147,0.225607523067013,0.2605766891424,0.22463507684689657,0.261380938182963,0.16964628199375,0.33175272923222227,0.29405355545583334,0.4039948668874419,0.2554673422964706,0.7025351913152942,0.41016701068711114,0.54286810238,0.5939902106758745,4.05722476515579,1.1176696225470588,0.6548885044584127,0.14875540893416456,0.14053347998265453,0.17215048002531436,0.09766272445105327,0.07063672372303363,0.11931979122031465,0.12305931025206986,0.1147823257776133,0.26979250409670685,0.23127757808037097,0.23633672224182553,0.10370540717513416,0.09899545949057464,0.10280534311852799,0.08781903263767656,0.0759752509225895,0.09517121675518174,0.17831772743285015,0.15664891166526582,0.34431477535230437,0.20349523532445432
