combined_norm,2023gxf,2023gxf,257.2254184000001,19.1723339,0.05,0.04971828508609756,60061.0
++++++++++++++++++++++++++++++++++++++++++++++++++++++++++++++++
t0,60073.281079977714,0.14689260597151588
x0,0.0010603472117183704,2.9942028265080925e-05
x1,-1.874097494749103,0.15070916251156063
c,-0.038142451925045784,0.02407208521769086
mu,37.258307343288166,0.08134832480530935
hostMass,10.903766196257163,0.0014884630532821094
++++++++++++++++++++++++++++++++++++++++++++++++++++++++++++++++
0.02157746621589142,-1.6748483744550206e-06,0.007544118562495006,0.0006175459254517067
-1.6748483744550206e-06,8.96525056626905e-10,-2.7639818929279264e-06,-6.182509705655482e-07
0.007544118562495006,-2.7639818929279264e-06,0.02272125905871621,0.0014120886009105675
0.0006175459254517067,-6.182509705655482e-07,0.0014120886009105675,0.0005794652867277707
++++++++++++++++++++++++++++++++++++++++++++++++++++++++++++++++
zp,23.9,23.9,23.9,23.9,23.9,23.9,23.9,23.9,23.9,23.9,23.9,23.9,23.9,23.9,23.9,23.9,23.9,23.9,23.9,23.9,23.9,23.9,23.9,23.9,23.9,23.9,23.9,23.9,23.9,23.9,23.9,23.9,23.9,23.9,23.9,23.9,23.9,23.9,23.9,23.9,23.9,23.9,23.9,23.9,23.9,23.9,23.9,23.9,23.9,23.9,23.9,23.9,23.9,23.9,23.9,23.9,23.9,23.9,23.9,23.9,23.9,23.9,23.9,23.9,23.9,23.9,23.9,23.9,23.9,23.9,23.9,23.9,23.9,23.9,23.9,23.9,23.9,23.9,23.9,23.9,23.9,23.9,23.9,23.9,23.9,23.9,23.9,23.9,23.9,23.9,23.9,23.9,23.9,23.9,23.9,23.9,23.9,23.9,23.9,23.9,23.9,23.9,23.9,23.9,23.9,23.9,23.9,23.9,23.9,23.9,23.9,23.9,23.9,23.9,23.9,23.9,23.9,23.9,23.9,23.9,23.9,23.9,23.9,23.9,23.9,23.9,23.9,23.9,23.9,23.9,23.9
filter,c,c,c,c,c,c,c,c,c,c,c,c,c,c,c,c,c,c,c,c,c,c,c,c,c,c,c,c,c,c,c,c,c,c,c,c,c,c,c,c,c,c,c,c,c,c,c,c,o,o,o,o,o,o,o,o,o,o,o,o,o,o,o,o,o,o,o,o,o,o,o,o,o,o,o,o,o,o,o,o,o,o,o,o,o,o,o,o,o,o,o,o,o,o,o,o,o,o,o,o,o,o,o,o,o,ZTF_g,ZTF_g,ZTF_g,ZTF_g,ZTF_g,ZTF_g,ZTF_g,ZTF_g,ZTF_g,ZTF_g,ZTF_g,ZTF_g,ZTF_r,ZTF_r,ZTF_r,ZTF_r,ZTF_r,ZTF_r,ZTF_r,ZTF_r,ZTF_r,ZTF_r,ZTF_r,ZTF_r,ZTF_r,ZTF_r
mjd,60051.522993,60051.526155,60055.604119,60055.608228,60055.615631,60055.626877,60056.258594,60056.270467,60057.502667,60057.504477,60059.483376,60059.485638,60059.4888,60062.202204,60062.253218,60077.460165,60077.464277,60077.468343,60077.474675,60079.44132,60079.444503,60079.450477,60079.478775,60107.451517,60107.45423,60107.459964,60107.474484,60109.458688,60109.461359,60109.485579,60110.178297,60110.180836,60110.214035,60110.220736,60111.415989,60111.420575,60111.452109,60111.47951,60113.414107,60113.420847,60113.426468,60113.456008,60115.418543,60115.421256,60115.486265,60117.412898,60117.44086,60117.443361,60042.292473,60042.295236,60043.55785,60044.211044,60044.258485,60044.283477,60050.312657,60050.318119,60067.46957,60067.475419,60067.481309,60068.227244,60068.230009,60068.25661,60069.22284,60069.249333,60069.254774,60071.461636,60071.479529,60074.310063,60074.313243,60074.351751,60079.622029,60080.341251,60080.344459,60080.349596,60080.382729,60085.439827,60085.449654,60085.469655,60085.471917,60087.528092,60087.531732,60087.537055,60087.546983,60089.562713,60089.566782,60089.585873,60089.589882,60091.423367,60091.452534,60091.454342,60091.457506,60093.413444,60093.415708,60093.420767,60093.426651,60095.460396,60095.464054,60101.462217,60101.471305,60101.506697,60103.460716,60103.463427,60103.46912,60103.490523,60105.617311,60061.43649310013,60063.45328699984,60067.44340279978,60075.4622105998,60078.357731500175,60081.32004630007,60083.35317130014,60085.37393519981,60087.44581020018,60089.41148150014,60091.40291670011,60093.436747699976,60063.46334489994,60078.41660880018,60081.39166670013,60083.4501852002,60085.40619210014,60087.38900459977,60089.38040510006,60091.38282410009,60093.41618059995,60098.3796064998,60100.2743981001,60102.4593055998,60110.3384606,60112.2972569
flux,18.0,7.0,12.0,7.0,6.0,13.0,29.0,45.0,2.0,6.0,16.0,33.0,36.0,36.0,48.0,220.0,217.0,206.0,213.0,166.0,200.0,170.0,176.0,3.0,25.0,27.0,20.0,8.0,11.0,10.0,8.0,57.0,10.0,20.0,20.0,22.0,41.0,14.0,23.0,8.0,20.0,4.0,29.0,31.0,17.0,3.0,2.0,2.0,58.0,36.0,39.0,20.0,8.0,16.0,32.0,2.0,138.0,178.0,135.0,217.0,267.0,152.0,248.0,179.0,131.0,179.0,150.0,200.0,140.0,224.0,211.0,114.0,137.0,91.0,115.0,107.0,106.0,94.0,89.0,100.0,80.0,104.0,144.0,370.0,72.0,117.0,123.0,100.0,93.0,101.0,101.0,86.0,121.0,100.0,92.0,86.0,73.0,193.0,128.0,42.0,16.0,22.0,46.0,49.0,71.0,36.18495192810502,79.42016774293248,168.81879654547743,236.29296943333893,207.79600799739382,164.39325703915765,136.40490894252721,110.17381803099059,81.99081436173998,66.12748413651266,55.16469228794248,41.943126474777145,74.33326344434015,208.62809860367983,171.14333868290308,150.10529072985088,129.23114731154993,125.35567506774902,120.34664843503117,118.27103571459575,107.31331233047618,75.64252195783811,72.06340853262475,63.769057763174146,40.730524249494394,39.00145416938597
dflux,13.0,13.0,9.0,12.0,9.0,10.0,15.0,12.0,11.0,10.0,12.0,12.0,13.0,13.0,15.0,13.0,12.0,12.0,13.0,13.0,12.0,10.0,11.0,10.0,10.0,10.0,12.0,16.0,24.0,52.0,10.0,10.0,11.0,12.0,10.0,10.0,10.0,10.0,9.0,11.0,12.0,11.0,9.0,10.0,10.0,10.0,13.0,11.0,33.0,36.0,22.0,41.0,35.0,28.0,15.0,14.0,20.0,21.0,21.0,34.0,34.0,33.0,36.0,38.0,34.0,49.0,50.0,26.0,25.0,24.0,52.0,15.0,20.0,21.0,20.0,12.0,13.0,10.0,13.0,15.0,12.0,13.0,12.0,101.0,46.0,62.0,46.0,14.0,11.0,12.0,14.0,14.0,15.0,17.0,14.0,17.0,16.0,180.0,36.0,73.0,15.0,16.0,13.0,14.0,39.0,5.2987678550307855,6.598504294546861,13.188915359261149,12.986179921607311,10.383194721300976,10.470924705242137,8.789533051177822,6.76670070749471,6.330704297703401,6.651873482036009,5.151876503656951,5.9527278242889405,8.34075358919114,11.048442397019597,10.263908062441256,9.020872714708792,10.02654562469584,9.728107160236112,9.321117981831318,7.772209397220891,8.682738070364492,11.300954183408933,10.805806296261514,12.30694613261997,5.785051410692772,7.123949081609665
mag,20.761818737241732,21.787254899964356,21.202046884880936,21.787254899964356,21.95462187404089,21.115141619232908,20.24400500525261,19.76696871556164,23.147425010840045,21.95462187404089,20.889700043360186,20.10371515030528,20.00924374808178,20.00924374808178,19.69689690656103,18.043943297944484,18.058850665378674,18.115331949077117,18.079050991403154,18.34972977989986,18.147425010840045,18.323877696554312,18.286218330464624,22.707196863200842,20.405149978319905,20.32159058960253,20.647425010840045,21.64227503252014,21.296518287104437,21.4,21.64227503252014,19.51031286081877,21.4,20.647425010840045,20.647425010840045,20.543943297944484,19.86804035820066,21.034679910804403,20.495680409956016,21.64227503252014,20.647425010840045,22.394850021680092,20.24400500525261,20.171595765414317,20.823877696554312,22.707196863200842,23.147425010840045,23.147425010840045,19.491430016092657,20.00924374808178,19.92233848243375,20.647425010840045,21.64227503252014,20.889700043360186,20.137125054200233,23.147425010840045,18.550302283996906,18.273949994227763,18.574165578762482,18.058850665378674,17.83372184658856,18.44539103013807,17.913870797934457,18.267867422550268,18.606821760860587,18.267867422550268,18.459771852360795,18.147425010840045,18.534679910804403,18.02437995416459,18.089293861755767,18.75773787165882,18.558198582108982,19.002396519197266,18.74825539911597,18.826540555786973,18.836735336838075,18.967180366000754,19.026524983387716,18.9,19.14227503252014,18.85741665175305,18.504093769761873,17.47949568983251,19.256668758921826,18.729535345634595,18.675237221401503,18.9,18.97879262861516,18.889196565543394,18.889196565543394,19.06375387189108,18.69303657420887,18.9,18.99053043163611,19.06375387189108,19.241692849698858,18.186106727480563,18.631975075880327,19.841876774005247,20.889700043360186,20.543943297944484,19.743105420796063,19.674509799928714,19.27185412820231,20.00368,19.150173,18.331448,17.966373,18.105907,18.36029,18.562925,18.794804,19.115587,19.349045,19.545847,19.843348,19.222042,18.101568,18.3166,18.45901,18.621582,18.65464,18.698915,18.717804,18.823366,19.203085,19.255713,19.388475,19.8752,19.922298
dmag,0.7841428145488889,2.016367237411429,0.8143021535700001,1.8612620653028573,1.6286043071400003,0.8351816959692309,0.5615876921172415,0.28952965460266666,5.97154912618,1.809560341266667,0.8143021535700001,0.3948131653672728,0.39207140727444445,0.39207140727444445,0.3392925639875,0.06415713937218183,0.06004071178396314,0.0632467692093204,0.06626558996187794,0.08502753410771086,0.0651441722856,0.06386683557411765,0.0678585127975,3.619120682533334,0.43429448190400005,0.4021245202814815,0.651441722856,2.17147240952,2.3688789922036366,5.645828264752001,1.35717025595,0.19048003592280702,1.1943098252360003,0.651441722856,0.54286810238,0.49351645670909094,0.2648137084780488,0.7755258605428572,0.4248532975147827,1.492887281545,0.651441722856,2.98577456309,0.33695261527034487,0.3502374854064516,0.6386683557411765,3.619120682533334,7.057285330940001,5.97154912618,0.6177464613289656,1.08573620476,0.6124665770441026,2.225759219758,4.750095895825001,1.9000383583300002,0.50893884598125,7.600153433320001,0.1573530731536232,0.12809247359528092,0.16889229851822224,0.17011535005456221,0.13825854292823972,0.23571904445447373,0.15760686843290325,0.2304914848093855,0.2817941294796947,0.29721270409631284,0.36191206825333333,0.14114570661880002,0.1938814651357143,0.11632887908142858,0.267574799277346,0.14286002694210526,0.15850163573138687,0.2505545087907693,0.18882368778434783,0.1217648080104673,0.13315632699886792,0.11550385157021278,0.15859068159415732,0.162860430714,0.162860430714,0.135717025595,0.09047801706333333,0.29637663967772976,0.6936647974855555,0.5753473905565812,0.40604768633300814,0.15200306866640004,0.12842041131569895,0.12899836096158415,0.15049808778851487,0.17674775426325584,0.13459539728429754,0.18457515480920003,0.16522072681130437,0.2146222730339535,0.23796957912547947,1.012603714283938,0.30536330758875,1.8871129273209526,1.0178776919625,0.7896263307345456,0.3068384926495652,0.3102103442171429,0.5963903096569015,0.15899051385382607,0.09020674739750105,0.08482279935698718,0.05966984856227005,0.05425229550189809,0.06915528200216485,0.06996166289454643,0.0666841911826595,0.08383225500506476,0.10921600849081291,0.10139780737425275,0.1540918061937839,0.12182780261689512,0.05749797844554555,0.0651144045189402,0.0652494529491172,0.08423807897616105,0.08425751879159021,0.08409270547469488,0.07134941435620842,0.08784709813458498,0.16220843498713694,0.16280460994518778,0.20953888068788457,0.15420964691032732,0.1983190012653864
