combined_norm,2019bus,2019bus,217.35710865900003,16.682060044299995,0.09,0.09072339292433691,58557.0
++++++++++++++++++++++++++++++++++++++++++++++++++++++++++++++++
t0,58567.43617515451,0.3998058404868061
x0,0.0007293842783795333,3.420443119807574e-05
x1,1.18746405866904,0.2979474987898689
c,-0.10568517281885896,0.035390945222131855
mu,38.3342328209403,0.12567156273402288
hostMass,10.207821604206956,0.006366993271959183
++++++++++++++++++++++++++++++++++++++++++++++++++++++++++++++++
0.159846116167349,-8.26900312600169e-06,-0.0022689183793730893,0.00697231118818579
-8.26900312600169e-06,1.169943113583897e-09,-4.9828275111185545e-06,-1.0759079618760052e-06
-0.0022689183793730893,-4.9828275111185545e-06,0.08888429141910979,0.002693972170376122
0.00697231118818579,-1.0759079618760052e-06,0.002693972170376122,0.0012525190037159376
++++++++++++++++++++++++++++++++++++++++++++++++++++++++++++++++
zp,23.9,23.9,23.9,23.9,23.9,23.9,23.9,23.9,23.9,23.9,23.9,23.9,23.9,23.9,23.9,23.9,23.9,23.9,23.9,23.9,23.9,23.9,23.9,23.9,23.9,23.9,23.9,23.9,23.9,23.9,23.9,23.9,23.9,23.9,23.9,23.9,23.9,23.9,23.9,23.9,23.9,23.9,23.9,23.9,23.9,23.9,23.9,23.9,23.9,23.9,23.9,23.9,23.9,23.9,23.9,23.9,23.9,23.9,23.9,23.9,23.9,23.9,23.9,23.9,23.9,23.9,23.9,23.9,23.9,23.9,23.9,23.9,23.9,23.9,23.9,23.9,23.9,23.9,23.9,23.9,23.9,23.9,23.9,23.9,23.9,23.9,23.9,23.9,23.9,23.9,23.9,23.9,23.9,23.9,23.9,23.9,23.9,23.9,23.9,23.9,23.9,23.9,23.9,23.9,23.9,23.9,23.9,23.9,23.9,23.9,23.9,23.9,23.9,23.9,23.9,23.9,23.9,23.9,23.9,23.9,23.9,23.9,23.9,23.9,23.9,23.9,23.9,23.9,23.9,23.9,23.9,23.9,23.9,23.9,23.9,23.9,23.9,23.9,23.9,23.9,23.9,23.9,23.9
filter,c,c,c,c,c,c,c,c,c,c,c,c,c,c,c,c,c,c,c,c,c,c,c,c,c,c,c,c,c,o,o,o,o,o,o,o,o,o,o,o,o,o,o,o,o,o,o,o,o,o,o,o,o,o,o,o,o,o,o,o,o,o,o,o,o,o,o,o,o,o,o,o,o,o,o,o,o,o,o,o,o,o,o,o,o,o,o,o,o,o,o,o,o,o,o,o,o,o,o,o,o,o,o,o,o,o,o,o,o,o,o,o,o,o,o,o,o,o,o,o,o,o,o,o,o,ZTF_g,ZTF_g,ZTF_g,ZTF_g,ZTF_g,ZTF_g,ZTF_g,ZTF_r,ZTF_r,ZTF_r,ZTF_r,ZTF_r,ZTF_r,ZTF_r,ZTF_r,ZTF_r,ZTF_r,ZTF_r
mjd,58575.510545,58575.513948,58575.525005,58575.527285,58575.537148,58579.498142,58579.512151,58579.521392,58579.53092,58583.465993,58583.482061,58583.482519,58583.48772,58583.488177,58583.488634,58583.501031,58583.501488,58603.465326,58603.479605,58603.480062,58603.486945,58607.471116,58607.474827,58607.489225,58607.499856,58611.426678,58611.42927,58611.450015,58611.456831,58537.577401,58537.584745,58537.604338,58541.570923,58541.601913,58545.5563,58549.574875,58549.597088,58557.505151,58557.506532,58557.517737,58557.528823,58561.544799,58561.550683,58561.560509,58561.573064,58565.519367,58565.523008,58565.535862,58565.547096,58567.529788,58567.544132,58567.551357,58569.506646,58569.520613,58569.530364,58569.541157,58571.494897,58571.497065,58571.511242,58571.512183,58571.520632,58571.530648,58571.532395,58573.505175,58573.510331,58573.521107,58573.531843,58577.482966,58577.500369,58577.507156,58577.508871,58577.518738,58581.493486,58581.495497,58581.497432,58581.49872,58581.501869,58581.511453,58581.511949,58581.520351,58581.522254,58585.477268,58587.480439,58589.448486,58589.456666,58589.459517,58589.471596,58595.457146,58595.46057,58595.472813,58595.484405,58597.449297,58597.463729,58597.472572,58597.482174,58599.466996,58599.47129,58599.481947,58605.451268,58605.45494,58605.46708,58605.478697,58609.431731,58609.447774,58609.457166,58609.467933,58613.413434,58613.417064,58613.417213,58613.422465,58613.428826,58613.444919,58613.445541,58613.445998,58613.455163,58613.47043,58613.474638,58613.490407,58615.397602,58615.400422,58615.418963,58615.432727,58617.419828,58617.430207,58617.438951,58572.37846060004,58575.352916699834,58580.4001042,58584.287488400005,58587.37543979986,58597.2911111,58606.39905089978,58567.377175900154,58572.36283560004,58575.415705999825,58580.39462959999,58584.33377309982,58587.39405089989,58591.37386569986,58597.360625000205,58602.31482640002,58606.30252309982,58612.23026619991
flux,150.0,124.0,149.0,119.0,136.0,99.0,104.0,128.0,124.0,78.0,86.0,77.0,92.0,86.0,103.0,53.0,80.0,52.0,28.0,29.0,30.0,28.0,15.0,42.0,26.0,47.0,36.0,30.0,33.0,145.0,63.0,294.0,6.0,9.0,6.0,12.0,27.0,68.0,94.0,63.0,70.0,129.0,84.0,119.0,94.0,158.0,73.0,111.0,104.0,150.0,178.0,121.0,141.0,120.0,107.0,107.0,33.0,138.0,107.0,93.0,109.0,130.0,126.0,181.0,118.0,125.0,91.0,115.0,105.0,103.0,97.0,106.0,94.0,80.0,93.0,79.0,64.0,84.0,108.0,52.0,102.0,89.0,69.0,83.0,77.0,88.0,76.0,63.0,61.0,52.0,66.0,66.0,23.0,60.0,62.0,58.0,43.0,38.0,54.0,43.0,45.0,35.0,18.0,63.0,28.0,49.0,48.0,44.0,20.0,34.0,36.0,18.0,29.0,5.0,22.0,27.0,3.0,16.0,7.0,45.0,43.0,19.0,40.0,37.0,32.0,149.32757072124573,127.50957552571712,98.79368843534711,73.16658750848823,64.68053448139462,28.637453696940295,17.414860502581003,149.42552830889662,139.4353207356745,123.93386676647222,110.13769926700733,81.21996537325062,83.18304229717756,78.98728750210614,65.3043934404,51.344555684860325,40.695276162863756,31.149508612644734
dflux,9.0,10.0,10.0,17.0,10.0,9.0,10.0,8.0,10.0,10.0,11.0,11.0,10.0,10.0,11.0,11.0,12.0,12.0,15.0,14.0,12.0,11.0,10.0,10.0,13.0,10.0,9.0,10.0,9.0,111.0,60.0,172.0,12.0,10.0,11.0,13.0,10.0,13.0,12.0,11.0,10.0,22.0,25.0,22.0,22.0,23.0,26.0,27.0,31.0,21.0,23.0,18.0,13.0,14.0,13.0,14.0,199.0,14.0,12.0,21.0,13.0,14.0,16.0,28.0,21.0,19.0,14.0,13.0,14.0,13.0,11.0,11.0,13.0,14.0,23.0,11.0,13.0,14.0,23.0,13.0,13.0,51.0,12.0,21.0,22.0,26.0,22.0,18.0,17.0,16.0,17.0,15.0,14.0,14.0,15.0,11.0,11.0,11.0,10.0,11.0,11.0,11.0,11.0,19.0,12.0,14.0,14.0,14.0,9.0,13.0,11.0,17.0,11.0,12.0,13.0,10.0,10.0,12.0,8.0,12.0,11.0,12.0,28.0,24.0,25.0,12.261399026293281,16.87250910726297,10.511239940305991,8.535918655693548,8.824412386908135,5.202801695482045,5.316132066749224,12.238379298701092,18.294864010842325,10.862315447543828,8.492036755150506,8.089354078415694,13.291607775892379,14.880697657288549,10.530599731700773,8.16793794551309,6.050565963228965,5.71226401849226
mag,18.459771852360795,18.66644578709441,18.467034328969312,18.711132596518674,18.566152729074453,18.910912013506124,18.85741665175305,18.631975075880327,18.66644578709441,19.1697634932738,19.06375387189108,19.183773187068795,18.99053043163611,19.06375387189108,18.86790693823707,19.589310325998028,19.14227503252014,19.609991640913,20.28210492164445,20.24400500525261,20.207196863200842,20.28210492164445,20.959771852360795,19.841876774005247,20.362566630072955,19.719755355160704,20.00924374808178,20.207196863200842,20.10371515030528,18.496579994412564,19.401648626366043,17.729131673969604,21.95462187404089,21.514393726401686,21.95462187404089,21.202046884880936,20.32159058960253,19.318727718234406,18.967180366000754,19.401648626366043,19.287254899964356,18.623525724251877,19.089301784845293,18.711132596518674,18.967180366000754,18.403357282613943,19.241692849698858,18.786692553033355,18.85741665175305,18.459771852360795,18.273949994227763,18.69303657420887,18.52695221836155,18.702046884880936,18.826540555786973,18.826540555786973,20.10371515030528,18.550302283996906,18.826540555786973,18.97879262861516,18.80643375514844,18.615141619232908,18.64907363720609,18.255803562827037,18.720294981734686,18.657724967479858,19.002396519197266,18.74825539911597,18.847026752325153,18.86790693823707,18.933070664334387,18.836735336838075,18.967180366000754,19.14227503252014,18.97879262861516,19.155932271773896,19.38455006504028,19.089301784845293,18.816440611282623,19.609991640913,18.878499570595203,19.026524983387716,19.30287727315686,19.102304769059813,19.183773187068795,19.038793319624578,19.197966019298022,19.401648626366043,19.43667541247308,19.609991640913,19.351140161145327,19.351140161145327,20.495680409956016,19.45462187404089,19.419020776254364,19.491430016092657,19.816328861051034,19.950541008457975,19.569015600442576,19.816328861051034,19.76696871556164,20.03982988912431,20.761818737241732,19.401648626366043,20.28210492164445,19.674509799928714,19.69689690656103,19.79136830878453,20.647425010840045,20.07130270739436,20.00924374808178,20.761818737241732,20.24400500525261,22.15257498915995,20.543943297944484,20.32159058960253,22.707196863200842,20.889700043360186,21.787254899964356,19.76696871556164,19.816328861051034,20.703115997617928,19.894850021680092,19.97949568983251,20.137125054200233,18.46465,18.636143,18.913177,19.239218,19.373066,20.257664,20.7977,18.463938,18.539068,18.667025,18.79516,19.125843,19.099913,19.156107,19.362644,19.623764,19.87614,20.166372
dmag,0.0651441722856,0.0875593713516129,0.07286820166174497,0.15510517210857144,0.07983354446764707,0.0987032913418182,0.10439771199615386,0.0678585127975,0.0875593713516129,0.13919694932820512,0.13887323549255814,0.15510517210857144,0.1180148048652174,0.1262483959023256,0.11595241021708738,0.22534147645962269,0.162860430714,0.2505545087907693,0.5816443954071429,0.5241485126427587,0.43429448190400005,0.42653922329857147,0.7238241365066667,0.2585086201809524,0.54286810238,0.23100770314042557,0.27143405119,0.36191206825333333,0.2961098740254546,0.8311497843335173,1.0340344807238095,0.635192609587483,2.17147240952,1.2063735608444446,1.9905163753933335,1.1762142218233334,0.4021245202814815,0.20756721561588234,0.13860462188425532,0.18957298813269843,0.15510517210857144,0.18516431399007754,0.3231357752261905,0.20072434037579834,0.25410847345446813,0.15805020702202532,0.38670056607890413,0.2640979957524325,0.32363290718807697,0.15200306866640004,0.1402917567948315,0.16151447674115704,0.10010333802751774,0.1266692238886667,0.1319118753446729,0.1420589426788785,6.54731832567394,0.11014715120753625,0.1217648080104673,0.24516623978451615,0.12949147396220184,0.11692543743569232,0.13787126409650793,0.1679591918965746,0.1932242398301695,0.16503190312352,0.16703633919384617,0.1227353970598261,0.14476482730133333,0.13703466662019417,0.12312472425113404,0.11267073822981134,0.15015500704127663,0.190003835833,0.2685154054782796,0.15117845889063292,0.22054016659187503,0.18095603412666666,0.23122159916185187,0.27143405119,0.13837814374392157,0.6221634431770786,0.18882368778434783,0.2747043409633735,0.3102103442171429,0.32078569686090913,0.3142920592726316,0.3102103442171429,0.30258222099868853,0.33407267838769233,0.2796593254684849,0.24675822835454547,0.6608829072452175,0.2533384477773334,0.26267811405483876,0.20591548710965518,0.2777464709851163,0.3142920592726316,0.20106226014074075,0.2777464709851163,0.2654021833857778,0.34123137863885716,0.6635054584644445,0.32744425222920637,0.46531551632571433,0.3102103442171429,0.3166730597216667,0.3454615196963637,0.4885812921420001,0.4151344312317647,0.33175272923222227,1.0254175267177779,0.41183097421931036,2.605766891424,0.6415713937218183,0.4021245202814815,3.619120682533334,0.8143021535700001,1.2408413768685715,0.28952965460266666,0.2777464709851163,0.6857281293221053,0.760015343332,0.7042613220064866,0.8482314099687501,0.08915061551966677,0.14366837884425002,0.1155178426967844,0.12666650503958,0.14812778049870237,0.19725462419779,0.33143630712975275,0.08892490889988003,0.1424559868541989,0.09516050339286822,0.08371440313881241,0.10813726102561833,0.17348703994498593,0.20454572766756537,0.17507939028601813,0.17271988874745484,0.16142705357928117,0.19910464505713804
