combined_norm,2022tra,2022tra,98.33093459999996,41.28534355000001,0.059,0.05875935771738858,59824.0
++++++++++++++++++++++++++++++++++++++++++++++++++++++++++++++++
t0,59835.73531772609,0.22532905261323322
x0,0.000852362918683998,4.310579006779667e-05
x1,-0.15249091632958123,0.2028857542581025
c,0.05683487072318311,0.03639930856058317
mu,37.47573960543385,0.12547584967292813
hostMass,10.277173355975497,0.004293750362099896
++++++++++++++++++++++++++++++++++++++++++++++++++++++++++++++++
0.05077333190222042,-2.6268068365933913e-06,0.003271867955962809,0.0012768951559749744
-2.6268068365933913e-06,1.858109137368958e-09,-5.20717521940257e-06,-1.4844879353442644e-06
0.003271867955962809,-5.20717521940257e-06,0.04118526170411167,0.0033784197091535745
0.0012768951559749744,-1.4844879353442644e-06,0.0033784197091535745,0.0013249096636885431
++++++++++++++++++++++++++++++++++++++++++++++++++++++++++++++++
zp,23.9,23.9,23.9,23.9,23.9,23.9,23.9,23.9,23.9,23.9,23.9,23.9,23.9,23.9,23.9,23.9,23.9,23.9,23.9,23.9,23.9,23.9,23.9,23.9,23.9,23.9,23.9,23.9,23.9,23.9,23.9,23.9,23.9,23.9,23.9,23.9,23.9,23.9,23.9,23.9,23.9,23.9,23.9,23.9,23.9,23.9,23.9,23.9,23.9,23.9,23.9,23.9,23.9,23.9,23.9,23.9,23.9,23.9,23.9,23.9,23.9,23.9,23.9,23.9,23.9,23.9,23.9,23.9,23.9,23.9,23.9,23.9,23.9,23.9,23.9,23.9,23.9,23.9,23.9,23.9,23.9,23.9,23.9,23.9,23.9,23.9,23.9,23.9,23.9,23.9,23.9,23.9,23.9,23.9,23.9,23.9,23.9,23.9,23.9,23.9,23.9,23.9,23.9,23.9,23.9,23.9,23.9,23.9,23.9,23.9,23.9,23.9,23.9,23.9,23.9,23.9,23.9,23.9,23.9,23.9,23.9,23.9,23.9,23.9,23.9,23.9,23.9,23.9,23.9,23.9,23.9,23.9,23.9,23.9,23.9
filter,c,c,c,c,c,c,c,c,c,c,c,c,c,c,c,c,c,c,c,c,c,c,c,c,c,c,o,o,o,o,o,o,o,o,o,o,o,o,o,o,o,o,o,o,o,o,o,o,o,o,o,o,o,o,o,o,o,o,o,o,o,o,o,o,o,o,o,o,o,o,o,o,o,o,o,o,o,o,o,o,o,o,o,o,o,o,o,o,o,o,o,o,o,o,o,o,o,o,o,o,o,o,o,o,o,o,o,o,o,o,o,o,o,ZTF_g,ZTF_g,ZTF_g,ZTF_g,ZTF_g,ZTF_g,ZTF_g,ZTF_r,ZTF_r,ZTF_r,ZTF_r,ZTF_r,ZTF_r,ZTF_r,ZTF_r,ZTF_r,ZTF_r,ZTF_r,ZTF_r,ZTF_r,ZTF_r,ZTF_r
mjd,59823.584352,59823.588011,59823.608411,59823.622453,59845.469773,59845.475201,59845.486185,59845.487108,59845.50443,59845.514222,59845.527866,59849.603661,59849.623081,59849.636373,59849.639648,59853.499457,59853.502687,59853.508238,59853.527603,59875.495968,59875.497776,59875.521438,59875.542221,59883.513573,59883.536306,59883.541754,59805.617221,59829.549887,59829.553542,59829.561144,59829.572558,59836.50645,59836.509252,59836.514803,59836.537896,59837.54315,59837.558929,59837.559392,59837.561706,59837.562169,59837.569673,59837.570136,59837.583185,59839.554739,59839.566159,59839.571599,59839.576232,59841.578303,59841.581071,59841.595842,59841.61776,59847.570462,59847.573658,59847.580047,59847.586037,59847.5897,59847.592912,59847.601524,59851.613884,59851.621299,59851.628279,59851.631458,59859.595744,59859.613209,59859.618327,59859.625177,59861.540219,59861.545506,59861.568828,59861.571601,59861.575109,59861.577149,59862.451828,59862.470894,59863.518656,59863.521428,59863.526969,59863.538779,59863.567565,59863.570746,59863.576179,59863.586186,59864.545077,59864.558387,59864.561621,59864.565961,59869.515911,59869.51776,59869.522424,59869.531166,59869.591114,59869.593826,59869.597004,59869.602137,59871.572807,59871.574625,59871.578245,59871.589961,59873.541713,59873.544023,59873.551011,59873.567482,59877.527501,59877.529349,59877.532117,59877.537197,59881.47907,59881.480916,59881.483688,59881.49339,59883.474719,59883.477501,59883.528172,59824.425486099906,59842.46776620019,59844.46266200021,59850.47862270009,59853.48556709988,59855.47648150008,59874.45524309995,59829.46467590006,59842.49186340021,59844.5022454001,59847.45032409998,59850.4925694,59853.45523149986,59855.4914119998,59861.49533559987,59863.477245400194,59865.49447919987,59870.444513900205,59872.45434030006,59874.48756940011,59878.47313660011,59880.46853009984
flux,58.0,56.0,56.0,39.0,168.0,168.0,263.0,108.0,278.0,115.0,134.0,112.0,108.0,116.0,104.0,64.0,90.0,94.0,86.0,23.0,20.0,35.0,43.0,32.0,19.0,28.0,20.0,168.0,164.0,122.0,138.0,169.0,199.0,191.0,180.0,164.0,201.0,196.0,136.0,186.0,193.0,174.0,142.0,174.0,177.0,134.0,159.0,150.0,162.0,135.0,137.0,122.0,93.0,116.0,105.0,112.0,101.0,28.0,96.0,87.0,91.0,74.0,96.0,81.0,72.0,95.0,140.0,559.0,130.0,38.0,96.0,76.0,168.0,76.0,63.0,77.0,72.0,90.0,339.0,78.0,113.0,63.0,61.0,91.0,68.0,58.0,76.0,52.0,74.0,42.0,60.0,46.0,45.0,56.0,48.0,78.0,60.0,45.0,52.0,53.0,45.0,16.0,32.0,28.0,20.0,34.0,44.0,23.0,40.0,37.0,24.0,23.0,32.0,65.90931530177868,152.9449704816028,141.37128319216936,82.71662384817789,61.18165207957283,50.95185500541961,13.289847577272859,157.21717924629354,180.93825600433442,160.08697563421939,127.40838185327858,103.32789927905353,102.77824557401786,97.79485340130296,96.49606418481295,91.46353867730079,77.82852503362398,53.87444385783871,48.090356880186455,45.0737820113319,44.46394579551726,36.909656206830626
dflux,14.0,12.0,11.0,12.0,21.0,37.0,96.0,100.0,115.0,18.0,29.0,9.0,8.0,12.0,18.0,12.0,11.0,10.0,9.0,10.0,12.0,11.0,12.0,10.0,10.0,10.0,39.0,38.0,30.0,24.0,19.0,30.0,24.0,25.0,22.0,19.0,17.0,20.0,18.0,20.0,18.0,19.0,18.0,21.0,22.0,17.0,17.0,12.0,14.0,14.0,13.0,14.0,12.0,16.0,15.0,18.0,16.0,23.0,11.0,13.0,13.0,13.0,41.0,16.0,14.0,21.0,80.0,117.0,38.0,28.0,61.0,60.0,58.0,42.0,20.0,42.0,24.0,20.0,118.0,26.0,23.0,23.0,19.0,19.0,18.0,19.0,14.0,16.0,13.0,15.0,17.0,15.0,16.0,15.0,14.0,11.0,18.0,13.0,12.0,18.0,29.0,31.0,10.0,11.0,10.0,12.0,12.0,11.0,13.0,13.0,14.0,14.0,13.0,10.661880241918333,12.891995630027528,13.47712811508762,8.667181769389076,6.684674086872803,6.762679869201047,4.308471999150142,9.166994356949706,9.630224173173271,8.003578924739434,8.45706077866426,6.019783449399461,6.1457470289307015,5.820499860395814,14.96102786758604,11.805495665324383,9.199029488317608,7.234789030163728,4.375858771902584,7.081261493097073,7.3823985544790895,5.689192711028982
mag,19.491430016092657,19.529529932484497,19.529529932484497,19.92233848243375,18.33672679568534,18.33672679568534,17.850110628775603,18.816440611282623,17.78988801020481,18.74825539911597,18.58223800408798,18.776954943324544,18.816440611282623,18.738855026932704,18.85741665175305,19.38455006504028,19.014393726401686,18.967180366000754,19.06375387189108,20.495680409956016,20.647425010840045,20.03982988912431,19.816328861051034,20.137125054200233,20.703115997617928,20.28210492164445,20.647425010840045,18.33672679568534,18.362890379880753,18.684100423313126,18.550302283996906,18.330283238465814,18.152867308975733,18.19741658188068,18.261818737241732,18.362890379880753,18.142009856448777,18.169359821608808,18.566152729074453,18.226217639455207,18.186106727480563,18.2986268792935,18.519279139042357,18.2986268792935,18.280066834095482,18.58223800408798,18.39650718919887,18.459771852360795,18.37621246364342,18.574165578762482,18.558198582108982,18.684100423313126,18.97879262861516,18.738855026932704,18.847026752325153,18.776954943324544,18.889196565543394,20.28210492164445,18.944321917401076,19.051201868453454,19.002396519197266,19.226920700672558,18.944321917401076,19.128787452803373,19.256668758921826,18.955690986777878,18.534679910804403,17.031470480283943,18.615141619232908,19.950541008457975,18.944321917401076,19.197966019298022,18.33672679568534,19.197966019298022,19.401648626366043,19.183773187068795,19.256668758921826,19.014393726401686,17.57450075449229,19.1697634932738,18.767303891291448,19.401648626366043,19.43667541247308,19.002396519197266,19.318727718234406,19.491430016092657,19.197966019298022,19.609991640913,19.226920700672558,19.841876774005247,19.45462187404089,19.743105420796063,19.76696871556164,19.529529932484497,19.69689690656103,19.1697634932738,19.45462187404089,19.76696871556164,19.609991640913,19.589310325998028,19.76696871556164,20.889700043360186,20.137125054200233,20.28210492164445,20.647425010840045,20.07130270739436,19.79136830878453,20.495680409956016,19.894850021680092,19.97949568983251,20.449471895720983,20.495680409956016,20.137125054200233,19.352633,18.438662,18.524097,19.106018,19.433447,19.6321,21.0912,18.40875,18.256174,18.38911,18.637005,18.864456,18.870247,18.92421,18.938726,18.99688,19.172153,19.571543,19.694855,19.76519,19.77998,19.98215
dmag,0.2620742563213794,0.23265775816285716,0.21326961164928573,0.33407267838769233,0.135717025595,0.23912047366738096,0.3963143561101141,1.0053113007037038,0.44913548038633094,0.16994131900591308,0.2349727607316418,0.08724665931107144,0.08042490405629629,0.11231753842344828,0.18791588159307693,0.20357553839250003,0.1327010916928889,0.11550385157021278,0.11362355631209305,0.4720592194608696,0.651441722856,0.34123137863885716,0.3029961501655814,0.3392925639875,0.571440107768421,0.3877629302714286,2.117185599282,0.24558318917190478,0.1986102813585366,0.21358745011672134,0.14948541949594205,0.19273423753136096,0.13094305987055277,0.14211206868586387,0.1327010916928889,0.12578651152707318,0.09182843522845772,0.1107894086489796,0.14370038004176472,0.11674582846881722,0.1012603714283938,0.11855740166919541,0.1376285329977465,0.1310371281606897,0.13495026273853108,0.13774265284268658,0.1160850030246541,0.08685889638080001,0.09382905473234568,0.11259486567881483,0.10302606322540146,0.12459267923475412,0.14009499416258064,0.14975671789793105,0.15510517210857144,0.17449331862214287,0.17199781461544555,0.8918547396242857,0.12440727346208334,0.1622364443894253,0.15510517210857144,0.19073744137675677,0.4636998374495834,0.21446641081679013,0.2111153731477778,0.24000484526273685,0.6204206884342858,0.2272471126241861,0.3173690444683077,0.8000161508757895,0.6898948801079167,0.8571601616526316,0.37483749926238097,0.6000121131568422,0.34467816024126985,0.5922197480509092,0.36191206825333333,0.2412747121688889,0.37792587658312693,0.36191206825333333,0.22099055495115047,0.39637988427746035,0.33818012935147546,0.22669217462021982,0.28740076008352944,0.35567220500758623,0.20000403771894737,0.33407267838769233,0.19073744137675677,0.3877629302714286,0.30762525801533336,0.3540444145956522,0.3860395394702223,0.29082219770357143,0.3166730597216667,0.15311664426102564,0.325720861428,0.31365712581955557,0.2505545087907693,0.3687405978430189,0.6996966652897779,2.1036138967225,0.3392925639875,0.42653922329857147,0.54286810238,0.3832010134447059,0.2961098740254546,0.5192651414069566,0.35286426654700004,0.38147488275351354,0.6333461194433334,0.6608829072452175,0.44108033318375006,0.17563510311802077,0.09151857928412416,0.10350479673335833,0.11376519739893676,0.11862694821805916,0.14410636029664078,0.3519877868781341,0.06330693445770848,0.05778702235595044,0.0542815889413694,0.07206854792195372,0.06325394091461008,0.06492288341116713,0.06462024542641284,0.16833566999324295,0.1401394943202759,0.1283298040121707,0.14580331269083416,0.09879378328191865,0.17057326089245026,0.18026599405790752,0.16735356372887952
