combined_norm,2021gyh,2021gyh,195.9661099340001,-3.4517535774999986,0.08,0.08109207810033277,59293.0
++++++++++++++++++++++++++++++++++++++++++++++++++++++++++++++++
t0,59304.39745489552,0.5376224142128194
x0,0.0003963391700698107,2.2568930669465546e-05
x1,-0.11990875759839092,0.6347323763050478
c,0.021622387851128237,0.05032098220965902
mu,38.417051755200916,0.18905158984075504
hostMass,11.274575245173425,0.001878344432425966
++++++++++++++++++++++++++++++++++++++++++++++++++++++++++++++++
0.2890428080135233,-8.354795228739587e-06,0.22673512931282203,0.012651341981784291
-8.354795228739587e-06,5.093566315631426e-10,-9.131109878945684e-06,-9.650700279808283e-07
0.22673512931282203,-9.131109878945684e-06,0.4050694725331792,0.010568998885422256
0.012651341981784291,-9.650700279808283e-07,0.010568998885422256,0.0025322012505448192
++++++++++++++++++++++++++++++++++++++++++++++++++++++++++++++++
zp,23.9,23.9,23.9,23.9,23.9,23.9,23.9,23.9,23.9,23.9,23.9,23.9,23.9,23.9,23.9,23.9,23.9,23.9,23.9,23.9,23.9,23.9,23.9,23.9,23.9,23.9,23.9,23.9,23.9,23.9,23.9,23.9,23.9,23.9,23.9,23.9,23.9,23.9,23.9,23.9,23.9,23.9,23.9,23.9,23.9,23.9,23.9,23.9,23.9,23.9,23.9,23.9,23.9,23.9,23.9,23.9,23.9,23.9,23.9,23.9,23.9,23.9,23.9,23.9,23.9,23.9,23.9,23.9,23.9,23.9,23.9,23.9,23.9,23.9,23.9,23.9,23.9,23.9,23.9,23.9,23.9,23.9,23.9,23.9,23.9,23.9,23.9,23.9,23.9,23.9,23.9,23.9,23.9,23.9,23.9,23.9,23.9,23.9,23.9,23.9,23.9,23.9,23.9,23.9,23.9,23.9,23.9,23.9,23.9
filter,c,c,c,c,c,c,c,c,c,c,c,c,c,c,c,c,c,c,c,c,c,c,c,c,c,c,o,o,o,o,o,o,o,o,o,o,o,o,o,o,o,o,o,o,o,o,o,o,o,o,o,o,o,o,o,o,o,o,o,o,o,o,o,o,o,o,o,o,o,o,o,o,o,o,o,o,o,o,o,o,o,o,o,o,o,o,o,o,o,o,o,o,o,o,o,ZTF_g,ZTF_g,ZTF_g,ZTF_g,ZTF_g,ZTF_g,ZTF_r,ZTF_r,ZTF_r,ZTF_r,ZTF_r,ZTF_r,ZTF_r,ZTF_r
mjd,59308.380956,59308.383726,59308.386493,59308.38926,59308.398023,59308.400323,59308.403089,59308.437492,59308.473571,59312.395847,59312.398149,59312.400914,59312.430019,59338.466107,59338.470245,59338.493819,59342.377731,59342.399627,59342.402866,59342.409297,59346.365634,59346.368834,59346.375901,59346.410171,59350.414877,59350.446655,59278.604822,59278.608022,59278.63096,59280.460856,59280.466404,59284.584581,59288.515786,59288.519145,59288.582766,59292.439199,59292.448452,59292.479584,59296.593992,59296.597704,59296.603239,59296.620334,59296.643781,59304.454578,59304.468703,59304.485108,59304.49692,59305.555448,59305.559627,59305.565132,59306.472714,59306.475914,59306.481401,59306.495361,59308.40346,59308.409712,59308.415964,59308.422175,59322.372012,59322.373842,59322.376589,59322.381629,59324.382168,59324.385393,59324.39094,59324.412403,59326.364668,59326.366498,59326.369699,59326.379328,59332.43846,59332.442148,59332.449102,59332.46109,59333.523557,59333.529074,59333.53417,59334.417147,59334.432631,59336.429172,59336.439522,59336.449564,59344.371941,59344.375167,59344.405886,59344.413332,59348.343594,59348.34682,59348.354228,59348.364404,59352.354999,59352.358257,59352.365628,59352.375778,59353.336472,59292.33148150006,59297.30094909994,59304.26850689994,59307.314085599966,59313.257060199976,59315.2942476999,59297.29142360017,59304.320995400194,59307.34039349994,59309.29159720009,59317.31741899997,59321.31240739999,59323.33108799998,59325.2738541998
flux,98.0,88.0,102.0,112.0,104.0,72.0,84.0,82.0,89.0,80.0,71.0,79.0,64.0,23.0,45.0,32.0,25.0,12.0,29.0,3.0,17.0,25.0,26.0,18.0,9.0,37.0,30.0,21.0,47.0,1.0,2.0,8.0,4.0,2.0,6.0,31.0,20.0,29.0,35.0,46.0,58.0,70.0,65.0,116.0,114.0,79.0,96.0,92.0,38.0,72.0,81.0,56.0,97.0,87.0,62.0,53.0,22.0,69.0,30.0,33.0,33.0,47.0,26.0,28.0,42.0,40.0,25.0,13.0,26.0,35.0,12.0,67.0,67.0,27.0,42.0,41.0,30.0,46.0,12.0,24.0,16.0,46.0,19.0,16.0,20.0,40.0,8.0,23.0,8.0,9.0,15.0,14.0,24.0,19.0,7.0,25.475340650207233,70.22174218378461,106.77815192848334,89.02688952511265,46.98854529155781,67.37208687635854,75.3436056503053,79.09699784368127,94.42652337680568,93.0434916869819,61.949813033565135,53.623406540470334,52.18191343448829,55.849591383193484
dflux,10.0,8.0,9.0,10.0,8.0,9.0,7.0,10.0,10.0,8.0,8.0,8.0,8.0,10.0,11.0,15.0,10.0,9.0,8.0,9.0,10.0,10.0,9.0,10.0,9.0,13.0,65.0,43.0,32.0,8.0,9.0,11.0,8.0,8.0,8.0,10.0,10.0,11.0,14.0,10.0,12.0,12.0,16.0,24.0,26.0,18.0,21.0,22.0,28.0,24.0,15.0,16.0,17.0,16.0,27.0,21.0,16.0,18.0,14.0,13.0,12.0,11.0,9.0,10.0,13.0,10.0,16.0,19.0,19.0,16.0,22.0,21.0,20.0,19.0,52.0,56.0,60.0,21.0,18.0,13.0,15.0,16.0,10.0,10.0,11.0,26.0,11.0,10.0,12.0,11.0,14.0,13.0,10.0,12.0,15.0,7.446491775661727,14.609943320478996,16.350015579086662,7.718585730666109,7.188230573468897,16.409310574669345,11.581825207355468,19.05899041571268,8.72777807047597,9.148840844408403,7.031268618029667,8.689066534722404,7.50924398484401,12.093403754172991
mag,18.92193481076876,19.038793319624578,18.878499570595203,18.776954943324544,18.85741665175305,19.256668758921826,19.089301784845293,19.115465369040706,19.026524983387716,19.14227503252014,19.27185412820231,19.155932271773896,19.38455006504028,20.495680409956016,19.76696871556164,20.137125054200233,20.405149978319905,21.202046884880936,20.24400500525261,22.707196863200842,20.823877696554312,20.405149978319905,20.362566630072955,20.761818737241732,21.514393726401686,19.97949568983251,20.207196863200842,20.5944517631652,19.719755355160704,23.9,23.147425010840045,21.64227503252014,22.394850021680092,23.147425010840045,21.95462187404089,20.171595765414317,20.647425010840045,20.24400500525261,20.03982988912431,19.743105420796063,19.491430016092657,19.287254899964356,19.36771660839286,18.738855026932704,18.75773787165882,19.155932271773896,18.944321917401076,18.99053043163611,19.950541008457975,19.256668758921826,19.128787452803373,19.529529932484497,18.933070664334387,19.051201868453454,19.419020776254364,19.589310325998028,20.543943297944484,19.30287727315686,20.207196863200842,20.10371515030528,20.10371515030528,19.719755355160704,20.362566630072955,20.28210492164445,19.841876774005247,19.894850021680092,20.405149978319905,21.115141619232908,20.362566630072955,20.03982988912431,21.202046884880936,19.334812993247933,19.334812993247933,20.32159058960253,19.841876774005247,19.86804035820066,20.207196863200842,19.743105420796063,21.202046884880936,20.449471895720983,20.889700043360186,19.743105420796063,20.703115997617928,20.889700043360186,20.647425010840045,19.894850021680092,21.64227503252014,20.495680409956016,21.64227503252014,21.514393726401686,20.959771852360795,21.034679910804403,20.449471895720983,20.703115997617928,21.787254899964356,20.3847,19.283821,18.828794,19.026197,19.72002,19.3288,19.207384,19.1546,18.962265,18.978285,19.4199,19.576614,19.6062,19.53245
dmag,0.1107894086489796,0.0987032913418182,0.09580025336117648,0.09694073256785715,0.08351816959692308,0.135717025595,0.09047801706333333,0.1324068542390244,0.12199283199550563,0.10857362047600001,0.12233647377577467,0.10994797010227848,0.135717025595,0.4720592194608696,0.2654021833857778,0.50893884598125,0.43429448190400005,0.8143021535700001,0.2995134357958621,3.2572086142800005,0.6386683557411765,0.43429448190400005,0.37583176318615386,0.6031867804222223,1.08573620476,0.38147488275351354,2.3524284436466667,2.2231741335561903,0.7392246500493618,8.68588963808,4.88581292142,1.492887281545,2.17147240952,4.34294481904,1.4476482730133333,0.3502374854064516,0.54286810238,0.41183097421931036,0.43429448190400005,0.2360296097304348,0.22463507684689657,0.18612620653028572,0.2672581427101539,0.22463507684689657,0.24762404669964913,0.2473829327301266,0.23750479479125003,0.2596325707034783,0.8000161508757895,0.36191206825333333,0.20106226014074075,0.3102103442171429,0.19028366475175257,0.19967562386390805,0.47282060529870973,0.4301973641501887,0.7896263307345456,0.28323553167652177,0.5066768955546668,0.42771426248121214,0.3948131653672728,0.25410847345446813,0.37583176318615386,0.3877629302714286,0.33606120623523816,0.27143405119,0.6948711710464001,1.5868452223415386,0.7934226111707693,0.4963365507474286,1.9905163753933335,0.34030537761134333,0.32410035962985073,0.7640365885348149,1.3442448249409527,1.4829567674770734,2.17147240952,0.4956621804339131,1.6286043071400003,0.5881071109116667,1.0178776919625,0.37764737556869565,0.571440107768421,0.678585127975,0.5971549126180001,0.7057285330940001,1.492887281545,0.4720592194608696,1.6286043071400003,1.327010916928889,1.0133537911093335,1.0081836187057145,0.45239008531666675,0.6857281293221053,2.3265775816285714,0.31736281097453156,0.22589220829953302,0.16624940160505897,0.09413277294119311,0.1660941434418085,0.2644445706241213,0.16689945797380182,0.2616159460490344,0.10035384444275512,0.10675897428461462,0.12323044300152085,0.17593127201265424,0.1562429878114213,0.23510013179142678
