combined_norm,2021dov,2021dov,134.07795800000002,-0.4421389999999999,0.012,0.01282087549994673,59267.0
++++++++++++++++++++++++++++++++++++++++++++++++++++++++++++++++
t0,59284.2299765439,0.017660322027950315
x0,0.019724414884682375,0.00017642144085370395
x1,0.9739955791114663,0.024155403445364487
c,0.08916955634309272,0.00593810042142629
mu,34.14078572336463,0.020520665132568706
hostMass,9.529974003122769,0.0008695850899772443
++++++++++++++++++++++++++++++++++++++++++++++++++++++++++++++++
0.0003118869785648052,-1.0924257687720375e-06,0.00013631496098675554,3.631165747791571e-05
-1.0924257687720375e-06,3.112452479289696e-08,-2.747091765399839e-06,-1.0335642961186052e-06
0.00013631496098675554,-2.747091765399839e-06,0.0005834882340913851,8.35058334779632e-05
3.631165747791571e-05,-1.0335642961186052e-06,8.35058334779632e-05,3.526103661494308e-05
++++++++++++++++++++++++++++++++++++++++++++++++++++++++++++++++
zp,23.9,23.9,23.9,23.9,23.9,23.9,23.9,23.9,23.9,23.9,23.9,23.9,23.9,23.9,23.9,23.9,23.9,23.9,23.9,23.9,23.9,23.9,23.9,23.9,23.9,23.9,23.9,23.9,23.9,23.9,23.9,23.9,23.9,23.9,23.9,23.9,23.9,23.9,23.9,23.9,23.9,23.9,23.9,23.9,23.9,23.9,23.9,23.9,23.9,23.9,23.9,23.9,23.9,23.9,23.9,23.9,23.9,23.9,23.9,23.9,23.9,23.9,23.9,23.9,23.9,23.9,23.9,23.9,23.9,23.9,23.9,23.9,23.9,23.9,23.9,23.9,23.9,23.9,23.9,23.9,23.9,23.9,23.9,23.9,23.9,23.9,23.9,23.9,23.9,23.9,23.9,23.9,23.9,23.9,23.9,23.9,23.9,23.9,23.9,23.9,23.9,23.9,23.9,23.9,23.9,23.9,23.9,23.9,23.9,23.9,23.9,23.9,23.9,23.9,23.9,23.9
filter,c,c,c,c,c,c,c,c,c,c,c,c,c,c,c,c,c,o,o,o,o,o,o,o,o,o,o,o,o,o,o,o,o,o,o,o,o,o,o,o,o,o,o,o,o,o,o,o,o,o,o,o,o,o,o,o,o,o,o,o,o,o,o,o,o,o,o,o,o,o,o,o,o,ZTF_g,ZTF_g,ZTF_g,ZTF_g,ZTF_g,ZTF_g,ZTF_g,ZTF_g,ZTF_g,ZTF_g,ZTF_g,ZTF_g,ZTF_g,ZTF_g,ZTF_g,ZTF_g,ZTF_g,ZTF_g,ZTF_g,ZTF_g,ZTF_g,ZTF_g,ZTF_r,ZTF_r,ZTF_r,ZTF_r,ZTF_r,ZTF_r,ZTF_r,ZTF_r,ZTF_r,ZTF_r,ZTF_r,ZTF_r,ZTF_r,ZTF_r,ZTF_r,ZTF_r,ZTF_r,ZTF_r,ZTF_r,ZTF_r,ZTF_r
mjd,59251.502776,59251.508151,59252.468562,59256.379193,59256.381035,59258.409145,59260.413063,59262.431751,59308.318268,59308.321495,59308.329326,59308.340549,59312.330573,59312.333794,59312.340247,59312.353163,59320.313689,59248.511572,59248.519395,59264.41125,59264.424811,59267.395106,59267.405837,59267.412405,59267.41726,59268.342459,59268.344758,59268.348445,59268.35584,59276.398711,59276.401942,59276.407467,59276.41854,59278.444818,59278.448019,59278.455354,59278.468615,59280.384792,59280.388483,59280.398646,59280.404228,59288.336644,59288.339871,59288.345401,59288.38086,59292.333113,59292.336335,59292.347574,59292.35403,59300.345144,59300.348366,59300.3553,59300.366898,59304.418276,59304.442971,59304.458049,59304.46362,59306.362861,59306.366064,59306.371592,59306.404422,59322.288234,59322.291438,59322.297399,59322.309849,59324.286106,59324.290259,59324.296245,59324.306378,59326.274096,59326.279627,59326.282835,59326.298543,59267.27465280006,59271.36584489979,59275.18960649986,59278.23650459992,59281.32118060021,59293.15037039993,59296.28912039986,59302.15136570018,59304.32873839978,59307.15271990001,59309.16863430012,59311.191411999986,59313.15518519981,59315.1904397998,59317.170648099855,59323.16027780017,59325.191701400094,59329.17425929988,59335.21473379992,59340.17101849988,59342.21233800007,59348.21543980017,59267.33381940005,59271.25259259995,59273.23459490016,59275.27396989986,59278.1709143999,59291.232233799994,59293.210185199976,59296.21181710018,59298.291782400105,59304.15165509982,59307.21215280006,59309.21432870021,59315.1558681,59317.15662040003,59321.19050930021,59323.20812499989,59329.21237270022,59335.17581020016,59338.16703699995,59340.23770829989,59344.19447920006
flux,6.0,6.0,19.0,16.0,17.0,192.0,34.0,14.0,1590.0,1609.0,1583.0,1561.0,1352.0,1321.0,1291.0,1340.0,712.0,13.0,44.0,73.0,17.0,189.0,273.0,275.0,261.0,413.0,388.0,382.0,417.0,2720.0,2687.0,2765.0,2776.0,3216.0,3195.0,3152.0,3252.0,3312.0,3492.0,3452.0,3430.0,3406.0,3446.0,3450.0,3460.0,2901.0,2820.0,2926.0,2925.0,1865.0,1774.0,1806.0,1856.0,1889.0,1824.0,1881.0,1888.0,1904.0,1896.0,1960.0,1929.0,1136.0,1110.0,1142.0,1153.0,1032.0,992.0,1037.0,1132.0,1000.0,1091.0,1016.0,911.0,200.61527617500198,1210.4565365670653,2804.3356954101496,3773.9487658531034,4286.041778074747,3484.9038481761563,2804.76190441844,1827.0902497189948,1449.3337314809767,1211.0330624734354,1037.4529262445642,861.7879157760485,727.8468386209651,637.9602212640559,550.6555236389145,436.3751388397359,404.59228766900975,358.80294581812996,348.52280444761226,323.48459239075993,304.3314253177093,302.85308364434644,229.6994736381759,1210.7631651069848,1986.1406494093774,2699.014389772102,3410.6723465996,3723.7833006277992,3294.1396009041764,2586.149339555547,2266.566157748762,2113.586371844926,2075.4066310623343,2013.3885755906235,1683.066206179024,1473.1263572452797,1138.6986348808675,1069.3217488640423,811.185165635187,683.8738539713706,611.6796046848236,596.8126227380734,498.5083073820779
dflux,8.0,8.0,7.0,7.0,7.0,8.0,8.0,9.0,15.0,15.0,14.0,16.0,13.0,13.0,13.0,13.0,58.0,14.0,13.0,23.0,14.0,15.0,17.0,17.0,16.0,11.0,16.0,14.0,14.0,21.0,19.0,20.0,19.0,25.0,42.0,48.0,32.0,23.0,21.0,21.0,22.0,21.0,20.0,21.0,21.0,20.0,19.0,20.0,19.0,27.0,47.0,36.0,34.0,22.0,21.0,32.0,42.0,20.0,20.0,19.0,22.0,17.0,19.0,19.0,17.0,17.0,19.0,16.0,17.0,28.0,31.0,26.0,26.0,19.609472990469236,44.28457998125604,58.60832317366329,75.98577315851234,89.32493849280168,75.16633063163582,65.67101184455608,47.02027670828001,38.899889687927654,36.555813068206575,39.34357559215395,35.83230868856516,27.44431841775074,27.15499993285719,19.55863919111751,19.97930214883605,20.05179514122797,23.413935003069707,19.251928500064555,15.83978117103074,23.049777507008447,16.094720121489207,12.815635763757095,35.31866801834193,49.176001625137566,55.84094146200901,62.68368537487565,100.00902823152339,83.50618568840628,53.55629354411656,82.48011595763036,68.42432854620982,52.44616520847369,49.244106519076226,47.899320897530316,35.6844981162656,37.85416044922943,29.573235605378333,32.51629311877952,25.843969493994113,28.253285686289203,36.682677942814735,25.951879774282727
mag,21.95462187404089,21.95462187404089,20.703115997617928,20.889700043360186,20.823877696554312,18.191746928241123,20.07130270739436,21.034679910804403,15.89650718919887,15.883609889752424,15.901297712844109,15.916492742343955,16.072558270985954,16.09774295596368,16.122684394333948,16.08223800408798,16.768800015907857,21.115141619232908,19.79136830878453,19.241692849698858,20.823877696554312,18.208845489566887,17.80959338239811,17.80166826542434,17.858398731654297,17.360124870858996,17.42792068601448,17.444841592720728,17.349659862565606,15.313577739914502,15.326830833917077,15.295762160898207,15.291451345542955,15.131709899808964,15.13882284376395,15.153534477956203,15.119623657694923,15.099774179717892,15.042314412416168,15.054823032392068,15.061764699893073,15.069388390933543,15.056711817219973,15.055452262316814,15.052309753018056,15.243630677993337,15.274377229201596,15.23431419552677,15.234685323954501,15.723302909638232,15.77761596126073,15.758205635056282,15.728555070292892,15.709420105195415,15.747437915019006,15.714028011124052,15.709995025094873,15.70083263987886,15.70540416749488,15.66935982160881,15.686669430890287,16.261554171562498,16.286692553033355,16.255834740225424,16.245426731763253,16.365800756772018,16.40872081961455,16.360553109027396,16.265383932869366,16.4,16.305438123529143,16.382765730130245,16.501204057567502,18.14409,16.192627,15.280425,14.958009999999998,14.819859,15.044523,15.28026,15.7456,15.997079,16.19211,16.360079,16.561499,16.7449,16.888016,17.0478,17.30035,17.382456,17.51286,17.544422,17.625366,17.691633,17.69692,17.9971,16.192352,15.654975,15.321987,15.0679,14.972539,15.105645,15.368366,15.511579,15.58745,15.607242,15.640180999999998,15.834747,15.9794,16.258978,16.327229,16.6272,16.81256,16.93369,16.960405,17.155819
dmag,1.4476482730133333,1.4476482730133333,0.40000807543789474,0.47500958958250006,0.44706784901882357,0.045239008531666666,0.2554673422964706,0.6979732744885715,0.010242794384528303,0.010121841560845246,0.009602215329526218,0.011128622214067905,0.010439771199615385,0.010684762045329298,0.01093305241044152,0.01053326168797015,0.08844480319674158,1.169254374356923,0.32078569686090913,0.34208126999287675,0.8941356980376471,0.08616954006031746,0.06760994681655678,0.06711823811243638,0.06655854128796936,0.028917913443970947,0.044772627000412374,0.03979137923204189,0.036451575219760196,0.008382522169102942,0.007677330811477485,0.007853426435877034,0.007431191603184439,0.008440113532027364,0.01427258860717371,0.01653405387959391,0.010683751092349324,0.007539834755277778,0.006529341437560138,0.006605000086894555,0.00696390568650729,0.006694204433341163,0.006301428930702264,0.0066088290724521746,0.006589728410393064,0.007485254772561186,0.007315243932780143,0.007421300100888585,0.007052645432629061,0.01571843299116354,0.028765277127237882,0.021642582154684387,0.019889564095818966,0.012644889626638435,0.01250025235743421,0.018470791362211594,0.02415302997877119,0.011404792066806725,0.011452913552320676,0.010524993821653061,0.01238268351722136,0.01624781292334507,0.01858467377517117,0.018063912338388794,0.016008252802185607,0.017885189419496128,0.020795350696008068,0.016751956871899714,0.01630522568985866,0.030400613733280003,0.03085043294918424,0.027784587917086618,0.030986982792272234,0.10612708657063258,0.03972168379923954,0.022690998967801548,0.021860525959267543,0.02262771217156894,0.023418381137958535,0.02542155006117765,0.027941486080320703,0.029140989185559154,0.03277364670913866,0.04117463391784155,0.04514386211632788,0.04093895657714185,0.046214741271705634,0.0385640782195423,0.049710099769907645,0.053809626675514706,0.07085046882980665,0.05997459998951921,0.053164275200128716,0.08223264464028218,0.057699991464842754,0.06057654166698791,0.031671558630563874,0.026882368771630447,0.022463211786842796,0.019954407736392614,0.02915943651595506,0.027523329338692303,0.022484396397462053,0.03950983198167413,0.035149153012453235,0.027436888518813797,0.026555285932887952,0.030899572869407466,0.026300494430070542,0.03609351169971533,0.0300271949231056,0.04352164977770889,0.04103056900244803,0.050149808720265754,0.0667340301003393,0.05652241905553957
