combined_norm,2020swy,2020swy,20.981500000000008,-38.013761,0.032,0.030601969994919265,59101.0
++++++++++++++++++++++++++++++++++++++++++++++++++++++++++++++++
t0,59115.87869904213,0.08451820412665256
x0,0.0030382537281577475,6.023157229205447e-05
x1,0.9670760038581039,0.0849237156540883
c,0.20017547444537415,0.015354091999544751
mu,35.83987961602695,0.05220775946522645
hostMass,-333.0,-333.0
++++++++++++++++++++++++++++++++++++++++++++++++++++++++++++++++
0.0071433298910033765,-2.1033099284883372e-06,0.003615107779848012,0.0005556075478782458
-2.1033099284883372e-06,3.627842300772984e-09,-1.6631429362651324e-06,-8.940851377416979e-07
0.003615107779848012,-1.6631429362651324e-06,0.007212758061007935,0.0003081758025319386
0.0005556075478782458,-8.940851377416979e-07,0.0003081758025319386,0.00023574814113048412
++++++++++++++++++++++++++++++++++++++++++++++++++++++++++++++++
zp,23.9,23.9,23.9,23.9,23.9,23.9,23.9,23.9,23.9,23.9,23.9,23.9,23.9,23.9,23.9,23.9,23.9,23.9,23.9,23.9,23.9,23.9,23.9,23.9,23.9,23.9,23.9,23.9,23.9,23.9,23.9,23.9,23.9,23.9,23.9,23.9,23.9,23.9,23.9,23.9,23.9,23.9,23.9,23.9,23.9,23.9,23.9,23.9,23.9,23.9,23.9,23.9,23.9,23.9,23.9,23.9,23.9,23.9,23.9,23.9,23.9,23.9,23.9,23.9,23.9,23.9,23.9,23.9,23.9,23.9,23.9,23.9,23.9,23.9,23.9,23.9,23.9,23.9,23.9,23.9,23.9,23.9,23.9,23.9,23.9,23.9,23.9,23.9,23.9,23.9,23.9,23.9
filter,c,c,c,c,c,c,c,c,c,c,c,c,c,c,c,c,c,c,c,c,o,o,o,o,o,o,o,o,o,o,o,o,o,o,o,o,o,o,o,o,o,o,o,o,o,o,o,o,o,o,o,o,o,o,o,o,o,o,o,o,o,o,o,o,o,o,o,o,o,o,o,o,o,o,o,o,o,o,o,o,o,o,o,o,o,o,o,o,o,o,o,o
mjd,59117.490388,59117.493589,59117.500145,59117.516118,59137.444822,59137.449945,59137.454064,59137.485168,59141.425755,59141.428957,59141.435822,59141.445889,59145.407144,59145.410344,59145.41812,59145.430016,59161.368725,59161.374232,59161.392573,59161.401752,59083.531113,59083.533418,59083.536181,59093.474432,59093.479936,59095.47978,59095.485332,59095.491349,59097.49528,59097.49711,59099.481874,59099.485098,59099.488318,59099.493847,59101.461002,59101.464715,59101.47025,59101.480395,59103.488491,59103.491736,59103.494501,59103.500034,59105.517126,59105.552518,59105.570791,59107.532706,59107.535953,59107.565848,59107.571072,59111.461752,59115.464079,59115.467305,59115.473293,59115.478358,59119.421203,59121.378034,59121.380408,59121.384082,59121.390029,59123.405674,59123.407518,59123.410282,59123.419063,59127.4067,59127.434787,59127.437088,59127.439859,59131.466735,59131.469958,59131.475484,59131.510943,59133.452051,59133.455253,59133.490487,59133.495997,59135.405661,59135.407504,59135.410281,59135.415805,59139.442233,59139.445916,59139.45144,59139.484034,59147.354384,59147.356226,59147.358991,59147.365907,59157.37168,59157.374881,59157.380367,59157.415108,59159.463805
flux,739.0,793.0,749.0,754.0,329.0,312.0,330.0,288.0,231.0,242.0,132.0,216.0,184.0,216.0,174.0,198.0,98.0,83.0,95.0,87.0,11.0,10.0,16.0,57.0,55.0,15.0,37.0,33.0,50.0,11.0,78.0,104.0,75.0,67.0,119.0,194.0,140.0,194.0,277.0,273.0,284.0,259.0,391.0,408.0,392.0,463.0,440.0,485.0,442.0,59.0,679.0,640.0,638.0,661.0,636.0,585.0,587.0,641.0,652.0,564.0,507.0,586.0,619.0,468.0,473.0,498.0,430.0,394.0,378.0,413.0,377.0,408.0,384.0,383.0,376.0,355.0,361.0,369.0,365.0,336.0,397.0,361.0,324.0,337.0,301.0,339.0,304.0,153.0,211.0,190.0,223.0,167.0
dflux,14.0,15.0,15.0,15.0,11.0,13.0,12.0,12.0,17.0,14.0,38.0,19.0,13.0,11.0,10.0,12.0,13.0,11.0,11.0,13.0,14.0,10.0,12.0,31.0,35.0,36.0,34.0,40.0,29.0,26.0,17.0,17.0,19.0,17.0,19.0,16.0,16.0,17.0,15.0,15.0,13.0,14.0,12.0,17.0,17.0,13.0,13.0,14.0,15.0,61.0,13.0,15.0,14.0,15.0,123.0,35.0,38.0,32.0,34.0,30.0,35.0,28.0,28.0,19.0,49.0,41.0,53.0,12.0,14.0,12.0,15.0,13.0,14.0,14.0,15.0,14.0,13.0,12.0,12.0,25.0,25.0,20.0,108.0,23.0,20.0,17.0,19.0,17.0,23.0,21.0,21.0,62.0
mag,16.728388904012935,16.65181703170599,16.71379545575133,16.706571635325563,17.60701025512506,17.664613514953892,17.60371515030528,17.75151878060192,17.990970050269638,17.940461585048922,18.598565171985374,18.06386562212267,18.237955442476157,18.06386562212267,18.2986268792935,18.15833702434617,18.92193481076876,19.102304769059813,18.955690986777878,19.051201868453454,21.296518287104437,21.4,20.889700043360186,19.51031286081877,19.54909327626439,20.959771852360795,19.97949568983251,20.10371515030528,19.65257498915995,21.296518287104437,19.1697634932738,18.85741665175305,19.21234684152075,19.334812993247933,18.711132596518674,18.180495675174434,18.534679910804403,18.180495675174434,17.793800577338878,17.80959338239811,17.766704149882404,17.86675058979687,17.41955810651033,17.373349592275297,17.416784832448855,17.236047522455117,17.29136830878453,17.18564565349434,17.28644432662727,19.47286997089464,16.820325564298745,16.88455006504028,16.887948303197092,16.8494963512859,16.891357210878965,16.982110334794548,16.978404746880962,16.882854926202956,16.864381010670197,17.021802240041644,17.137480101666657,16.98025595995477,16.920773377449702,17.22438536731469,17.21284714815547,17.156926643100704,17.316328861051034,17.411259445436063,17.456270500406934,17.360124870858996,17.459146624485516,17.373349592275297,17.43917193908117,17.442003065078442,17.462030387680848,17.524429117362263,17.506231995235854,17.482434084602346,17.49426783885881,17.584151806525387,17.403023733092212,17.506231995235854,17.623637474483466,17.580925247821654,17.703583761015388,17.57450075449229,17.692816040978116,18.438271422956,18.089293861755767,18.203115997617928,18.029237842379597,18.34320882213104
dmag,0.0205687508344249,0.020537254818915513,0.021743715716154875,0.0215995266198939,0.03630121049349544,0.045239008531666666,0.039481316536727276,0.045239008531666666,0.07990266441956712,0.06281118539933885,0.3125604225824243,0.09550457356685187,0.0767096231623913,0.055292121538703706,0.06239863245747127,0.0658021942278788,0.1440262312436735,0.14389275002843377,0.12571682370905266,0.1622364443894253,1.3818460787854547,1.08573620476,0.8143021535700001,0.5904881113607018,0.6909230393927274,2.605766891424,0.9977035395091893,1.316043884557576,0.6297269987608,2.566285574887273,0.23663481385794874,0.17747611039346156,0.27505317187253336,0.27548530568537316,0.1733528394154622,0.08954525400082475,0.12408413768685715,0.09514183237587628,0.05879437931913358,0.05965583542637363,0.04969919247140846,0.058688443500540546,0.033321827256061386,0.045239008531666666,0.04708549867581633,0.030485033826954645,0.032078569686090914,0.031340838900288666,0.03684625129276018,1.1225408218705084,0.020787291107334318,0.025446942299062504,0.023824932392852667,0.024638491787291984,0.2099772848828302,0.0649585763531624,0.07028615976299829,0.054202119426396266,0.05661814564699387,0.05775192578510639,0.07495220348441815,0.05187818043221844,0.049112461604652664,0.04407903395393163,0.11247584362207189,0.08938792047220884,0.13382329965646514,0.03306810775918782,0.040212452028148146,0.03154681466615013,0.0431990532397878,0.03459453593598039,0.03958413246520834,0.03968748529148826,0.04331394433882979,0.042817765821521137,0.03909853368941829,0.03530849446373984,0.035695436868821914,0.08078394380654763,0.06837129752896726,0.060151590291412746,0.36191206825333333,0.0741006905325816,0.07214194051561464,0.05444694832129794,0.0678585127975,0.12063735608444445,0.11835039198805689,0.12000242263136843,0.10224421659174888,0.4030876927851497
