# Combination of '2022tku' data from 'ATLAS', 'ZTF' (sourced from HSF)
filter, zp, z, ra, dec, mjd, mag, dmag, flux, dflux, source
c, 23.9, 0.131393, 20.6558407, 35.8649729, 59817.350017, 21.514393726401686, 1.5682856290977778, 9.0, 13.0, ATLAS
c, 23.9, 0.131393, 20.6558407, 35.8649729, 59817.354174, nan, 1.08573620476, -13.0, 13.0, ATLAS
c, 23.9, 0.131393, 20.6558407, 35.8649729, 59817.389445, nan, 0.6635054584644445, -18.0, 11.0, ATLAS
c, 23.9, 0.131393, 20.6558407, 35.8649729, 59817.405625, 23.9, 11.94309825236, 1.0, 11.0, ATLAS
c, 23.9, 0.131393, 20.6558407, 35.8649729, 59818.594435, 23.9, 10.8573620476, 1.0, 10.0, ATLAS
c, 23.9, 0.131393, 20.6558407, 35.8649729, 59818.597599, 22.394850021680092, 2.7143405119, 4.0, 10.0, ATLAS
c, 23.9, 0.131393, 20.6558407, 35.8649729, 59818.603024, nan, 1.221453230355, -8.0, 9.0, ATLAS
c, 23.9, 0.131393, 20.6558407, 35.8649729, 59818.613201, 22.394850021680092, 2.17147240952, 4.0, 8.0, ATLAS
c, 23.9, 0.131393, 20.6558407, 35.8649729, 59818.637071, 20.28210492164445, 1.0469599117328572, 28.0, 27.0, ATLAS
c, 23.9, 0.131393, 20.6558407, 35.8649729, 59819.605425, 20.5944517631652, 0.5170172403619048, 21.0, 10.0, ATLAS
c, 23.9, 0.131393, 20.6558407, 35.8649729, 59819.627684, nan, 1.4476482730133333, -9.0, 12.0, ATLAS
c, 23.9, 0.131393, 20.6558407, 35.8649729, 59819.630846, nan, 15.200306866640002, -1.0, 14.0, ATLAS
c, 23.9, 0.131393, 20.6558407, 35.8649729, 59819.633962, nan, 1.1496030403341178, -17.0, 18.0, ATLAS
c, 23.9, 0.131393, 20.6558407, 35.8649729, 59821.489589, nan, 4.34294481904, -2.0, 8.0, ATLAS
c, 23.9, 0.131393, 20.6558407, 35.8649729, 59821.493224, nan, 1.08573620476, -8.0, 8.0, ATLAS
c, 23.9, 0.131393, 20.6558407, 35.8649729, 59821.496867, nan, 2.44290646071, -4.0, 9.0, ATLAS
c, 23.9, 0.131393, 20.6558407, 35.8649729, 59821.532335, nan, 4.88581292142, -2.0, 9.0, ATLAS
c, 23.9, 0.131393, 20.6558407, 35.8649729, 59822.499782, 21.787254899964356, 1.395946548977143, 7.0, 9.0, ATLAS
c, 23.9, 0.131393, 20.6558407, 35.8649729, 59822.501688, nan, 3.619120682533334, -3.0, 10.0, ATLAS
c, 23.9, 0.131393, 20.6558407, 35.8649729, 59822.504854, 20.32159058960253, 0.36191206825333333, 27.0, 9.0, ATLAS
c, 23.9, 0.131393, 20.6558407, 35.8649729, 59822.524809, nan, 10.8573620476, -1.0, 10.0, ATLAS
c, 23.9, 0.131393, 20.6558407, 35.8649729, 59844.510169, 18.534679910804403, 0.062042068843428576, 140.0, 8.0, ATLAS
c, 23.9, 0.131393, 20.6558407, 35.8649729, 59844.515582, 18.598565171985374, 0.0658021942278788, 132.0, 8.0, ATLAS
c, 23.9, 0.131393, 20.6558407, 35.8649729, 59844.524594, 18.42417075457427, 0.056037997665032264, 155.0, 8.0, ATLAS
c, 23.9, 0.131393, 20.6558407, 35.8649729, 59844.52918, 18.452557631767075, 0.05752244793430464, 151.0, 8.0, ATLAS
c, 23.9, 0.131393, 20.6558407, 35.8649729, 59847.417585, 18.623525724251877, 0.06733247781457365, 129.0, 8.0, ATLAS
c, 23.9, 0.131393, 20.6558407, 35.8649729, 59847.441278, 18.738855026932704, 0.08423815381758622, 116.0, 9.0, ATLAS
c, 23.9, 0.131393, 20.6558407, 35.8649729, 59847.444509, 18.631975075880327, 0.0678585127975, 128.0, 8.0, ATLAS
c, 23.9, 0.131393, 20.6558407, 35.8649729, 59847.447766, 18.66644578709441, 0.07004749708129032, 124.0, 8.0, ATLAS
c, 23.9, 0.131393, 20.6558407, 35.8649729, 59848.455624, 18.944321917401076, 0.10178776919625002, 96.0, 9.0, ATLAS
c, 23.9, 0.131393, 20.6558407, 35.8649729, 59848.457938, 18.836735336838075, 0.10242794384528303, 106.0, 10.0, ATLAS
c, 23.9, 0.131393, 20.6558407, 35.8649729, 59848.48562, 18.69303657420887, 0.08973026485619835, 121.0, 10.0, ATLAS
c, 23.9, 0.131393, 20.6558407, 35.8649729, 59848.486558, 18.85741665175305, 0.09395794079653846, 104.0, 9.0, ATLAS
c, 23.9, 0.131393, 20.6558407, 35.8649729, 59848.488408, 18.640490697610105, 0.07694193577039371, 127.0, 9.0, ATLAS
c, 23.9, 0.131393, 20.6558407, 35.8649729, 59848.514328, 18.92193481076876, 0.1107894086489796, 98.0, 10.0, ATLAS
c, 23.9, 0.131393, 20.6558407, 35.8649729, 59848.524031, 18.675237221401503, 0.07944411254341463, 123.0, 9.0, ATLAS
c, 23.9, 0.131393, 20.6558407, 35.8649729, 59848.537694, 18.816440611282623, 0.10053113007037037, 108.0, 10.0, ATLAS
c, 23.9, 0.131393, 20.6558407, 35.8649729, 59851.463128, 18.944321917401076, 0.09047801706333333, 96.0, 8.0, ATLAS
c, 23.9, 0.131393, 20.6558407, 35.8649729, 59851.466928, 19.089301784845293, 0.1292543100904762, 84.0, 10.0, ATLAS
c, 23.9, 0.131393, 20.6558407, 35.8649729, 59851.496919, 18.878499570595203, 0.07451130816980393, 102.0, 7.0, ATLAS
c, 23.9, 0.131393, 20.6558407, 35.8649729, 59851.499224, 19.014393726401686, 0.09650988486755557, 90.0, 8.0, ATLAS
c, 23.9, 0.131393, 20.6558407, 35.8649729, 59851.502458, 19.06375387189108, 0.11362355631209305, 86.0, 9.0, ATLAS
c, 23.9, 0.131393, 20.6558407, 35.8649729, 59851.503841, 19.038793319624578, 0.11104120275954547, 88.0, 9.0, ATLAS
c, 23.9, 0.131393, 20.6558407, 35.8649729, 59851.52683, 19.051201868453454, 0.11231753842344828, 87.0, 9.0, ATLAS
c, 23.9, 0.131393, 20.6558407, 35.8649729, 59851.542236, 19.27185412820231, 0.1376285329977465, 71.0, 9.0, ATLAS
c, 23.9, 0.131393, 20.6558407, 35.8649729, 59852.432304, 19.102304769059813, 0.10464927274795183, 83.0, 8.0, ATLAS
c, 23.9, 0.131393, 20.6558407, 35.8649729, 59852.434155, 19.102304769059813, 0.10464927274795183, 83.0, 8.0, ATLAS
c, 23.9, 0.131393, 20.6558407, 35.8649729, 59852.436924, 19.155932271773896, 0.1236914663650633, 79.0, 9.0, ATLAS
c, 23.9, 0.131393, 20.6558407, 35.8649729, 59852.439244, 18.97879262861516, 0.1050712456219355, 93.0, 9.0, ATLAS
c, 23.9, 0.131393, 20.6558407, 35.8649729, 59852.441079, 19.089301784845293, 0.1292543100904762, 84.0, 10.0, ATLAS
c, 23.9, 0.131393, 20.6558407, 35.8649729, 59852.442002, 19.102304769059813, 0.1177304318414458, 83.0, 9.0, ATLAS
c, 23.9, 0.131393, 20.6558407, 35.8649729, 59852.443851, 19.115465369040706, 0.11916616881512196, 82.0, 9.0, ATLAS
c, 23.9, 0.131393, 20.6558407, 35.8649729, 59852.465258, 18.826540555786973, 0.09132360600785047, 107.0, 9.0, ATLAS
c, 23.9, 0.131393, 20.6558407, 35.8649729, 59855.424051, 19.334812993247933, 0.14584516183343285, 67.0, 9.0, ATLAS
c, 23.9, 0.131393, 20.6558407, 35.8649729, 59855.425897, 19.419020776254364, 0.14009499416258064, 62.0, 8.0, ATLAS
c, 23.9, 0.131393, 20.6558407, 35.8649729, 59855.428668, 19.076452685714266, 0.10218693691858824, 85.0, 8.0, ATLAS
c, 23.9, 0.131393, 20.6558407, 35.8649729, 59855.430056, 19.491430016092657, 0.16847630763517243, 58.0, 9.0, ATLAS
c, 23.9, 0.131393, 20.6558407, 35.8649729, 59855.431902, 19.334812993247933, 0.14584516183343285, 67.0, 9.0, ATLAS
c, 23.9, 0.131393, 20.6558407, 35.8649729, 59855.434693, 19.226920700672558, 0.13204899787621624, 74.0, 9.0, ATLAS
c, 23.9, 0.131393, 20.6558407, 35.8649729, 59855.437004, 19.21234684152075, 0.11581186184106669, 75.0, 8.0, ATLAS
c, 23.9, 0.131393, 20.6558407, 35.8649729, 59855.444442, 19.318727718234406, 0.14370038004176472, 68.0, 9.0, ATLAS
c, 23.9, 0.131393, 20.6558407, 35.8649729, 59856.511126, 19.351140161145327, 0.1480549370127273, 66.0, 9.0, ATLAS
c, 23.9, 0.131393, 20.6558407, 35.8649729, 59856.514859, 19.47286997089464, 0.1472184684420339, 59.0, 8.0, ATLAS
c, 23.9, 0.131393, 20.6558407, 35.8649729, 59856.550066, 19.719755355160704, 0.207906932826383, 47.0, 9.0, ATLAS
c, 23.9, 0.131393, 20.6558407, 35.8649729, 59856.558282, 19.491430016092657, 0.18719589737241382, 58.0, 10.0, ATLAS
c, 23.9, 0.131393, 20.6558407, 35.8649729, 59857.516288, 19.47286997089464, 0.16562077699728817, 59.0, 9.0, ATLAS
c, 23.9, 0.131393, 20.6558407, 35.8649729, 59857.519557, 19.491430016092657, 0.14975671789793105, 58.0, 8.0, ATLAS
c, 23.9, 0.131393, 20.6558407, 35.8649729, 59857.525106, 19.69689690656103, 0.15833652986083335, 48.0, 7.0, ATLAS
c, 23.9, 0.131393, 20.6558407, 35.8649729, 59857.535332, 19.318727718234406, 0.1277336711482353, 68.0, 8.0, ATLAS
c, 23.9, 0.131393, 20.6558407, 35.8649729, 59871.443694, 20.07130270739436, 0.31933417787058826, 34.0, 10.0, ATLAS
c, 23.9, 0.131393, 20.6558407, 35.8649729, 59871.446869, 19.950541008457975, 0.2857200538842105, 38.0, 10.0, ATLAS
c, 23.9, 0.131393, 20.6558407, 35.8649729, 59871.452308, 20.207196863200842, 0.36191206825333333, 30.0, 10.0, ATLAS
c, 23.9, 0.131393, 20.6558407, 35.8649729, 59871.466396, 20.207196863200842, 0.36191206825333333, 30.0, 10.0, ATLAS
c, 23.9, 0.131393, 20.6558407, 35.8649729, 59875.429154, 20.03982988912431, 0.37225241306057144, 35.0, 12.0, ATLAS
c, 23.9, 0.131393, 20.6558407, 35.8649729, 59875.43232, 20.137125054200233, 0.40715107678500007, 32.0, 12.0, ATLAS
c, 23.9, 0.131393, 20.6558407, 35.8649729, 59875.437764, 20.543943297944484, 0.49351645670909094, 22.0, 10.0, ATLAS
c, 23.9, 0.131393, 20.6558407, 35.8649729, 59875.448293, 20.761818737241732, 0.6635054584644445, 18.0, 11.0, ATLAS
c, 23.9, 0.131393, 20.6558407, 35.8649729, 59881.403528, 20.495680409956016, 0.37764737556869565, 23.0, 8.0, ATLAS
c, 23.9, 0.131393, 20.6558407, 35.8649729, 59881.406695, 21.514393726401686, 1.327010916928889, 9.0, 11.0, ATLAS
c, 23.9, 0.131393, 20.6558407, 35.8649729, 59881.412022, 21.4, 1.08573620476, 10.0, 10.0, ATLAS
c, 23.9, 0.131393, 20.6558407, 35.8649729, 59881.422181, 21.787254899964356, 1.5510517210857144, 7.0, 10.0, ATLAS
c, 23.9, 0.131393, 20.6558407, 35.8649729, 59882.40892, 21.787254899964356, 1.5510517210857144, 7.0, 10.0, ATLAS
c, 23.9, 0.131393, 20.6558407, 35.8649729, 59882.409888, 20.823877696554312, 0.5109346845929412, 17.0, 8.0, ATLAS
c, 23.9, 0.131393, 20.6558407, 35.8649729, 59882.411696, 20.449471895720983, 0.36191206825333333, 24.0, 8.0, ATLAS
c, 23.9, 0.131393, 20.6558407, 35.8649729, 59882.413051, 20.32159058960253, 0.32169961622518517, 27.0, 8.0, ATLAS
c, 23.9, 0.131393, 20.6558407, 35.8649729, 59882.437739, 20.959771852360795, 0.7238241365066667, 15.0, 10.0, ATLAS
o, 23.9, 0.131393, 20.6558407, 35.8649729, 59803.602131, 20.137125054200233, 0.78037289717125, 32.0, 23.0, ATLAS
o, 23.9, 0.131393, 20.6558407, 35.8649729, 59803.62382, nan, 7.057285330940001, -4.0, 26.0, ATLAS
o, 23.9, 0.131393, 20.6558407, 35.8649729, 59803.626469, nan, 1.08573620476, -22.0, 22.0, ATLAS
o, 23.9, 0.131393, 20.6558407, 35.8649729, 59803.632161, 19.76696871556164, 1.0616087335431112, 45.0, 44.0, ATLAS
o, 23.9, 0.131393, 20.6558407, 35.8649729, 59804.513398, 22.15257498915995, 6.080122746656, 5.0, 28.0, ATLAS
o, 23.9, 0.131393, 20.6558407, 35.8649729, 59804.51522, nan, 1.0482970252855175, -29.0, 28.0, ATLAS
o, 23.9, 0.131393, 20.6558407, 35.8649729, 59804.540621, 21.514393726401686, 2.5333844777733336, 9.0, 21.0, ATLAS
o, 23.9, 0.131393, 20.6558407, 35.8649729, 59804.559295, 21.514393726401686, 3.015933902111111, 9.0, 25.0, ATLAS
o, 23.9, 0.131393, 20.6558407, 35.8649729, 59805.537918, 20.543943297944484, 0.9376812677472728, 22.0, 19.0, ATLAS
o, 23.9, 0.131393, 20.6558407, 35.8649729, 59805.539724, nan, 3.438164648406667, -6.0, 19.0, ATLAS
o, 23.9, 0.131393, 20.6558407, 35.8649729, 59805.542888, 20.889700043360186, 1.2893117431525, 16.0, 19.0, ATLAS
o, 23.9, 0.131393, 20.6558407, 35.8649729, 59805.563208, 21.034679910804403, 1.4734991350314288, 14.0, 19.0, ATLAS
o, 23.9, 0.131393, 20.6558407, 35.8649729, 59806.372535, 20.362566630072955, 1.5868452223415386, 26.0, 38.0, ATLAS
o, 23.9, 0.131393, 20.6558407, 35.8649729, 59806.376695, nan, 2.17147240952, -15.0, 30.0, ATLAS
o, 23.9, 0.131393, 20.6558407, 35.8649729, 59806.38221, nan, 1.1291656529504002, -25.0, 26.0, ATLAS
o, 23.9, 0.131393, 20.6558407, 35.8649729, 59806.411459, nan, 1.0053113007037038, -27.0, 25.0, ATLAS
o, 23.9, 0.131393, 20.6558407, 35.8649729, 59807.517575, nan, 1.5682856290977778, -18.0, 26.0, ATLAS
o, 23.9, 0.131393, 20.6558407, 35.8649729, 59807.521225, nan, 1.274559892544348, -23.0, 27.0, ATLAS
o, 23.9, 0.131393, 20.6558407, 35.8649729, 59807.530626, 20.889700043360186, 1.9000383583300002, 16.0, 28.0, ATLAS
o, 23.9, 0.131393, 20.6558407, 35.8649729, 59807.551114, nan, 3.7225241306057146, -7.0, 24.0, ATLAS
o, 23.9, 0.131393, 20.6558407, 35.8649729, 59808.605846, 20.703115997617928, 1.142880215536842, 19.0, 20.0, ATLAS
o, 23.9, 0.131393, 20.6558407, 35.8649729, 59808.609044, 22.394850021680092, 4.88581292142, 4.0, 18.0, ATLAS
o, 23.9, 0.131393, 20.6558407, 35.8649729, 59808.614689, nan, 1.08573620476, -20.0, 20.0, ATLAS
o, 23.9, 0.131393, 20.6558407, 35.8649729, 59808.63106, nan, 0.9201154277627119, -59.0, 50.0, ATLAS
o, 23.9, 0.131393, 20.6558407, 35.8649729, 59809.502169, inf, inf, 0.0, 12.0, ATLAS
o, 23.9, 0.131393, 20.6558407, 35.8649729, 59809.509958, nan, 1.6286043071400003, -10.0, 15.0, ATLAS
o, 23.9, 0.131393, 20.6558407, 35.8649729, 59809.511767, 21.034679910804403, 0.9306310326514287, 14.0, 12.0, ATLAS
o, 23.9, 0.131393, 20.6558407, 35.8649729, 59809.518657, nan, 2.7143405119, -6.0, 15.0, ATLAS
o, 23.9, 0.131393, 20.6558407, 35.8649729, 59810.602439, 20.889700043360186, 0.678585127975, 16.0, 10.0, ATLAS
o, 23.9, 0.131393, 20.6558407, 35.8649729, 59810.616076, nan, 0.54286810238, -24.0, 12.0, ATLAS
o, 23.9, 0.131393, 20.6558407, 35.8649729, 59810.628526, nan, 4.704856887293333, -3.0, 13.0, ATLAS
o, 23.9, 0.131393, 20.6558407, 35.8649729, 59810.632024, 20.889700043360186, 1.492887281545, 16.0, 22.0, ATLAS
o, 23.9, 0.131393, 20.6558407, 35.8649729, 59811.536569, 20.703115997617928, 0.8000161508757895, 19.0, 14.0, ATLAS
o, 23.9, 0.131393, 20.6558407, 35.8649729, 59811.539529, nan, 3.040061373328, -5.0, 14.0, ATLAS
o, 23.9, 0.131393, 20.6558407, 35.8649729, 59811.540198, 21.202046884880936, 1.2666922388866668, 12.0, 14.0, ATLAS
o, 23.9, 0.131393, 20.6558407, 35.8649729, 59811.541352, nan, 1.4476482730133333, -12.0, 16.0, ATLAS
o, 23.9, 0.131393, 20.6558407, 35.8649729, 59811.543363, nan, 2.016367237411429, -7.0, 13.0, ATLAS
o, 23.9, 0.131393, 20.6558407, 35.8649729, 59811.544543, inf, inf, 0.0, 14.0, ATLAS
o, 23.9, 0.131393, 20.6558407, 35.8649729, 59811.549253, 23.9, 15.200306866640002, 1.0, 14.0, ATLAS
o, 23.9, 0.131393, 20.6558407, 35.8649729, 59811.550009, 20.543943297944484, 0.6415713937218183, 22.0, 13.0, ATLAS
o, 23.9, 0.131393, 20.6558407, 35.8649729, 59812.528766, 23.147425010840045, 6.514417228560001, 2.0, 12.0, ATLAS
o, 23.9, 0.131393, 20.6558407, 35.8649729, 59812.560694, 21.787254899964356, 1.8612620653028573, 7.0, 12.0, ATLAS
o, 23.9, 0.131393, 20.6558407, 35.8649729, 59812.564388, nan, 1.9905163753933335, -6.0, 11.0, ATLAS
o, 23.9, 0.131393, 20.6558407, 35.8649729, 59812.581817, nan, 3.5286426654700005, -4.0, 13.0, ATLAS
o, 23.9, 0.131393, 20.6558407, 35.8649729, 59815.513104, nan, 0.5629743283940741, -27.0, 14.0, ATLAS
o, 23.9, 0.131393, 20.6558407, 35.8649729, 59815.537315, nan, 16.2860430714, -1.0, 15.0, ATLAS
o, 23.9, 0.131393, 20.6558407, 35.8649729, 59815.539605, 20.761818737241732, 0.7841428145488889, 18.0, 13.0, ATLAS
o, 23.9, 0.131393, 20.6558407, 35.8649729, 59815.542338, 23.147425010840045, 7.057285330940001, 2.0, 13.0, ATLAS
o, 23.9, 0.131393, 20.6558407, 35.8649729, 59816.5149, 21.4, 1.520030686664, 10.0, 14.0, ATLAS
o, 23.9, 0.131393, 20.6558407, 35.8649729, 59816.516721, 21.95462187404089, 2.8952965460266666, 6.0, 16.0, ATLAS
o, 23.9, 0.131393, 20.6558407, 35.8649729, 59816.542262, nan, 1.08573620476, -16.0, 16.0, ATLAS
o, 23.9, 0.131393, 20.6558407, 35.8649729, 59816.547761, 21.034679910804403, 1.2408413768685715, 14.0, 16.0, ATLAS
o, 23.9, 0.131393, 20.6558407, 35.8649729, 59819.515093, 20.32159058960253, 0.4825494243377778, 27.0, 12.0, ATLAS
o, 23.9, 0.131393, 20.6558407, 35.8649729, 59819.517825, 22.707196863200842, 4.34294481904, 3.0, 12.0, ATLAS
o, 23.9, 0.131393, 20.6558407, 35.8649729, 59819.55373, 21.296518287104437, 1.3818460787854547, 11.0, 14.0, ATLAS
o, 23.9, 0.131393, 20.6558407, 35.8649729, 59819.569787, 23.9, 13.028834457120002, 1.0, 12.0, ATLAS
o, 23.9, 0.131393, 20.6558407, 35.8649729, 59820.494236, 21.787254899964356, 1.8612620653028573, 7.0, 12.0, ATLAS
o, 23.9, 0.131393, 20.6558407, 35.8649729, 59820.49606, nan, 1.08573620476, -14.0, 14.0, ATLAS
o, 23.9, 0.131393, 20.6558407, 35.8649729, 59820.499248, nan, 0.8571601616526316, -19.0, 15.0, ATLAS
o, 23.9, 0.131393, 20.6558407, 35.8649729, 59820.507824, 21.514393726401686, 1.6889229851822225, 9.0, 14.0, ATLAS
o, 23.9, 0.131393, 20.6558407, 35.8649729, 59823.482083, 20.24400500525261, 0.4867093331682759, 29.0, 13.0, ATLAS
o, 23.9, 0.131393, 20.6558407, 35.8649729, 59823.484878, 20.405149978319905, 0.5645828264752001, 25.0, 13.0, ATLAS
o, 23.9, 0.131393, 20.6558407, 35.8649729, 59823.507024, 20.761818737241732, 0.8444614925911113, 18.0, 14.0, ATLAS
o, 23.9, 0.131393, 20.6558407, 35.8649729, 59823.510672, 20.647425010840045, 0.7057285330940001, 20.0, 13.0, ATLAS
o, 23.9, 0.131393, 20.6558407, 35.8649729, 59824.521983, 20.24400500525261, 0.44927015369379314, 29.0, 12.0, ATLAS
o, 23.9, 0.131393, 20.6558407, 35.8649729, 59824.525173, 19.816328861051034, 0.3534955085265117, 43.0, 14.0, ATLAS
o, 23.9, 0.131393, 20.6558407, 35.8649729, 59824.527903, 20.761818737241732, 0.8444614925911113, 18.0, 14.0, ATLAS
o, 23.9, 0.131393, 20.6558407, 35.8649729, 59824.533386, 20.207196863200842, 0.43429448190400005, 30.0, 12.0, ATLAS
o, 23.9, 0.131393, 20.6558407, 35.8649729, 59825.592114, 19.38455006504028, 0.20357553839250003, 64.0, 12.0, ATLAS
o, 23.9, 0.131393, 20.6558407, 35.8649729, 59825.595303, 19.609991640913, 0.31319313598846155, 52.0, 15.0, ATLAS
o, 23.9, 0.131393, 20.6558407, 35.8649729, 59825.600781, 19.241692849698858, 0.19335028303945206, 73.0, 13.0, ATLAS
o, 23.9, 0.131393, 20.6558407, 35.8649729, 59827.513138, 19.115465369040706, 0.17212891051073173, 82.0, 13.0, ATLAS
o, 23.9, 0.131393, 20.6558407, 35.8649729, 59827.51496, 19.14227503252014, 0.190003835833, 80.0, 14.0, ATLAS
o, 23.9, 0.131393, 20.6558407, 35.8649729, 59827.51769, 19.076452685714266, 0.15328040537788237, 85.0, 12.0, ATLAS
o, 23.9, 0.131393, 20.6558407, 35.8649729, 59828.484303, 18.933070664334387, 0.1790905080016495, 97.0, 16.0, ATLAS
o, 23.9, 0.131393, 20.6558407, 35.8649729, 59828.512043, 18.92193481076876, 0.1440262312436735, 98.0, 13.0, ATLAS
o, 23.9, 0.131393, 20.6558407, 35.8649729, 59831.485328, 18.120615347360612, 0.2648137084780488, 205.0, 50.0, ATLAS
o, 23.9, 0.131393, 20.6558407, 35.8649729, 59831.490068, 18.519279139042357, 0.3746554509383099, 142.0, 49.0, ATLAS
o, 23.9, 0.131393, 20.6558407, 35.8649729, 59831.511065, 18.889196565543394, 0.2257471316827723, 101.0, 21.0, ATLAS
o, 23.9, 0.131393, 20.6558407, 35.8649729, 59832.517948, 18.504093769761873, 0.18849586888194445, 144.0, 25.0, ATLAS
o, 23.9, 0.131393, 20.6558407, 35.8649729, 59832.520854, 18.702046884880936, 0.19905163753933333, 120.0, 22.0, ATLAS
o, 23.9, 0.131393, 20.6558407, 35.8649729, 59832.553842, 18.729535345634595, 0.1948757290594872, 117.0, 21.0, ATLAS
o, 23.9, 0.131393, 20.6558407, 35.8649729, 59832.56314, 18.37621246364342, 0.14744565743654323, 162.0, 22.0, ATLAS
o, 23.9, 0.131393, 20.6558407, 35.8649729, 59833.422674, 18.00041129415028, 0.5973919729247161, 229.0, 126.0, ATLAS
o, 23.9, 0.131393, 20.6558407, 35.8649729, 59833.424481, nan, 0.869788672321547, -181.0, 145.0, ATLAS
o, 23.9, 0.131393, 20.6558407, 35.8649729, 59836.505741, 18.467034328969312, 0.13116276299114096, 149.0, 18.0, ATLAS
o, 23.9, 0.131393, 20.6558407, 35.8649729, 59836.534929, 18.657724967479858, 0.16503190312352, 125.0, 19.0, ATLAS
o, 23.9, 0.131393, 20.6558407, 35.8649729, 59836.563118, 19.06375387189108, 0.2146222730339535, 86.0, 17.0, ATLAS
o, 23.9, 0.131393, 20.6558407, 35.8649729, 59836.588087, 18.558198582108982, 0.16642671751795624, 137.0, 21.0, ATLAS
o, 23.9, 0.131393, 20.6558407, 35.8649729, 59837.571433, 18.52695221836155, 0.16170539219829788, 141.0, 21.0, ATLAS
o, 23.9, 0.131393, 20.6558407, 35.8649729, 59837.574624, 18.66644578709441, 0.1751187427032258, 124.0, 20.0, ATLAS
o, 23.9, 0.131393, 20.6558407, 35.8649729, 59837.580615, 18.34972977989986, 0.13081159093493977, 166.0, 20.0, ATLAS
o, 23.9, 0.131393, 20.6558407, 35.8649729, 59837.590997, 18.52695221836155, 0.14630487865560285, 141.0, 19.0, ATLAS
o, 23.9, 0.131393, 20.6558407, 35.8649729, 59838.540278, 18.459771852360795, 0.1302883445712, 150.0, 18.0, ATLAS
o, 23.9, 0.131393, 20.6558407, 35.8649729, 59838.545716, 18.481706663129557, 0.1329472903787755, 147.0, 18.0, ATLAS
o, 23.9, 0.131393, 20.6558407, 35.8649729, 59838.578616, 18.37621246364342, 0.08712697939432099, 162.0, 13.0, ATLAS
o, 23.9, 0.131393, 20.6558407, 35.8649729, 59838.582701, 18.44539103013807, 0.11428802155368421, 152.0, 16.0, ATLAS
o, 23.9, 0.131393, 20.6558407, 35.8649729, 59839.456862, 18.42417075457427, 0.0840569964975484, 155.0, 12.0, ATLAS
o, 23.9, 0.131393, 20.6558407, 35.8649729, 59839.459173, 18.631975075880327, 0.0933054550965625, 128.0, 11.0, ATLAS
o, 23.9, 0.131393, 20.6558407, 35.8649729, 59839.462402, 18.574165578762482, 0.08042490405629629, 135.0, 10.0, ATLAS
o, 23.9, 0.131393, 20.6558407, 35.8649729, 59839.489241, 18.566152729074453, 0.11176696225470589, 136.0, 14.0, ATLAS
o, 23.9, 0.131393, 20.6558407, 35.8649729, 59840.509791, 18.720294981734686, 0.09201154277627119, 118.0, 10.0, ATLAS
o, 23.9, 0.131393, 20.6558407, 35.8649729, 59840.523406, 18.52695221836155, 0.07700256771347519, 141.0, 10.0, ATLAS
o, 23.9, 0.131393, 20.6558407, 35.8649729, 59840.529761, 18.702046884880936, 0.09047801706333333, 120.0, 10.0, ATLAS
o, 23.9, 0.131393, 20.6558407, 35.8649729, 59840.554258, 18.459771852360795, 0.07238241365066667, 150.0, 10.0, ATLAS
o, 23.9, 0.131393, 20.6558407, 35.8649729, 59841.512338, 18.504093769761873, 0.12063735608444445, 144.0, 16.0, ATLAS
o, 23.9, 0.131393, 20.6558407, 35.8649729, 59841.522115, 18.489117860538904, 0.09667514151972603, 146.0, 13.0, ATLAS
o, 23.9, 0.131393, 20.6558407, 35.8649729, 59841.531754, 18.738855026932704, 0.14039692302931037, 116.0, 15.0, ATLAS
o, 23.9, 0.131393, 20.6558407, 35.8649729, 59841.556465, 18.776954943324544, 0.1260229523382143, 112.0, 13.0, ATLAS
o, 23.9, 0.131393, 20.6558407, 35.8649729, 59841.60728, 18.657724967479858, 0.09554478601888, 125.0, 11.0, ATLAS
o, 23.9, 0.131393, 20.6558407, 35.8649729, 59841.615517, 18.615141619232908, 0.1002218035163077, 130.0, 12.0, ATLAS
o, 23.9, 0.131393, 20.6558407, 35.8649729, 59841.635949, 18.826540555786973, 0.18264721201570094, 107.0, 18.0, ATLAS
o, 23.9, 0.131393, 20.6558407, 35.8649729, 59841.638728, 18.382935309920374, 0.20231109405465839, 161.0, 30.0, ATLAS
o, 23.9, 0.131393, 20.6558407, 35.8649729, 59841.641036, 18.459771852360795, 0.24610020641226668, 150.0, 34.0, ATLAS
o, 23.9, 0.131393, 20.6558407, 35.8649729, 59842.508368, 18.511659906337343, 0.0987032913418182, 143.0, 13.0, ATLAS
o, 23.9, 0.131393, 20.6558407, 35.8649729, 59842.511533, 18.640490697610105, 0.10258924769385827, 127.0, 12.0, ATLAS
o, 23.9, 0.131393, 20.6558407, 35.8649729, 59842.517411, 18.542462999364762, 0.08592157016086331, 139.0, 11.0, ATLAS
o, 23.9, 0.131393, 20.6558407, 35.8649729, 59842.529169, 18.58223800408798, 0.09723010788895523, 134.0, 12.0, ATLAS
o, 23.9, 0.131393, 20.6558407, 35.8649729, 59843.558669, 18.878499570595203, 0.11708919855254904, 102.0, 11.0, ATLAS
o, 23.9, 0.131393, 20.6558407, 35.8649729, 59843.568825, 18.878499570595203, 0.13837814374392157, 102.0, 13.0, ATLAS
o, 23.9, 0.131393, 20.6558407, 35.8649729, 59843.577056, 18.9, 0.10857362047600001, 100.0, 10.0, ATLAS
o, 23.9, 0.131393, 20.6558407, 35.8649729, 59843.602136, 18.566152729074453, 0.10378360780794117, 136.0, 13.0, ATLAS
o, 23.9, 0.131393, 20.6558407, 35.8649729, 59845.518421, 18.826540555786973, 0.1420589426788785, 107.0, 14.0, ATLAS
o, 23.9, 0.131393, 20.6558407, 35.8649729, 59845.521584, 18.99053043163611, 0.16522072681130437, 92.0, 14.0, ATLAS
o, 23.9, 0.131393, 20.6558407, 35.8649729, 59845.528157, 18.615141619232908, 0.12527725439538465, 130.0, 15.0, ATLAS
o, 23.9, 0.131393, 20.6558407, 35.8649729, 59845.561105, 19.089301784845293, 0.18095603412666666, 84.0, 14.0, ATLAS
o, 23.9, 0.131393, 20.6558407, 35.8649729, 59846.452649, 18.69303657420887, 0.1525414502555372, 121.0, 17.0, ATLAS
o, 23.9, 0.131393, 20.6558407, 35.8649729, 59846.455057, 18.767303891291448, 0.1345159899702655, 113.0, 14.0, ATLAS
o, 23.9, 0.131393, 20.6558407, 35.8649729, 59846.480919, 18.80643375514844, 0.11953059134972478, 109.0, 12.0, ATLAS
o, 23.9, 0.131393, 20.6558407, 35.8649729, 59846.503559, 18.729535345634595, 0.1113575594625641, 117.0, 12.0, ATLAS
o, 23.9, 0.131393, 20.6558407, 35.8649729, 59849.428511, 18.944321917401076, 0.11309752132916669, 96.0, 10.0, ATLAS
o, 23.9, 0.131393, 20.6558407, 35.8649729, 59849.430771, 19.14227503252014, 0.135717025595, 80.0, 10.0, ATLAS
o, 23.9, 0.131393, 20.6558407, 35.8649729, 59849.44561, 18.92193481076876, 0.1107894086489796, 98.0, 10.0, ATLAS
o, 23.9, 0.131393, 20.6558407, 35.8649729, 59849.448347, 18.97879262861516, 0.11674582846881722, 93.0, 10.0, ATLAS
o, 23.9, 0.131393, 20.6558407, 35.8649729, 59850.447154, 19.318727718234406, 0.15966708893529413, 68.0, 10.0, ATLAS
o, 23.9, 0.131393, 20.6558407, 35.8649729, 59850.450318, 19.54909327626439, 0.23688789922036366, 55.0, 12.0, ATLAS
o, 23.9, 0.131393, 20.6558407, 35.8649729, 59850.455744, 19.128787452803373, 0.14744565743654323, 81.0, 11.0, ATLAS
o, 23.9, 0.131393, 20.6558407, 35.8649729, 59850.47493, 19.115465369040706, 0.14564753966292684, 82.0, 11.0, ATLAS
o, 23.9, 0.131393, 20.6558407, 35.8649729, 59851.490907, 19.14227503252014, 0.135717025595, 80.0, 10.0, ATLAS
o, 23.9, 0.131393, 20.6558407, 35.8649729, 59851.494533, 19.128787452803373, 0.13404150676049384, 81.0, 10.0, ATLAS
o, 23.9, 0.131393, 20.6558407, 35.8649729, 59851.500468, 19.38455006504028, 0.186610910193125, 64.0, 11.0, ATLAS
o, 23.9, 0.131393, 20.6558407, 35.8649729, 59851.53567, 19.54909327626439, 0.1974065826836364, 55.0, 10.0, ATLAS
o, 23.9, 0.131393, 20.6558407, 35.8649729, 59853.468156, 19.51031286081877, 0.19048003592280702, 57.0, 10.0, ATLAS
o, 23.9, 0.131393, 20.6558407, 35.8649729, 59853.473403, 19.36771660839286, 0.16703633919384617, 65.0, 10.0, ATLAS
o, 23.9, 0.131393, 20.6558407, 35.8649729, 59853.479045, 19.43667541247308, 0.1957884959403279, 61.0, 11.0, ATLAS
o, 23.9, 0.131393, 20.6558407, 35.8649729, 59853.509673, 19.287254899964356, 0.18612620653028572, 70.0, 12.0, ATLAS
o, 23.9, 0.131393, 20.6558407, 35.8649729, 59854.462762, 19.38455006504028, 0.16964628199375, 64.0, 10.0, ATLAS
o, 23.9, 0.131393, 20.6558407, 35.8649729, 59854.490736, 19.128787452803373, 0.13404150676049384, 81.0, 10.0, ATLAS
o, 23.9, 0.131393, 20.6558407, 35.8649729, 59854.494344, 19.38455006504028, 0.152681653794375, 64.0, 9.0, ATLAS
o, 23.9, 0.131393, 20.6558407, 35.8649729, 59854.521142, 20.00924374808178, 0.33175272923222227, 36.0, 11.0, ATLAS
o, 23.9, 0.131393, 20.6558407, 35.8649729, 59858.46224, 19.287254899964356, 0.2481682753737143, 70.0, 16.0, ATLAS
o, 23.9, 0.131393, 20.6558407, 35.8649729, 59858.465407, 19.197966019298022, 0.22857604310736843, 76.0, 16.0, ATLAS
o, 23.9, 0.131393, 20.6558407, 35.8649729, 59858.490084, 19.226920700672558, 0.3521306610032433, 74.0, 24.0, ATLAS
o, 23.9, 0.131393, 20.6558407, 35.8649729, 59858.495579, 19.241692849698858, 0.2677157765161644, 73.0, 18.0, ATLAS
o, 23.9, 0.131393, 20.6558407, 35.8649729, 59859.445095, nan, 1.8410309558973914, -46.0, 78.0, ATLAS
o, 23.9, 0.131393, 20.6558407, 35.8649729, 59859.453141, 19.79136830878453, 0.4194889882027273, 44.0, 17.0, ATLAS
o, 23.9, 0.131393, 20.6558407, 35.8649729, 59859.45505, 19.334812993247933, 0.8588659530191045, 67.0, 53.0, ATLAS
o, 23.9, 0.131393, 20.6558407, 35.8649729, 59859.45791, 19.45462187404089, 0.36191206825333333, 60.0, 20.0, ATLAS
o, 23.9, 0.131393, 20.6558407, 35.8649729, 59859.458213, 20.28210492164445, 1.9388146513571431, 28.0, 50.0, ATLAS
o, 23.9, 0.131393, 20.6558407, 35.8649729, 59859.463654, 18.66644578709441, 0.901861524921613, 124.0, 103.0, ATLAS
o, 23.9, 0.131393, 20.6558407, 35.8649729, 59859.464497, 19.92233848243375, 0.6959847466410257, 39.0, 25.0, ATLAS
o, 23.9, 0.131393, 20.6558407, 35.8649729, 59859.49957, 20.00924374808178, 0.4825494243377778, 36.0, 16.0, ATLAS
o, 23.9, 0.131393, 20.6558407, 35.8649729, 59860.467872, 20.03982988912431, 0.8685889638080001, 35.0, 28.0, ATLAS
o, 23.9, 0.131393, 20.6558407, 35.8649729, 59860.494953, 19.76696871556164, 1.0133537911093335, 45.0, 42.0, ATLAS
o, 23.9, 0.131393, 20.6558407, 35.8649729, 59860.523421, 21.514393726401686, 6.876329296813334, 9.0, 57.0, ATLAS
o, 23.9, 0.131393, 20.6558407, 35.8649729, 59860.526829, nan, 5.564398049395001, -16.0, 82.0, ATLAS
o, 23.9, 0.131393, 20.6558407, 35.8649729, 59861.439797, nan, 2.1021700985778726, -47.0, 91.0, ATLAS
o, 23.9, 0.131393, 20.6558407, 35.8649729, 59866.556027, 19.30287727315686, 0.33044145362260874, 69.0, 21.0, ATLAS
o, 23.9, 0.131393, 20.6558407, 35.8649729, 59866.559208, 19.334812993247933, 0.2916903236668657, 67.0, 18.0, ATLAS
o, 23.9, 0.131393, 20.6558407, 35.8649729, 59866.565112, 19.65257498915995, 0.47772393009440006, 50.0, 22.0, ATLAS
o, 23.9, 0.131393, 20.6558407, 35.8649729, 59866.576059, 19.256668758921826, 0.3166730597216667, 72.0, 21.0, ATLAS
o, 23.9, 0.131393, 20.6558407, 35.8649729, 59866.640243, 19.128787452803373, 0.4155286709575309, 81.0, 31.0, ATLAS
o, 23.9, 0.131393, 20.6558407, 35.8649729, 59867.45657, 19.569015600442576, 0.3418058422392593, 54.0, 17.0, ATLAS
o, 23.9, 0.131393, 20.6558407, 35.8649729, 59867.459734, 20.207196863200842, 0.5066768955546668, 30.0, 14.0, ATLAS
o, 23.9, 0.131393, 20.6558407, 35.8649729, 59867.463717, 19.631074559755156, 0.2554673422964706, 51.0, 12.0, ATLAS
o, 23.9, 0.131393, 20.6558407, 35.8649729, 59867.465165, 19.841876774005247, 0.3877629302714286, 42.0, 15.0, ATLAS
o, 23.9, 0.131393, 20.6558407, 35.8649729, 59867.466946, 19.51031286081877, 0.24762404669964913, 57.0, 13.0, ATLAS
o, 23.9, 0.131393, 20.6558407, 35.8649729, 59867.473411, 19.609991640913, 0.31319313598846155, 52.0, 15.0, ATLAS
o, 23.9, 0.131393, 20.6558407, 35.8649729, 59867.475576, 19.589310325998028, 0.2867982427667925, 53.0, 14.0, ATLAS
o, 23.9, 0.131393, 20.6558407, 35.8649729, 59867.4971, 19.318727718234406, 0.19160050672235296, 68.0, 12.0, ATLAS
o, 23.9, 0.131393, 20.6558407, 35.8649729, 59868.434359, 19.419020776254364, 0.1926306169735484, 62.0, 11.0, ATLAS
o, 23.9, 0.131393, 20.6558407, 35.8649729, 59868.437592, 19.54909327626439, 0.2566285574887273, 55.0, 13.0, ATLAS
o, 23.9, 0.131393, 20.6558407, 35.8649729, 59868.44318, 19.65257498915995, 0.23886196504720003, 50.0, 11.0, ATLAS
o, 23.9, 0.131393, 20.6558407, 35.8649729, 59868.454655, 19.569015600442576, 0.2412747121688889, 54.0, 12.0, ATLAS
o, 23.9, 0.131393, 20.6558407, 35.8649729, 59869.458839, 21.296518287104437, 1.08573620476, 11.0, 11.0, ATLAS
o, 23.9, 0.131393, 20.6558407, 35.8649729, 59869.462002, 19.569015600442576, 0.2412747121688889, 54.0, 12.0, ATLAS
o, 23.9, 0.131393, 20.6558407, 35.8649729, 59869.496346, 19.69689690656103, 0.3166730597216667, 48.0, 14.0, ATLAS
o, 23.9, 0.131393, 20.6558407, 35.8649729, 59869.506235, 19.79136830878453, 0.2961098740254546, 44.0, 12.0, ATLAS
o, 23.9, 0.131393, 20.6558407, 35.8649729, 59870.448691, 19.79136830878453, 0.27143405119, 44.0, 11.0, ATLAS
o, 23.9, 0.131393, 20.6558407, 35.8649729, 59870.456295, 19.743105420796063, 0.21242664875739134, 46.0, 9.0, ATLAS
o, 23.9, 0.131393, 20.6558407, 35.8649729, 59870.459459, 19.79136830878453, 0.2961098740254546, 44.0, 12.0, ATLAS
o, 23.9, 0.131393, 20.6558407, 35.8649729, 59870.479638, 20.137125054200233, 0.40715107678500007, 32.0, 12.0, ATLAS
o, 23.9, 0.131393, 20.6558407, 35.8649729, 59871.420448, 20.405149978319905, 0.34743558552320003, 25.0, 8.0, ATLAS
o, 23.9, 0.131393, 20.6558407, 35.8649729, 59871.427753, 19.743105420796063, 0.21242664875739134, 46.0, 9.0, ATLAS
o, 23.9, 0.131393, 20.6558407, 35.8649729, 59871.43099, 20.03982988912431, 0.2481682753737143, 35.0, 8.0, ATLAS
o, 23.9, 0.131393, 20.6558407, 35.8649729, 59871.462292, 20.449471895720983, 0.40715107678500007, 24.0, 9.0, ATLAS
o, 23.9, 0.131393, 20.6558407, 35.8649729, 59872.441822, 19.894850021680092, 0.35286426654700004, 40.0, 13.0, ATLAS
o, 23.9, 0.131393, 20.6558407, 35.8649729, 59872.444596, 19.841876774005247, 0.3102103442171429, 42.0, 12.0, ATLAS
o, 23.9, 0.131393, 20.6558407, 35.8649729, 59872.463084, 19.743105420796063, 0.33044145362260874, 46.0, 14.0, ATLAS
o, 23.9, 0.131393, 20.6558407, 35.8649729, 59872.479931, 19.69689690656103, 0.24881454692416669, 48.0, 11.0, ATLAS
o, 23.9, 0.131393, 20.6558407, 35.8649729, 59873.423433, 20.03982988912431, 0.43429448190400005, 35.0, 14.0, ATLAS
o, 23.9, 0.131393, 20.6558407, 35.8649729, 59873.426205, 20.10371515030528, 0.3948131653672728, 33.0, 12.0, ATLAS
o, 23.9, 0.131393, 20.6558407, 35.8649729, 59873.43268, 20.543943297944484, 0.6415713937218183, 22.0, 13.0, ATLAS
o, 23.9, 0.131393, 20.6558407, 35.8649729, 59873.443303, 19.894850021680092, 0.35286426654700004, 40.0, 13.0, ATLAS
o, 23.9, 0.131393, 20.6558407, 35.8649729, 59873.574927, 19.86804035820066, 0.3177764501736585, 41.0, 12.0, ATLAS
o, 23.9, 0.131393, 20.6558407, 35.8649729, 59873.585054, 20.703115997617928, 0.6857281293221053, 19.0, 12.0, ATLAS
o, 23.9, 0.131393, 20.6558407, 35.8649729, 59873.588737, 20.00924374808178, 0.4222307462955556, 36.0, 14.0, ATLAS
o, 23.9, 0.131393, 20.6558407, 35.8649729, 59873.594258, 20.959771852360795, 1.08573620476, 15.0, 15.0, ATLAS
o, 23.9, 0.131393, 20.6558407, 35.8649729, 59875.426515, 20.00924374808178, 0.33175272923222227, 36.0, 11.0, ATLAS
o, 23.9, 0.131393, 20.6558407, 35.8649729, 59875.430279, 20.28210492164445, 0.3877629302714286, 28.0, 10.0, ATLAS
o, 23.9, 0.131393, 20.6558407, 35.8649729, 59875.444226, 20.405149978319905, 0.43429448190400005, 25.0, 10.0, ATLAS
o, 23.9, 0.131393, 20.6558407, 35.8649729, 59875.459729, 20.07130270739436, 0.3512675956576471, 34.0, 11.0, ATLAS
o, 23.9, 0.131393, 20.6558407, 35.8649729, 59876.442863, 20.207196863200842, 0.36191206825333333, 30.0, 10.0, ATLAS
o, 23.9, 0.131393, 20.6558407, 35.8649729, 59876.446697, 20.10371515030528, 0.329010971139394, 33.0, 10.0, ATLAS
o, 23.9, 0.131393, 20.6558407, 35.8649729, 59876.477522, 20.495680409956016, 0.5192651414069566, 23.0, 11.0, ATLAS
o, 23.9, 0.131393, 20.6558407, 35.8649729, 59876.506061, 20.889700043360186, 0.678585127975, 16.0, 10.0, ATLAS
o, 23.9, 0.131393, 20.6558407, 35.8649729, 59877.332404, 19.79136830878453, 0.24675822835454547, 44.0, 10.0, ATLAS
o, 23.9, 0.131393, 20.6558407, 35.8649729, 59877.336209, 20.449471895720983, 0.45239008531666675, 24.0, 10.0, ATLAS
o, 23.9, 0.131393, 20.6558407, 35.8649729, 59877.341827, 19.719755355160704, 0.207906932826383, 47.0, 9.0, ATLAS
o, 23.9, 0.131393, 20.6558407, 35.8649729, 59877.351997, 19.950541008457975, 0.3142920592726316, 38.0, 11.0, ATLAS
o, 23.9, 0.131393, 20.6558407, 35.8649729, 59880.416876, 20.171595765414317, 0.4903324795690323, 31.0, 14.0, ATLAS
o, 23.9, 0.131393, 20.6558407, 35.8649729, 59880.420569, 21.202046884880936, 0.8143021535700001, 12.0, 9.0, ATLAS
o, 23.9, 0.131393, 20.6558407, 35.8649729, 59880.42611, 20.171595765414317, 0.3152137368658065, 31.0, 9.0, ATLAS
o, 23.9, 0.131393, 20.6558407, 35.8649729, 59880.439558, 19.950541008457975, 0.2857200538842105, 38.0, 10.0, ATLAS
ZTF_g, 23.9, 0.131393, 20.6558407, 35.8649729, 59822.4443518999, 20.7278, 0.3414975879501135, 18.572911956630964, 5.841754752759044, ZTF
ZTF_g, 23.9, 0.131393, 20.6558407, 35.8649729, 59824.40914350003, 19.72756, 0.134282283260071, 46.663359247645595, 5.771256772029538, ZTF
ZTF_g, 23.9, 0.131393, 20.6558407, 35.8649729, 59828.466296299826, 18.709246, 0.08512423330828926, 119.20695648712314, 9.346101503747882, ZTF
ZTF_g, 23.9, 0.131393, 20.6558407, 35.8649729, 59839.322511599865, 18.24881, 0.06029823251057901, 182.16963996468152, 10.117105111537601, ZTF
ZTF_g, 23.9, 0.131393, 20.6558407, 35.8649729, 59839.3608448999, 18.228792, 0.07616159145009706, 185.55950272656602, 13.016520011385136, ZTF
ZTF_g, 23.9, 0.131393, 20.6558407, 35.8649729, 59841.35151620023, 18.326735, 0.05282063960124333, 169.5532036352192, 8.2486967121372, ZTF
ZTF_g, 23.9, 0.131393, 20.6558407, 35.8649729, 59841.36863429984, 18.307081, 0.05195197304399555, 172.65040442502956, 8.261241650965083, ZTF
ZTF_g, 23.9, 0.131393, 20.6558407, 35.8649729, 59843.389907400124, 18.42704, 0.054469392898797084, 154.59092649354793, 7.755543083899879, ZTF
ZTF_g, 23.9, 0.131393, 20.6558407, 35.8649729, 59846.379270799924, 18.593931, 0.06155125327814641, 132.56461046405923, 7.515193726265924, ZTF
ZTF_g, 23.9, 0.131393, 20.6558407, 35.8649729, 59848.3833217998, 18.753963, 0.07785785634079131, 114.39704333962001, 8.20338174880723, ZTF
ZTF_g, 23.9, 0.131393, 20.6558407, 35.8649729, 59850.387303200085, 18.90109, 0.08775713634865347, 99.89965766656694, 8.074620557547519, ZTF
ZTF_g, 23.9, 0.131393, 20.6558407, 35.8649729, 59852.34635420004, 19.048815, 0.07671520354324335, 87.19147006219413, 6.160715046372062, ZTF
ZTF_g, 23.9, 0.131393, 20.6558407, 35.8649729, 59854.38600690011, 19.2287, 0.10555386040382979, 73.87882846680746, 7.182403527298472, ZTF
ZTF_g, 23.9, 0.131393, 20.6558407, 35.8649729, 59856.327974500135, 19.40933, 0.11936334993842769, 62.55586014047035, 6.8772478912562764, ZTF
ZTF_g, 23.9, 0.131393, 20.6558407, 35.8649729, 59858.426967599895, 19.572035, 0.10905681300927376, 53.85003625170251, 5.4089688713500035, ZTF
ZTF_g, 23.9, 0.131393, 20.6558407, 35.8649729, 59860.34930559993, 19.7703, 0.24880110523525253, 44.862141412836216, 10.280352002447158, ZTF
ZTF_g, 23.9, 0.131393, 20.6558407, 35.8649729, 59866.28872689977, 20.1588, 0.28384541808185426, 31.36750674125324, 8.200447793968992, ZTF
ZTF_g, 23.9, 0.131393, 20.6558407, 35.8649729, 59870.353634300176, 20.6429, 0.28638703467463794, 20.0835277179193, 5.297476425419746, ZTF
ZTF_g, 23.9, 0.131393, 20.6558407, 35.8649729, 59874.381215299945, 20.62925, 0.23297322573882684, 20.33761398425739, 4.363969362881171, ZTF
ZTF_g, 23.9, 0.131393, 20.6558407, 35.8649729, 59877.406655100174, 20.655, 0.27040190322079416, 19.860949173573676, 4.946356612924137, ZTF
ZTF_r, 23.9, 0.131393, 20.6558407, 35.8649729, 59824.38804400014, 19.89099, 0.15863228133629723, 40.14246154446367, 5.865043668374735, ZTF
ZTF_r, 23.9, 0.131393, 20.6558407, 35.8649729, 59826.43416670011, 19.27891, 0.09546896746704939, 70.54008846748856, 6.202601867286976, ZTF
ZTF_r, 23.9, 0.131393, 20.6558407, 35.8649729, 59843.30390049983, 18.525494, 0.05888803296904841, 141.18949992022073, 7.657819541923899, ZTF
ZTF_r, 23.9, 0.131393, 20.6558407, 35.8649729, 59846.424363399856, 18.675962, 0.08620572295299073, 122.91791927105591, 9.759486741055118, ZTF
ZTF_r, 23.9, 0.131393, 20.6558407, 35.8649729, 59848.34417819977, 18.867327, 0.08591428924395493, 103.05503141015762, 8.154743056186728, ZTF
ZTF_r, 23.9, 0.131393, 20.6558407, 35.8649729, 59850.342499999795, 18.971603, 0.0921856726868906, 93.61787952639934, 7.948732999623146, ZTF
ZTF_r, 23.9, 0.131393, 20.6558407, 35.8649729, 59852.32282410003, 19.152199, 0.09005976157697443, 79.27210670686569, 6.575471093646464, ZTF
ZTF_r, 23.9, 0.131393, 20.6558407, 35.8649729, 59854.34523149999, 19.2218, 0.09247383730243948, 74.34983344962373, 6.332490683962938, ZTF
ZTF_r, 23.9, 0.131393, 20.6558407, 35.8649729, 59856.34177079983, 19.188278, 0.12113341760056841, 76.68118223339538, 8.555166189411919, ZTF
ZTF_r, 23.9, 0.131393, 20.6558407, 35.8649729, 59858.32349540014, 19.450548, 0.16616887019956775, 60.22555349294281, 9.217351449819342, ZTF
ZTF_r, 23.9, 0.131393, 20.6558407, 35.8649729, 59860.41148150014, 19.315228, 0.17665339512562567, 68.21954209525937, 11.09957803028868, ZTF
ZTF_r, 23.9, 0.131393, 20.6558407, 35.8649729, 59862.32848379994, 19.12987, 0.1589901699231711, 80.91927816104716, 11.84944347299269, ZTF
ZTF_r, 23.9, 0.131393, 20.6558407, 35.8649729, 59864.31564809987, 19.355661, 0.1768218356331013, 65.72575748161432, 10.704026480211231, ZTF
ZTF_r, 23.9, 0.131393, 20.6558407, 35.8649729, 59866.359826399945, 19.531763, 0.12983634432048938, 55.88494141625659, 6.682927643234821, ZTF
ZTF_r, 23.9, 0.131393, 20.6558407, 35.8649729, 59870.301111099776, 19.598028, 0.11886160163492117, 52.57615232426244, 5.755804813052917, ZTF
ZTF_r, 23.9, 0.131393, 20.6558407, 35.8649729, 59872.3911342998, 19.755993, 0.15094178680818623, 45.45721243102679, 6.319576373687544, ZTF
ZTF_r, 23.9, 0.131393, 20.6558407, 35.8649729, 59874.29421300022, 19.842344, 0.13478894272774833, 41.98192998446549, 5.211855266010313, ZTF
ZTF_r, 23.9, 0.131393, 20.6558407, 35.8649729, 59877.36836809991, 19.975483, 0.18913110182768222, 37.13699849011734, 6.469123358156279, ZTF
ZTF_r, 23.9, 0.131393, 20.6558407, 35.8649729, 59880.22849539993, 20.242287, 0.21600335724711903, 29.045924222413454, 5.778583341773687, ZTF
