MJD,m,dm,uJy,duJy,F,err,chi/N,RA,Dec,x,y,maj,min,phi,apfit,mag5sig,Sky,Obs
60396.388757,-20.318,1.062,-27,29,o,0,1.71,339.94037,-66.73379,1634.03,6391.02,2.1,1.91,-80.7,-0.409,18.5,18.88,04a60396o0886o
60396.394918,23.735,19.556,1,23,o,0,2.7,339.94037,-66.73379,1612.74,6351.68,2.16,1.92,-76.3,-0.394,18.52,18.93,04a60396o0899o
60396.406863,-19.097,0.334,-83,28,o,0,2.96,339.94037,-66.73379,1671.1,6436.66,2.17,1.94,-67.8,-0.421,18.49,18.91,04a60396o0924o
60396.41151,-20.073,0.944,-34,32,o,0,1.14,339.94037,-66.73379,1690.89,6323.33,2.17,1.94,-60.8,-0.433,18.38,18.73,04a60396o0934o
60402.352993,-18.689,0.142,-121,17,o,0,7.49,339.94037,-66.73379,60.39,2079.47,2.13,1.89,31.5,-0.462,19.55,19.68,04a60402o0294o
60402.35996,-20.941,1.339,-15,20,o,0,0.9,339.94037,-66.73379,39.36,2039.96,2.34,1.91,36.3,-0.437,19.52,19.66,04a60402o0299o
60402.403593,-19.246,0.179,-73,13,o,0,4.16,339.94037,-66.73379,93.57,2135.53,2.25,1.92,43.5,-0.43,19.58,19.75,04a60402o0330o
60405.342643,-19.068,0.148,-86,13,o,0,7.72,339.94037,-66.73379,61.06,2078.51,2.63,2.24,21.8,-0.437,19.5,20.65,04a60405o0289o
60405.355201,21.177,1.254,12,15,o,0,0.63,339.94037,-66.73379,38.22,2040.33,2.44,2.18,28.0,-0.433,19.72,20.42,04a60405o0298o
60405.363506,19.863,0.275,41,11,o,0,4.62,339.94037,-66.73379,94.61,2126.8,2.36,2.14,29.0,-0.431,19.68,20.3,04a60405o0304o
60405.367637,22.154,1.978,5,10,o,0,1.73,339.94037,-66.73379,8685.95,2187.33,2.71,2.57,-72.6,-0.347,19.66,20.14,04a60405o0307o
60405.402856,20.224,0.285,30,8,o,0,3.72,339.94037,-66.73379,8660.77,2161.64,2.59,2.46,-65.6,-0.379,19.75,20.2,04a60405o0332o
60405.415701,22.863,6.566,3,17,o,0,1.46,339.94037,-66.73379,8715.86,2240.48,2.56,2.42,-81.3,-0.389,19.1,19.03,04a60405o0341o
60408.3893,19.885,0.244,40,10,o,0,5.62,339.94037,-66.73379,3605.12,6397.48,2.48,2.13,-58.2,-0.428,19.89,20.41,04a60408o0323o
60408.396234,21.355,0.863,10,9,o,0,3.92,339.94037,-66.73379,3584.32,6360.19,2.42,2.09,-60.3,-0.439,19.88,20.43,04a60408o0328o
60408.407569,20.202,0.303,30,9,o,0,3.3,339.94037,-66.73379,3644.61,6444.26,2.35,2.08,-60.3,-0.429,19.85,20.32,04a60408o0336o
60420.365333,-19.965,0.361,-38,14,o,0,3.84,339.94037,-66.73379,3125.41,8323.9,2.34,1.87,-67.0,-0.449,19.2,20.44,04a60420o0868o
60420.389495,19.61,0.374,52,19,o,0,2.3,339.94037,-66.73379,3104.55,8292.93,2.43,1.99,-66.9,-0.436,18.83,20.12,04a60420o0919o
60420.402588,-19.208,0.23,-75,17,o,0,3.52,339.94037,-66.73379,3170.75,8378.46,2.27,1.95,-52.3,-0.388,19.18,20.42,04a60420o0946o
60420.408366,20.452,0.709,24,17,o,0,2.78,339.94037,-66.73379,3191.48,8264.45,2.61,2.17,-45.0,-0.37,19.06,20.42,04a60420o0958o
60422.143519,20.861,0.867,16,14,o,0,2.73,339.94037,-66.73379,5006.0,8252.57,2.84,2.41,-38.9,-0.369,18.98,20.1,03a60422o0240o
60422.161492,19.601,0.283,52,15,o,0,2.58,339.94037,-66.73379,4984.74,8206.74,2.59,2.17,-37.8,-0.386,19.33,20.61,03a60422o0275o
60422.163888,19.655,0.252,50,12,o,0,3.86,339.94037,-66.73379,5044.7,8286.66,2.59,2.2,-38.8,-0.389,19.29,20.61,03a60422o0280o
60422.166773,-20.227,0.44,-30,13,o,0,2.4,339.94037,-66.73379,5066.93,8170.55,2.53,2.17,-38.5,-0.393,19.27,20.51,03a60422o0286o
60424.347244,20.589,2.755,21,58,o,0,0.89,339.94037,-66.73379,7551.85,6151.53,2.54,2.36,-48.0,-0.388,17.81,18.13,04a60424o0823o
60424.350434,19.884,1.727,40,70,o,0,0.94,339.94037,-66.73379,7532.17,6114.73,2.68,2.38,-57.4,-0.389,17.63,17.8,04a60424o0830o
60424.353604,-19.3,0.644,-69,44,o,0,1.4,339.94037,-66.73379,7591.52,6189.85,2.7,2.44,-45.0,-0.386,18.12,18.43,04a60424o0837o
60424.375288,-24.439,55.667,-1,34,o,0,1.55,339.94037,-66.73379,7609.39,6082.0,2.76,2.5,-53.3,-0.422,18.27,18.8,04a60424o0883o
60428.34672,19.933,0.541,39,21,o,0,2.58,339.94037,-66.73379,5949.19,4382.41,2.32,2.15,-73.6,-0.44,18.68,19.44,04a60428o0839o
60428.349919,20.277,0.881,28,25,o,0,1.93,339.94037,-66.73379,5929.56,4345.0,2.41,2.23,-46.2,-0.44,18.62,19.42,04a60428o0846o
60428.36521,-20.508,1.077,-23,24,o,0,1.46,339.94037,-66.73379,5987.65,4426.64,2.29,2.1,-41.5,-0.45,18.72,19.4,04a60428o0876o
60428.37213,-24.829,57.333,0,24,o,0,1.8,339.94037,-66.73379,6005.96,4312.47,2.25,2.08,-32.0,-0.457,18.74,19.49,04a60428o0891o
60432.360311,-18.976,0.303,-93,28,o,0,1.47,339.94037,-66.73379,67.1,2108.04,2.46,1.87,44.3,-0.416,18.93,19.8,04a60432o0876o
60432.361218,-22.503,5.522,-4,20,o,0,1.33,339.94037,-66.73379,8685.47,2216.01,2.41,2.24,-38.8,-0.399,18.86,19.71,04a60432o0878o
60432.385227,-18.92,0.246,-98,24,o,0,3.45,339.94037,-66.73379,57.68,2076.54,2.73,1.94,41.7,-0.4,18.89,19.76,04a60432o0928o
60432.386161,20.094,0.79,33,26,o,0,1.13,339.94037,-66.73379,8672.8,2190.6,2.62,2.42,-35.7,-0.361,18.88,19.66,04a60432o0930o
60432.395886,-20.622,1.013,-20,21,o,0,2.09,339.94037,-66.73379,121.96,2166.81,2.15,1.97,52.3,-0.424,18.93,19.83,04a60432o0951o
60432.39972,-19.617,0.389,-52,20,o,0,2.31,339.94037,-66.73379,141.01,2051.71,2.48,1.96,47.5,-0.414,18.94,19.8,04a60432o0959o
60432.401107,19.496,0.348,58,20,o,0,1.78,339.94037,-66.73379,8734.09,2273.1,2.49,2.28,-27.1,-0.394,18.91,19.72,04a60432o0962o
60432.412002,20.064,0.629,34,22,o,0,1.5,339.94037,-66.73379,8758.77,2155.96,2.44,2.33,-54.2,-0.392,18.9,19.72,04a60432o0984o
60436.353083,-20.341,0.698,-26,18,o,0,1.91,339.94037,-66.73379,5398.91,612.94,2.78,2.66,34.1,-0.368,18.91,20.3,04a60436o0873o
60436.376629,19.592,0.326,53,17,o,0,2.52,339.94037,-66.73379,5388.31,584.54,2.44,2.36,13.5,-0.399,19.03,20.35,04a60436o0923o
60436.379424,25.807,89.0,0,15,o,0,2.29,339.94037,-66.73379,5443.95,663.39,2.49,2.44,34.5,-0.399,19.01,20.32,04a60436o0929o
60436.38594,-22.357,4.08,-4,17,o,0,1.32,339.94037,-66.73379,5462.59,547.01,2.5,2.32,21.5,-0.4,19.04,20.31,04a60436o0943o
60440.322453,-19.193,0.241,-76,18,o,0,2.4,339.94037,-66.73379,2316.48,236.28,2.59,2.08,36.6,-0.42,18.99,20.22,04a60440o0807o
60440.32433,-23.016,9.077,-2,20,o,0,3.09,339.94037,-66.73379,8662.57,10375.45,2.44,2.28,-7.6,-0.438,18.96,20.13,04a60440o0811o
60440.325244,-20.01,0.547,-36,20,o,0,1.4,339.94037,-66.73379,2297.3,195.88,2.49,2.06,38.5,-0.429,19.02,20.28,04a60440o0813o
60440.327579,20.388,0.752,25,19,o,0,2.14,339.94037,-66.73379,8639.5,10338.77,2.34,2.1,-8.5,-0.502,18.95,20.06,04a60440o0818o
60440.347811,-19.991,0.521,-37,19,o,0,1.48,339.94037,-66.73379,2360.08,289.48,2.83,2.37,39.2,-0.389,18.98,20.29,04a60440o0859o
60440.348779,-18.0,0.08,-229,18,o,0,2.6,339.94037,-66.73379,8707.81,10424.68,2.85,2.49,-76.3,-0.397,18.97,20.23,04a60440o0861o
60440.352985,-18.701,0.169,-120,20,o,0,1.67,339.94037,-66.73379,2379.1,172.3,3.09,2.57,36.3,-0.382,18.88,20.27,04a60440o0870o
60440.353933,19.701,0.382,48,18,o,0,2.29,339.94037,-66.73379,8728.82,10306.82,2.55,2.4,-50.4,-0.435,18.94,20.22,04a60440o0872o
60442.072493,-20.75,0.568,-18,10,c,0,2.36,339.94037,-66.73379,9138.86,7978.05,2.92,2.44,-48.1,-0.38,19.18,20.72,03a60442o0816c
60442.093914,-20.963,0.87,-15,13,c,0,1.91,339.94037,-66.73379,9111.84,7945.59,3.06,2.65,-44.8,-0.369,19.21,20.8,03a60442o0860c
60442.09765,-24.834,29.0,0,12,c,0,1.82,339.94037,-66.73379,9171.56,8019.08,3.03,2.62,-51.5,-0.378,19.18,20.83,03a60442o0868c
60442.102854,-19.468,0.206,-59,12,c,0,2.0,339.94037,-66.73379,9195.13,7899.05,2.92,2.47,-45.6,-0.378,19.28,20.82,03a60442o0879c
60442.180429,-19.751,0.473,-46,22,c,0,2.01,339.94037,-66.73379,9147.25,7969.3,2.82,2.29,-52.4,-0.375,18.61,19.29,03a60442o1037c
60446.015727,-19.34,0.174,-67,12,c,0,2.22,339.94037,-66.73379,1502.01,6329.47,2.67,2.45,-43.0,-0.404,19.29,20.83,03a60446o0674c
60446.031667,-20.913,0.813,-16,13,c,0,2.05,339.94037,-66.73379,1481.73,6273.0,2.56,2.35,-40.9,-0.413,19.33,20.85,03a60446o0706c
60446.03456,-20.66,0.829,-20,16,c,0,0.93,339.94037,-66.73379,1537.52,6363.54,2.71,2.46,-56.7,-0.399,19.31,20.84,03a60446o0712c
60446.039779,0.0,21.24,0,12,c,0,1.74,339.94037,-66.73379,1559.16,6248.97,2.59,2.39,-43.0,-0.408,19.34,20.87,03a60446o0723c
60448.35121,-20.884,0.936,-16,15,o,0,1.94,339.94037,-66.73379,3225.19,2640.38,2.35,2.17,49.9,-0.403,19.08,20.35,04a60448o0876o
60448.364616,-21.179,1.349,-12,16,o,0,2.0,339.94037,-66.73379,3212.17,2608.93,2.34,2.19,44.6,-0.408,19.07,20.31,04a60448o0904o
60448.377981,-19.602,0.261,-52,14,o,0,2.8,339.94037,-66.73379,3277.31,2692.37,2.27,2.22,61.0,-0.433,19.15,20.38,04a60448o0932o
60448.394399,-19.868,0.301,-41,12,o,0,3.52,339.94037,-66.73379,3305.79,2583.27,2.14,2.02,48.9,-0.424,19.23,20.47,04a60448o0967o
60450.088854,20.594,1.0,21,21,o,0,1.67,339.94037,-66.73379,871.38,8179.91,2.59,2.23,-55.0,-0.385,18.9,19.79,03a60450o0839o
60450.091712,-21.099,1.877,-13,25,o,0,1.15,339.94037,-66.73379,853.11,8135.21,2.55,2.27,-50.8,-0.384,18.58,19.45,03a60450o0845o
60450.10718,-17.988,0.521,-232,121,o,0,1.7,339.94037,-66.73379,911.75,8214.01,2.52,2.16,-51.9,-0.386,17.01,17.94,03a60450o0876o
60450.111547,19.844,2.455,42,103,o,0,0.98,339.94037,-66.73379,934.61,8097.49,2.49,2.2,-58.5,-0.388,16.89,17.86,03a60450o0885o
60456.222773,19.15,0.52,79,41,o,0,1.1,339.94037,-66.73379,4059.33,4463.62,2.35,2.22,-79.1,-0.391,18.1,19.61,04a60456o0588o
60456.252004,-17.472,0.309,-373,115,o,0,1.26,339.94037,-66.73379,4036.5,4435.72,2.38,2.23,-89.7,-0.395,17.13,17.35,04a60456o0648o
60456.28044,21.556,3.111,9,27,o,0,1.61,339.94037,-66.73379,4094.67,4523.58,2.17,2.1,-84.3,-0.414,18.44,19.01,04a60456o0706o
60456.304956,19.449,0.478,60,29,o,0,1.29,339.94037,-66.73379,4117.66,4417.39,2.38,2.26,85.4,-0.398,18.41,19.06,04a60456o0757o
60458.087208,19.952,0.607,38,23,o,0,1.4,339.94037,-66.73379,7170.22,521.67,2.38,2.27,-42.4,-0.393,18.73,19.3,03a60458o0844o
60458.105634,-19.776,0.468,-45,21,o,0,2.11,339.94037,-66.73379,7159.9,480.3,2.37,2.2,-39.6,-0.399,18.76,19.34,03a60458o0881o
60458.108411,20.998,1.218,14,18,o,0,2.54,339.94037,-66.73379,7210.27,557.4,2.27,2.11,-44.2,-0.409,18.81,19.35,03a60458o0887o
60458.113541,22.686,8.435,3,26,o,0,1.96,339.94037,-66.73379,7232.08,439.64,2.26,2.13,-42.3,-0.412,18.81,19.37,03a60458o0898o
60464.403257,20.857,0.805,16,13,c,0,2.57,339.94037,-66.73379,1985.09,2219.49,2.5,2.03,45.6,-0.388,19.09,20.86,04a60464o0774c
60464.407496,20.814,1.014,17,17,c,0,2.03,339.94037,-66.73379,1971.58,2182.46,2.5,2.08,43.9,-0.383,18.8,20.55,04a60464o0783c
60464.427941,-22.76,17.4,-3,50,c,0,1.93,339.94037,-66.73379,8856.75,8467.34,2.96,2.37,-58.5,-0.393,18.21,19.89,04a60464o0826c
60464.440849,19.859,1.473,41,61,c,0,1.28,339.94037,-66.73379,8833.6,8573.61,2.92,2.37,-57.5,-0.405,17.75,18.72,04a60464o0853c
60468.287836,21.752,1.312,7,10,c,0,2.2,339.94037,-66.73379,5032.85,2576.34,2.35,2.3,8.6,-0.4,19.46,21.35,04a60468o0751c
60468.289649,20.201,0.349,30,10,c,0,2.27,339.94037,-66.73379,5016.33,2535.81,2.28,2.26,-1.3,-0.405,19.47,21.33,04a60468o0755c
60468.302095,-20.474,0.343,-24,8,c,0,4.05,339.94037,-66.73379,5076.85,2616.56,2.27,2.23,-9.0,-0.4,19.49,21.35,04a60468o0781c
60468.312777,-21.18,0.718,-12,9,c,0,2.76,339.94037,-66.73379,5099.17,2506.54,2.29,2.27,12.0,-0.405,19.5,21.34,04a60468o0804c
60478.062968,20.366,0.526,26,14,o,0,1.87,339.94037,-66.73379,5865.4,4400.25,2.48,2.27,-54.5,-0.41,19.21,20.69,03a60478o0804o
60478.065266,20.477,0.587,23,14,o,0,1.98,339.94037,-66.73379,5847.25,4361.17,2.47,2.16,-57.5,-0.404,19.24,20.69,03a60478o0809o
60478.070751,20.164,0.418,31,13,o,0,2.72,339.94037,-66.73379,5905.36,4438.43,2.28,2.08,-53.5,-0.426,19.33,20.7,03a60478o0821o
60478.076262,19.663,0.304,50,15,o,0,2.37,339.94037,-66.73379,5927.45,4322.47,2.3,2.09,-51.6,-0.422,19.26,20.59,03a60478o0833o
60481.995324,20.495,1.895,23,44,o,0,0.82,339.94037,-66.73379,41.57,1961.23,2.96,2.47,-86.5,-0.377,18.3,18.69,03a60482o0666o
60482.011853,18.734,0.321,117,37,o,0,1.59,339.94037,-66.73379,82.0,1998.42,2.88,2.57,-77.9,-0.361,18.26,18.69,03a60482o0701o
60482.015507,18.549,0.251,138,35,o,0,1.49,339.94037,-66.73379,102.95,1882.71,2.69,2.49,-66.7,-0.383,18.31,18.71,03a60482o0709o
60482.020145,19.221,0.419,74,31,o,0,1.2,339.94037,-66.73379,8643.4,2310.71,2.61,2.36,-29.2,-0.408,18.3,18.69,03a60482o0719o
60482.022988,18.019,0.149,225,34,o,0,1.24,339.94037,-66.73379,8626.49,2273.15,2.66,2.36,-55.1,-0.408,18.26,18.68,03a60482o0725o
60482.034894,18.934,0.339,97,33,o,0,1.08,339.94037,-66.73379,8685.59,2348.07,2.62,2.29,-53.5,-0.398,18.29,18.68,03a60482o0750o
60482.039601,18.167,0.179,196,35,o,0,1.38,339.94037,-66.73379,8707.83,2230.58,2.57,2.27,-60.4,-0.399,18.31,18.66,03a60482o0760o
60484.354385,18.449,0.203,152,31,o,0,1.11,339.94037,-66.73379,3699.45,6464.2,2.46,2.19,-74.4,-0.386,18.34,18.83,04a60484o0085o
60484.356193,17.836,0.096,266,26,o,0,1.88,339.94037,-66.73379,3679.44,6426.39,2.35,2.09,-71.3,-0.398,18.4,18.86,04a60484o0089o
60484.358947,17.915,0.118,248,29,o,0,1.37,339.94037,-66.73379,3741.8,6506.38,2.39,2.15,-66.9,-0.405,18.41,18.86,04a60484o0095o
60484.364001,18.268,0.164,179,29,o,0,1.61,339.94037,-66.73379,3766.25,6392.19,2.61,2.37,-73.4,-0.381,18.3,18.87,04a60484o0106o
60486.055463,17.594,0.095,333,32,o,0,1.17,339.94037,-66.73379,5427.61,615.77,2.56,2.42,-43.7,-0.407,18.54,19.03,03a60486o0792o
60486.075915,17.461,0.086,376,32,o,0,1.17,339.94037,-66.73379,5417.34,572.64,2.54,2.42,-24.2,-0.385,18.51,19.06,03a60486o0835o
60486.076834,17.858,0.1,261,26,o,0,2.01,339.94037,-66.73379,1890.53,10519.08,2.91,2.47,-44.8,-0.397,18.58,19.15,03a60486o0837o
60486.077754,17.507,0.075,361,27,o,0,1.12,339.94037,-66.73379,5468.95,651.87,2.4,2.25,-26.3,-0.397,18.6,19.07,03a60486o0839o
60486.08147,17.642,0.087,318,28,o,0,1.75,339.94037,-66.73379,5490.83,534.27,2.51,2.4,-29.0,-0.406,18.55,19.08,03a60486o0847o
60492.341727,17.303,0.04,436,18,o,0,3.98,339.94037,-66.73379,9392.65,7951.28,2.31,1.88,-3.2,-0.432,19.35,20.6,04a60492o0862o
60492.3672,17.253,0.041,456,19,o,0,5.67,339.94037,-66.73379,9396.16,7921.64,2.29,1.97,-1.7,-0.427,19.37,20.64,04a60492o0916o
60492.390289,17.24,0.034,461,16,o,0,6.76,339.94037,-66.73379,1500.09,2664.78,2.07,2.03,-8.2,-0.393,19.25,20.56,04a60492o0965o
60492.402802,17.098,0.033,526,17,o,0,3.87,339.94037,-66.73379,1472.92,2774.1,2.22,2.13,-22.9,-0.388,19.21,20.53,04a60492o0991o
60496.287779,17.363,0.044,412,18,o,0,2.19,339.94037,-66.73379,1693.4,6454.92,2.26,1.95,-87.2,-0.387,18.94,20.07,04a60496o0746o
60496.289581,17.189,0.035,484,17,o,0,2.99,339.94037,-66.73379,1673.57,6415.66,2.2,1.88,-88.6,-0.387,19.16,20.29,04a60496o0750o
60496.315405,17.293,0.033,440,14,o,0,3.68,339.94037,-66.73379,1759.16,6506.09,2.21,1.88,-86.6,-0.386,19.22,20.31,04a60496o0805o
60496.318157,17.317,0.039,430,17,o,0,2.98,339.94037,-66.73379,1781.33,6392.35,2.12,1.85,-87.9,-0.397,19.3,20.36,04a60496o0811o
60498.003874,17.083,0.027,533,14,c,0,1.97,339.94037,-66.73379,3181.51,2558.23,2.72,2.59,-56.8,-0.383,19.39,21.3,03a60498o0683c
60498.00703,17.148,0.028,502,14,c,0,2.59,339.94037,-66.73379,3163.07,2520.22,2.75,2.58,-52.3,-0.377,19.42,21.33,03a60498o0690c
60498.027602,17.1,0.025,525,13,c,0,2.89,339.94037,-66.73379,3220.12,2592.9,2.77,2.56,-73.6,-0.386,19.38,21.32,03a60498o0735c
60498.033019,17.065,0.027,542,15,c,0,2.17,339.94037,-66.73379,3244.66,2478.42,2.73,2.56,-69.2,-0.39,19.4,21.27,03a60498o0747c
60500.265642,17.264,0.029,451,13,o,0,3.87,339.94037,-66.73379,1114.59,8353.68,2.53,1.99,-81.3,-0.382,19.44,20.96,04a60500o0696o
60500.26792,17.371,0.033,409,14,o,0,4.85,339.94037,-66.73379,1095.93,8313.88,2.53,1.89,-79.2,-0.381,19.47,20.96,04a60500o0701o
60500.271567,17.252,0.036,456,16,o,0,3.06,339.94037,-66.73379,1160.24,8397.62,2.45,1.94,-82.2,-0.388,19.48,20.98,04a60500o0709o
60500.285367,17.484,0.037,368,14,o,0,3.37,339.94037,-66.73379,1193.46,8285.28,2.5,1.94,-84.0,-0.373,19.43,20.89,04a60500o0738o
60504.298576,17.417,0.041,392,16,o,0,4.18,339.94037,-66.73379,7326.15,8178.59,2.32,2.12,-51.3,-0.409,19.43,21.05,04a60504o0773o
60504.30039,17.594,0.046,333,15,o,0,4.78,339.94037,-66.73379,7309.33,8142.61,2.25,2.03,-37.2,-0.388,19.48,21.07,04a60504o0777o
60504.323219,17.657,0.045,314,14,o,0,5.38,339.94037,-66.73379,7392.05,8224.98,2.28,2.03,-39.8,-0.403,19.5,21.13,04a60504o0826o
60504.35212,17.763,0.041,285,12,o,0,10.42,339.94037,-66.73379,3545.57,2571.74,1.97,1.93,83.5,-0.435,19.51,21.14,04a60504o0887o
60508.209378,18.107,0.085,208,18,o,0,2.44,339.94037,-66.73379,7172.19,478.38,2.33,2.15,-26.5,-0.403,18.98,19.96,04a60508o0558o
60508.22274,17.701,0.066,302,20,o,0,1.69,339.94037,-66.73379,7166.45,447.96,2.48,2.29,-19.0,-0.373,19.02,19.97,04a60508o0586o
60508.240794,17.807,0.066,274,18,o,0,1.91,339.94037,-66.73379,7228.81,529.74,2.45,2.22,-25.3,-0.389,19.04,19.99,04a60508o0625o
60508.245393,17.768,0.064,284,18,o,0,3.65,339.94037,-66.73379,7249.58,416.43,2.47,2.28,-25.4,-0.39,19.04,20.01,04a60508o0635o
60513.975927,17.865,0.103,260,27,o,0,1.44,339.94037,-66.73379,1922.53,2069.99,2.5,2.18,-69.5,-0.395,18.46,18.97,03a60514o0611o
60513.997335,17.778,0.149,281,42,o,0,2.0,339.94037,-66.73379,1909.21,2024.44,2.35,2.01,-64.3,-0.404,18.05,18.63,03a60514o0657o
60514.00054,18.512,0.752,143,108,o,0,1.2,339.94037,-66.73379,1962.56,2108.04,2.39,2.1,-64.9,-0.402,16.94,16.88,03a60514o0664o
60514.003804,17.361,0.407,413,168,o,0,0.97,339.94037,-66.73379,1983.8,1991.79,2.48,2.14,-65.5,-0.393,16.53,16.39,03a60514o0671o
60516.232689,18.201,0.117,190,22,o,0,3.04,339.94037,-66.73379,9569.57,5967.2,2.45,2.1,-2.1,-0.459,18.97,19.86,04a60516o0615o
60516.235468,18.906,0.137,100,14,o,0,5.16,339.94037,-66.73379,105.44,5931.99,2.35,2.13,83.0,-0.348,18.95,19.9,04a60516o0621o
60516.237349,-16.813,0.033,-684,22,o,0,121.38,339.94037,-66.73379,87.19,5891.55,2.43,2.11,75.7,-0.362,18.95,19.9,04a60516o0625o
60516.237812,18.119,0.09,205,18,o,0,2.27,339.94037,-66.73379,9555.78,5934.39,2.65,2.29,-27.6,-0.42,18.87,19.85,04a60516o0626o
60516.256813,18.056,0.089,218,20,o,0,1.59,339.94037,-66.73379,164.32,5981.18,2.51,2.32,72.7,-0.355,18.9,19.9,04a60516o0665o
60516.257276,18.624,0.153,129,20,o,0,2.15,339.94037,-66.73379,9629.53,6013.27,2.76,2.33,-13.9,-0.426,18.9,19.88,04a60516o0666o
60516.25956,18.142,0.076,201,15,o,0,3.13,339.94037,-66.73379,186.98,5868.51,2.42,2.21,73.4,-0.367,18.89,19.92,04a60516o0671o
60516.260473,17.79,0.086,278,24,o,0,1.77,339.94037,-66.73379,9652.35,5896.7,2.85,2.23,-14.8,-0.439,18.92,19.88,04a60516o0673o
60520.328329,17.705,0.064,300,19,o,0,2.18,339.94037,-66.73379,7715.52,2301.46,2.34,2.3,9.8,-0.453,19.18,20.47,04a60520o0803o
60520.35818,18.085,0.098,212,21,o,0,2.07,339.94037,-66.73379,7719.81,2326.76,2.52,2.24,57.8,-0.427,19.09,20.35,04a60520o0866o
60520.364199,18.559,0.11,137,15,o,0,4.05,339.94037,-66.73379,7653.71,2243.66,2.26,2.05,-26.8,-0.417,19.2,20.41,04a60520o0879o
60520.38928,17.844,0.074,265,20,o,0,2.6,339.94037,-66.73379,7618.07,2352.02,2.24,2.09,-23.8,-0.409,18.92,19.95,04a60520o0932o
60521.990689,18.053,0.059,218,13,o,0,4.31,339.94037,-66.73379,5024.5,8252.5,2.37,2.05,-41.8,-0.401,19.49,20.9,03a60522o0635o
60521.99253,17.979,0.056,234,13,o,0,4.12,339.94037,-66.73379,5004.67,8213.46,2.47,2.13,-30.5,-0.41,19.44,20.9,03a60522o0639o
60521.995265,17.911,0.048,249,12,o,0,2.82,339.94037,-66.73379,5065.86,8293.0,2.41,2.06,-41.1,-0.402,19.48,20.88,03a60522o0645o
60522.00031,17.976,0.058,234,14,o,0,5.18,339.94037,-66.73379,5089.93,8178.05,2.32,2.0,-42.8,-0.407,19.5,20.87,03a60522o0656o
60526.034584,18.62,0.162,129,21,o,0,2.47,339.94037,-66.73379,1545.42,10204.28,3.09,2.63,-38.7,-0.41,19.02,20.36,03a60526o0727o
60526.037831,18.564,0.171,136,23,o,0,1.92,339.94037,-66.73379,1560.57,10242.25,3.11,2.7,-36.9,-0.41,19.01,20.4,03a60526o0734o
60528.284302,19.015,0.125,90,11,c,0,2.57,339.94037,-66.73379,4861.94,6231.88,2.97,2.6,-79.7,-0.336,19.24,21.29,04a60528o0574c
60528.308421,19.683,0.181,49,9,c,0,4.28,339.94037,-66.73379,4869.17,6254.5,2.71,2.34,-75.2,-0.341,19.35,21.29,04a60528o0626c
60528.316788,18.979,0.123,93,11,c,0,2.0,339.94037,-66.73379,4808.38,6172.48,2.63,2.24,-75.9,-0.355,19.42,21.32,04a60528o0644c
60528.341839,19.322,0.173,68,12,c,0,1.29,339.94037,-66.73379,4778.39,6274.42,2.68,2.32,-74.3,-0.353,19.35,21.24,04a60528o0698c
60529.978141,19.006,0.12,91,11,o,0,4.75,339.94037,-66.73379,6867.08,2477.37,2.21,2.02,-50.0,-0.447,19.47,20.9,03a60530o0601o
60529.980925,18.36,0.081,164,13,o,0,3.3,339.94037,-66.73379,6851.57,2439.53,2.2,2.01,-49.3,-0.44,19.48,20.91,03a60530o0607o
60529.983803,18.553,0.098,138,14,o,0,4.53,339.94037,-66.73379,6904.9,2516.7,2.24,1.99,-52.5,-0.44,19.46,20.92,03a60530o0613o
60529.988885,19.028,0.144,89,13,o,0,4.12,339.94037,-66.73379,6927.45,2400.3,2.18,2.01,-48.2,-0.449,19.49,20.94,03a60530o0624o
60532.294767,18.831,0.1,107,11,c,0,2.29,339.94037,-66.73379,2095.61,8366.39,2.89,2.18,-75.5,-0.358,19.48,21.38,04a60532o0412c
60532.29795,19.07,0.134,86,11,c,0,2.49,339.94037,-66.73379,2111.22,8401.66,2.78,2.06,-76.5,-0.359,19.53,21.37,04a60532o0419c
60532.303472,18.795,0.097,110,11,c,0,2.58,339.94037,-66.73379,2053.18,8323.42,2.84,2.07,-76.5,-0.362,19.5,21.37,04a60532o0431c
60532.313311,19.503,0.185,57,11,c,0,1.95,339.94037,-66.73379,2028.93,8435.59,2.83,2.09,-74.0,-0.363,19.48,21.37,04a60532o0452c
60536.233006,18.502,0.275,144,40,o,0,1.5,339.94037,-66.73379,5498.27,667.22,2.31,2.15,19.2,-0.427,18.3,19.3,04a60536o0583o
60536.23619,18.861,0.194,104,20,o,0,2.84,339.94037,-66.73379,5484.59,631.28,2.3,2.14,27.3,-0.422,18.92,19.87,04a60536o0590o
60536.241678,19.118,0.181,82,15,o,0,3.55,339.94037,-66.73379,5544.85,710.3,2.27,2.13,29.1,-0.421,19.25,20.39,04a60536o0602o
60536.259413,18.49,0.146,146,21,o,0,2.85,339.94037,-66.73379,5323.36,10096.01,2.61,1.86,-68.0,-0.447,19.0,20.1,04a60536o0640o
60537.940428,20.525,2.127,22,48,o,0,1.6,339.94037,-66.73379,546.07,3854.29,2.41,2.1,-70.8,-0.38,17.97,18.3,03a60538o0489o
60537.942232,18.052,0.309,218,68,o,0,1.15,339.94037,-66.73379,528.83,3813.04,2.5,2.2,-68.1,-0.384,17.61,17.83,03a60538o0493o
60537.945838,19.434,0.606,61,37,o,0,0.85,339.94037,-66.73379,583.94,3897.65,2.5,2.17,-73.5,-0.373,18.27,18.82,03a60538o0501o
60537.948991,18.322,0.207,170,35,o,0,1.3,339.94037,-66.73379,9704.24,4104.58,2.39,2.15,-57.3,-0.375,18.34,18.88,03a60538o0508o
60537.960004,20.691,2.076,19,40,o,0,1.23,339.94037,-66.73379,9954.02,6821.46,2.55,2.32,-50.6,-0.392,18.3,18.83,03a60538o0532o
60537.964974,-18.594,0.311,-133,41,o,0,1.45,339.94037,-66.73379,9954.26,6822.73,2.55,2.17,-54.4,-0.374,18.08,18.53,03a60538o0543o
60537.974341,19.765,1.764,45,80,o,0,1.25,339.94037,-66.73379,9690.78,4070.74,2.59,2.28,-57.5,-0.382,17.56,17.87,03a60538o0563o
60537.982486,17.981,0.275,233,64,o,0,0.93,339.94037,-66.73379,9746.65,4144.91,2.48,2.19,-59.1,-0.367,17.97,18.4,03a60538o0581o
60537.985641,18.102,0.276,208,58,o,0,1.4,339.94037,-66.73379,9769.67,4027.32,2.51,2.2,-56.0,-0.372,17.83,18.26,03a60538o0588o
60542.004247,18.473,0.327,148,48,o,0,1.15,339.94037,-66.73379,1427.29,2555.51,2.34,2.09,-61.4,-0.416,18.01,17.97,03a60542o0555o
60542.007406,18.647,0.341,126,43,o,0,1.35,339.94037,-66.73379,1447.72,2593.57,2.48,2.19,-65.8,-0.416,17.92,18.0,03a60542o0562o
60542.035648,19.102,0.667,83,55,o,0,1.05,339.94037,-66.73379,1388.75,2521.28,2.46,2.22,-64.8,-0.41,17.87,17.88,03a60542o0622o
60542.042414,21.158,3.957,12,49,o,0,1.4,339.94037,-66.73379,1366.16,2638.35,2.57,2.34,-69.6,-0.413,17.84,17.91,03a60542o0637o
60545.963308,-20.02,0.884,-36,32,o,0,1.23,339.94037,-66.73379,9036.82,4312.93,2.49,2.28,-62.0,-0.389,18.26,18.89,03a60546o0558o
60545.966465,18.125,0.235,204,48,o,0,1.52,339.94037,-66.73379,9056.5,4354.37,2.47,2.31,-67.9,-0.401,18.07,18.58,03a60546o0565o
60547.200161,20.483,0.779,23,18,o,0,1.63,339.94037,-66.73379,9808.83,2379.72,3.07,2.7,-19.0,-0.355,19.01,20.54,04a60547o0471o
60547.203766,20.336,0.694,27,18,o,0,1.68,339.94037,-66.73379,9827.28,2417.56,3.04,2.62,-20.5,-0.354,19.07,20.47,04a60547o0479o
60547.234151,20.6,0.853,21,18,o,0,1.73,339.94037,-66.73379,9751.48,2312.82,2.92,2.39,-16.8,-0.37,19.03,20.36,04a60547o0535o
60547.253882,-19.863,0.455,-41,19,o,0,1.47,339.94037,-66.73379,9717.27,2415.42,2.85,2.52,-17.6,-0.36,19.02,20.22,04a60547o0569o
60548.063481,18.933,0.142,97,14,o,0,1.69,339.94037,-66.73379,1062.52,8324.34,2.68,2.05,-84.0,-0.358,19.32,20.8,04a60548o0206o
60548.066849,19.26,0.189,72,14,o,0,1.67,339.94037,-66.73379,1045.62,8283.19,2.7,2.12,-80.5,-0.357,19.29,20.78,04a60548o0213o
60548.07052,19.057,0.165,86,14,o,0,3.07,339.94037,-66.73379,1109.29,8367.63,2.69,2.08,-81.3,-0.371,19.28,20.77,04a60548o0221o
60548.075995,20.067,0.38,34,13,o,0,2.42,339.94037,-66.73379,1132.13,8253.39,2.69,2.06,-76.4,-0.371,19.28,20.8,04a60548o0233o
60550.218148,19.906,0.921,40,36,o,0,1.18,339.94037,-66.73379,9796.39,2359.63,2.75,2.31,-19.3,-0.381,18.4,19.9,04a60550o0516o
60550.221464,19.482,0.465,58,27,o,0,1.38,339.94037,-66.73379,9814.89,2397.6,2.87,2.41,-17.0,-0.365,18.72,20.27,04a60550o0523o
60550.229005,-20.743,1.0,-18,18,o,0,1.39,339.94037,-66.73379,9749.57,2309.87,2.73,2.29,-19.3,-0.388,18.98,20.5,04a60550o0537o
60550.264753,-19.348,0.387,-66,26,o,0,1.54,339.94037,-66.73379,9708.79,2404.84,2.87,2.44,-19.5,-0.36,18.35,19.83,04a60550o0611o
60551.950146,19.871,0.33,41,14,o,0,4.06,339.94037,-66.73379,9684.66,2440.91,2.32,2.21,-41.4,-0.415,19.38,20.81,03a60552o0499o
60551.953301,19.121,0.199,82,16,o,0,2.49,339.94037,-66.73379,9703.21,2481.34,2.33,2.19,-45.5,-0.414,19.36,20.79,03a60552o0506o
60551.958708,19.731,0.27,46,13,o,0,2.71,339.94037,-66.73379,9644.08,2396.58,2.33,2.2,-45.5,-0.409,19.35,20.76,03a60552o0518o
60551.969643,-22.576,4.208,-3,14,o,0,2.26,339.94037,-66.73379,9622.28,2513.76,2.31,2.17,-48.7,-0.409,19.35,20.73,03a60552o0540o
60553.154282,19.313,0.197,68,14,o,0,2.37,339.94037,-66.73379,1142.51,8363.02,2.75,2.23,-82.8,-0.366,19.36,21.05,04a60553o0388o
60553.15744,18.966,0.141,94,13,o,0,2.84,339.94037,-66.73379,1124.97,8323.42,2.61,2.03,-83.1,-0.369,19.45,21.0,04a60553o0395o
60553.160597,18.924,0.117,98,11,o,0,4.57,339.94037,-66.73379,1190.93,8408.37,2.56,1.99,-83.1,-0.368,19.44,21.01,04a60553o0402o
60553.166009,19.368,0.197,65,13,o,0,3.47,339.94037,-66.73379,1217.95,8295.37,2.47,2.0,-83.1,-0.375,19.43,20.99,04a60553o0414o
60554.051684,20.019,0.287,36,10,c,0,3.69,339.94037,-66.73379,3503.02,2403.74,2.26,2.12,-47.2,-0.41,19.52,21.16,03a60554o0737c
60554.0798,19.143,0.143,80,11,c,0,2.49,339.94037,-66.73379,3520.55,2448.22,2.38,2.23,-53.2,-0.407,19.4,21.05,03a60554o0798c
60554.109129,19.025,0.131,89,12,c,0,2.63,339.94037,-66.73379,3459.97,2379.13,2.41,2.25,-51.9,-0.404,19.38,21.01,03a60554o0862c
60554.133922,19.111,0.161,82,13,c,0,1.76,339.94037,-66.73379,3434.66,2500.37,2.5,2.34,-53.5,-0.402,19.3,20.99,03a60554o0916c
60556.186832,-16.995,0.042,-578,24,o,0,62.86,339.94037,-66.73379,6765.67,6163.39,2.94,2.64,-66.8,-0.399,19.16,20.94,04a60556o0489o
60556.22053,17.317,0.063,430,27,o,0,45.97,339.94037,-66.73379,6766.55,6178.62,2.93,2.61,-64.4,-0.394,19.21,20.93,04a60556o0562o
60556.223688,19.361,0.227,65,15,o,0,2.62,339.94037,-66.73379,6707.87,6096.58,2.66,2.4,-50.3,-0.407,19.22,20.9,04a60556o0569o
60556.22911,18.968,0.177,94,17,o,0,1.81,339.94037,-66.73379,6685.4,6208.5,3.46,3.17,-64.2,-0.374,18.97,20.86,04a60556o0581o
60560.191713,-20.589,0.741,-21,16,o,0,3.5,339.94037,-66.73379,7144.96,9952.16,2.63,2.03,-70.7,-0.424,19.37,20.89,04a60560o0480o
60560.196953,20.119,0.429,32,14,o,0,5.31,339.94037,-66.73379,7157.69,9988.46,2.27,2.02,-51.7,-0.399,19.39,20.84,04a60560o0491o
60560.201066,19.322,0.239,68,16,o,0,4.38,339.94037,-66.73379,7104.67,9905.51,2.53,2.09,-68.7,-0.429,19.31,20.84,04a60560o0499o
60560.211089,23.398,10.182,2,16,o,0,3.73,339.94037,-66.73379,7079.88,10015.36,2.34,2.12,-49.0,-0.389,19.29,20.78,04a60560o0520o
60564.180561,20.035,0.797,35,28,o,0,1.33,339.94037,-66.73379,8888.76,8490.9,2.61,2.38,-38.9,-0.413,18.72,19.89,04a60564o0443o
60564.183767,19.854,0.541,42,22,o,0,1.55,339.94037,-66.73379,8905.2,8529.07,2.42,2.15,-11.9,-0.395,18.78,20.04,04a60564o0450o
60564.187441,19.26,0.303,72,22,o,0,1.73,339.94037,-66.73379,272.62,8649.45,2.74,2.14,-78.1,-0.368,18.83,20.01,04a60564o0458o
60564.189281,19.922,0.576,39,22,o,0,1.62,339.94037,-66.73379,8847.27,8442.77,2.36,2.05,-4.3,-0.398,18.86,20.0,04a60564o0462o
60564.191112,-20.03,0.923,-35,33,o,0,1.04,339.94037,-66.73379,287.92,8683.87,2.86,2.13,-82.3,-0.347,18.54,19.57,04a60564o0466o
60564.196624,20.147,0.796,32,25,o,0,1.3,339.94037,-66.73379,230.18,8607.17,2.81,2.11,-81.6,-0.344,18.83,20.01,04a60564o0478o
60564.200263,18.887,0.338,101,34,o,0,1.53,339.94037,-66.73379,8824.24,8551.45,2.34,1.99,-5.0,-0.405,18.37,19.38,04a60564o0486o
60564.231514,-19.433,0.539,-61,33,o,0,1.38,339.94037,-66.73379,194.23,8704.12,2.86,2.19,-80.5,-0.353,18.36,19.64,04a60564o0551o
60565.95132,19.387,0.343,64,22,o,0,1.83,339.94037,-66.73379,1136.9,4494.18,2.3,2.02,-66.2,-0.41,18.78,19.42,03a60566o0495o
60565.955124,20.155,0.744,32,23,o,0,1.86,339.94037,-66.73379,1156.5,4531.99,2.24,2.02,-64.8,-0.411,18.77,19.43,03a60566o0502o
60565.984389,19.835,0.586,42,25,o,0,1.68,339.94037,-66.73379,1101.99,4461.56,2.4,2.16,-74.6,-0.393,18.7,19.44,03a60566o0565o
60565.991742,18.807,0.188,109,20,o,0,2.87,339.94037,-66.73379,1081.98,4577.52,2.35,2.08,-73.3,-0.407,18.72,19.43,03a60566o0581o
60568.181654,-19.691,0.509,-48,25,o,0,1.75,339.94037,-66.73379,5758.16,8062.76,2.07,1.81,-45.0,-0.488,18.57,19.07,04a60568o0450o
60568.184837,19.035,0.249,88,22,o,0,3.87,339.94037,-66.73379,5774.42,8099.43,2.02,1.77,-41.8,-0.425,18.69,19.13,04a60568o0457o
60568.190321,19.843,0.639,42,27,o,0,1.75,339.94037,-66.73379,5714.69,8016.9,1.96,1.75,-45.7,-0.423,18.7,19.14,04a60568o0469o
60568.200618,18.846,0.208,105,22,o,0,3.06,339.94037,-66.73379,5691.54,8127.13,2.0,1.79,-48.6,-0.428,18.72,19.16,04a60568o0489o
60569.905675,18.755,0.736,114,84,o,0,1.05,339.94037,-66.73379,7613.41,2333.98,2.98,2.88,42.5,-0.399,17.27,17.44,03a60570o0408o
60569.908893,18.528,0.55,141,78,o,0,1.32,339.94037,-66.73379,7633.63,2374.52,2.72,2.65,-41.0,-0.409,17.29,17.42,03a60570o0415o
60569.915374,19.032,0.803,89,71,o,0,1.08,339.94037,-66.73379,7575.06,2292.72,2.78,2.75,10.0,-0.396,17.29,17.39,03a60570o0429o
60569.950526,21.309,7.833,11,85,o,0,1.35,339.94037,-66.73379,7552.08,2416.91,2.62,2.59,-52.1,-0.424,17.2,17.13,03a60570o0504o
60576.121622,-17.686,0.721,-306,221,c,0,1.85,339.94037,-66.73379,10242.55,10499.4,3.19,2.74,-82.9,-0.393,17.33,19.12,04a60576o0292c
60577.889851,19.109,0.167,82,14,o,0,2.64,339.94037,-66.73379,4649.37,6158.26,2.36,2.19,-43.6,-0.408,19.39,20.98,03a60578o0362o
60577.893076,19.379,0.187,64,12,o,0,2.66,339.94037,-66.73379,4668.02,6197.06,2.3,2.15,-46.7,-0.406,19.43,20.97,03a60578o0369o
60577.898609,19.32,0.177,68,12,o,0,3.83,339.94037,-66.73379,4614.08,6119.38,2.29,2.07,-46.7,-0.406,19.44,20.97,03a60578o0381o
60577.909238,19.507,0.228,57,13,o,0,2.74,339.94037,-66.73379,4595.37,6236.33,2.24,2.1,-50.5,-0.411,19.43,21.02,03a60578o0404o
60580.297707,19.474,0.178,59,10,c,0,3.37,339.94037,-66.73379,3861.36,8137.2,2.59,1.92,-75.6,-0.389,19.38,20.99,04a60580o0108c
60580.300589,19.334,0.176,67,12,c,0,2.55,339.94037,-66.73379,3878.71,8175.96,2.56,1.89,-75.0,-0.393,19.4,20.96,04a60580o0114c
60580.306468,19.204,0.153,76,12,c,0,4.21,339.94037,-66.73379,3821.32,8101.15,2.54,1.95,-75.0,-0.383,19.34,20.96,04a60580o0126c
60580.320615,19.206,0.18,75,14,c,0,1.82,339.94037,-66.73379,3795.76,8221.3,2.55,1.95,-77.0,-0.385,19.31,20.89,04a60580o0156c
60580.333392,19.218,0.191,75,14,c,0,1.77,339.94037,-66.73379,3830.41,8167.0,2.64,1.96,-74.6,-0.379,19.21,20.79,04a60580o0182c
60584.28434,-21.089,1.1,-13,15,c,0,1.65,339.94037,-66.73379,7139.0,4185.91,2.6,2.33,-29.5,-0.349,19.06,20.89,04a60584o0072c
60584.287256,-20.11,0.578,-33,19,c,0,1.66,339.94037,-66.73379,7157.9,4225.87,2.73,2.41,-32.0,-0.342,18.67,20.57,04a60584o0078c
60584.292849,20.753,0.663,18,12,c,0,1.46,339.94037,-66.73379,7095.64,4147.75,2.65,2.31,-33.8,-0.345,19.19,21.08,04a60584o0090c
60584.316883,19.413,0.189,62,12,c,0,2.74,339.94037,-66.73379,7064.13,4268.28,2.45,2.11,-27.5,-0.365,19.18,20.85,04a60584o0141c
60585.882419,19.322,0.44,68,30,o,0,1.0,339.94037,-66.73379,5069.47,9944.86,3.47,3.21,-48.7,-0.36,18.77,20.43,03a60586o0339o
60585.886059,19.557,0.323,55,18,o,0,1.67,339.94037,-66.73379,5087.96,9985.19,3.04,2.71,-37.9,-0.379,19.11,20.72,03a60586o0347o
60585.89022,19.27,0.344,71,24,o,0,1.3,339.94037,-66.73379,8682.94,59.19,2.82,2.62,-46.1,-0.419,18.81,20.35,03a60586o0356o
60585.89161,18.812,0.228,108,25,o,0,1.52,339.94037,-66.73379,5035.38,9906.2,2.97,2.64,-42.9,-0.372,18.79,20.29,03a60586o0359o
60585.903964,-23.728,20.333,-1,24,o,0,1.15,339.94037,-66.73379,5018.62,10026.01,3.55,3.18,-49.5,-0.369,18.73,20.48,03a60586o0386o
60588.163479,18.406,0.103,158,16,c,0,1.88,339.94037,-66.73379,10213.86,6641.34,2.75,2.18,-7.9,-0.455,19.26,21.01,04a60588o0278c
60588.166235,-20.474,0.529,-24,12,c,0,2.31,339.94037,-66.73379,10229.59,6679.81,2.72,2.29,-15.0,-0.429,19.5,21.25,04a60588o0284c
60588.172694,19.322,0.231,68,16,c,0,1.72,339.94037,-66.73379,10168.1,6593.98,2.66,2.28,-16.2,-0.423,19.4,21.13,04a60588o0298c
60588.186247,19.752,0.268,46,12,c,0,2.81,339.94037,-66.73379,10143.17,6704.1,2.75,2.31,-17.8,-0.418,19.55,21.3,04a60588o0326c
60588.19745,19.006,0.118,91,11,c,0,2.76,339.94037,-66.73379,1027.51,6574.28,2.38,2.05,-83.0,-0.379,19.53,21.34,04a60588o0349c
60588.20066,20.105,0.287,33,10,c,0,6.37,339.94037,-66.73379,1043.81,6609.61,2.26,1.96,-83.6,-0.384,19.56,21.35,04a60588o0356c
60588.206215,20.328,0.472,27,13,c,0,2.11,339.94037,-66.73379,984.82,6534.68,2.41,2.07,-77.3,-0.38,19.5,21.34,04a60588o0368c
