MJD,m,dm,uJy,duJy,F,err,chi/N,RA,Dec,x,y,maj,min,phi,apfit,mag5sig,Sky,Obs
60420.588498,15.093,0.235,3332,783,o,0,1.98,325.84048,-7.87564,8884.17,35.8,3.03,2.11,-55.0,-0.465,18.6,19.24,02a60420o0776o
60420.593315,20.501,1.259,23,29,o,0,1.19,325.84048,-7.87564,8898.53,73.59,2.45,1.73,-57.2,-0.486,18.78,19.46,02a60420o0786o
60420.596554,-21.115,1.814,-13,24,o,0,1.63,325.84048,-7.87564,8903.99,10263.13,2.82,2.19,-53.5,-0.434,18.93,19.7,02a60420o0793o
60420.61651,21.132,1.422,13,18,o,0,1.22,325.84048,-7.87564,8921.91,10301.29,2.53,2.07,-55.8,-0.447,19.06,19.89,02a60420o0836o
60420.621655,20.607,1.155,21,24,o,0,1.19,325.84048,-7.87564,8862.27,10221.21,2.74,2.23,-52.9,-0.442,18.86,19.67,02a60420o0847o
60420.623914,-22.025,4.976,-6,28,o,0,0.98,325.84048,-7.87564,8813.39,109.51,2.49,1.72,-59.1,-0.504,18.87,19.59,02a60420o0852o
60420.629253,20.049,0.959,35,33,o,0,1.26,325.84048,-7.87564,8840.73,10336.82,2.45,1.93,-57.6,-0.479,18.57,18.98,02a60420o0863o
60421.143954,-18.754,0.477,-114,54,o,0,1.33,325.84048,-7.87564,1733.04,238.92,2.29,2.12,-67.3,-0.427,18.05,19.11,03a60421o0948o
60421.145772,-19.185,1.13,-77,87,o,0,1.14,325.84048,-7.87564,1557.63,10431.31,2.54,2.15,-54.6,-0.449,17.9,18.91,03a60421o0952o
60421.156139,19.743,1.01,46,46,o,0,1.18,325.84048,-7.87564,1538.75,10389.32,2.54,2.15,-56.5,-0.437,18.08,19.05,03a60421o0972o
60421.157047,20.602,3.286,21,68,o,0,1.2,325.84048,-7.87564,1713.84,195.2,2.28,2.1,-54.0,-0.425,17.86,18.84,03a60421o0974o
60421.160261,-19.347,0.804,-66,53,o,0,0.71,325.84048,-7.87564,1594.68,10468.35,2.57,2.19,-51.2,-0.427,17.98,18.86,03a60421o0981o
60421.165376,19.322,1.398,68,95,o,0,0.96,325.84048,-7.87564,1772.39,276.16,2.29,2.11,-54.8,-0.427,17.49,18.18,03a60421o0992o
60421.168101,18.57,0.966,136,131,o,0,0.85,325.84048,-7.87564,1617.25,10349.73,2.72,2.32,-50.4,-0.423,17.52,17.99,03a60421o0998o
60421.169039,-19.455,1.305,-60,78,o,0,0.9,325.84048,-7.87564,1794.77,157.17,2.35,2.11,-42.4,-0.447,17.72,18.08,03a60421o1000o
60423.380694,-21.419,3.13,-10,31,o,0,0.93,325.84048,-7.87564,3572.77,252.53,2.04,1.97,-31.7,-0.419,18.47,18.99,04a60423o0549o
60423.389894,-19.366,0.409,-65,27,o,0,1.62,325.84048,-7.87564,3555.86,214.71,2.09,1.97,-21.3,-0.426,18.51,19.05,04a60423o0567o
60423.393099,20.692,1.327,19,26,o,0,1.0,325.84048,-7.87564,3614.55,293.07,2.03,1.92,25.4,-0.419,18.57,19.1,04a60423o0574o
60423.400482,23.232,11.786,2,22,o,0,2.49,325.84048,-7.87564,3673.36,10445.41,2.1,1.87,-58.4,-0.515,18.59,19.18,04a60423o0590o
60423.40458,20.008,0.851,36,31,o,0,0.97,325.84048,-7.87564,3655.66,10406.89,2.23,1.82,-31.6,-0.499,18.53,19.15,04a60423o0599o
60423.409649,-20.464,1.497,-24,35,o,0,1.02,325.84048,-7.87564,3713.73,10485.09,2.29,1.84,-61.5,-0.451,18.61,19.23,04a60423o0610o
60423.412877,20.075,0.769,34,26,o,0,1.1,325.84048,-7.87564,3632.31,176.57,2.25,2.04,-15.3,-0.399,18.56,19.18,04a60423o0617o
60423.417445,-21.48,2.16,-9,20,o,0,1.76,325.84048,-7.87564,3733.44,10367.63,2.07,1.74,-44.3,-0.489,18.6,19.15,04a60423o0627o
60423.424909,-20.636,1.699,-20,34,o,0,1.11,325.84048,-7.87564,3596.72,235.26,2.1,2.0,5.3,-0.443,18.32,18.68,04a60423o0643o
60423.426273,-20.973,2.105,-15,31,o,0,1.25,325.84048,-7.87564,3693.71,10425.93,2.13,1.75,-59.2,-0.49,18.29,18.55,04a60423o0646o
60425.124024,20.287,1.029,28,29,o,0,0.68,325.84048,-7.87564,5406.55,8362.34,2.57,2.23,-43.7,-0.389,18.56,19.06,03a60425o0925o
60425.128102,21.613,3.218,8,26,o,0,1.03,325.84048,-7.87564,5388.98,8322.98,2.48,2.16,-45.3,-0.394,18.63,19.09,03a60425o0934o
60425.134062,20.613,1.232,21,25,o,0,1.09,325.84048,-7.87564,5444.82,8401.33,2.49,2.11,-46.0,-0.398,18.66,19.12,03a60425o0947o
60425.154282,19.861,0.664,41,27,o,0,0.9,325.84048,-7.87564,5466.54,8282.65,2.5,2.16,-44.1,-0.388,18.66,19.2,03a60425o0991o
60425.174643,-18.469,0.545,-149,81,o,0,0.76,325.84048,-7.87564,5421.4,8338.25,2.5,2.12,-47.2,-0.394,17.66,17.61,03a60425o1035o
60427.397996,-20.041,0.919,-35,32,o,0,0.92,325.84048,-7.87564,5144.68,2591.94,2.39,2.25,-78.8,-0.548,18.58,19.19,04a60427o0971o
60427.413911,19.957,0.729,38,28,o,0,1.3,325.84048,-7.87564,5126.32,2554.18,2.39,2.23,-58.6,-0.501,18.52,19.23,04a60427o1005o
60427.419849,-19.953,4.547,-38,172,o,0,1.38,325.84048,-7.87564,5189.96,2630.39,2.27,2.14,-27.6,-0.537,17.04,17.25,04a60427o1018o
60427.426748,19.097,0.801,83,67,o,0,1.23,325.84048,-7.87564,5207.73,2515.05,2.28,2.17,-43.4,-0.53,17.63,17.58,04a60427o1033o
60433.150143,-19.848,1.658,-42,69,o,0,0.72,325.84048,-7.87564,5249.3,4492.84,2.39,2.18,-49.3,-0.397,17.82,18.73,03a60433o0973o
60433.153344,20.223,0.995,30,29,o,0,0.95,325.84048,-7.87564,5229.82,4453.18,2.34,2.16,-50.0,-0.411,18.46,19.13,03a60433o0980o
60433.161609,-19.328,0.74,-67,50,o,0,1.05,325.84048,-7.87564,5287.06,4530.22,2.43,2.26,-42.0,-0.409,17.98,18.89,03a60433o0997o
60433.17487,-23.294,19.273,-2,34,o,0,1.32,325.84048,-7.87564,5309.81,4414.8,2.41,2.32,-47.0,-0.388,18.22,18.56,03a60433o1026o
60435.365539,17.573,0.589,339,200,o,0,1.38,325.84048,-7.87564,1605.98,8597.33,2.23,1.91,-56.9,-0.444,16.47,17.61,04a60435o0911o
60435.368704,-19.783,2.844,-44,126,o,0,0.74,325.84048,-7.87564,1585.35,8558.54,2.28,1.95,-61.5,-0.451,16.84,17.92,04a60435o0918o
60435.387409,18.341,5.842,167,978,o,0,1.3,325.84048,-7.87564,1665.02,8519.75,2.33,1.99,-57.6,-0.409,14.76,15.86,04a60435o0959o
60437.140772,21.237,1.029,12,12,c,0,1.27,325.84048,-7.87564,1318.02,2658.27,2.48,2.34,-50.3,-0.391,19.26,20.74,03a60437o0974c
60437.144421,-21.717,6.125,-8,46,c,0,0.99,325.84048,-7.87564,1301.46,2618.57,2.41,2.29,-45.2,-0.399,17.98,19.43,03a60437o0982c
60437.150844,21.775,1.841,7,13,c,0,1.34,325.84048,-7.87564,1358.9,2696.95,2.43,2.29,-48.3,-0.396,19.3,20.76,03a60437o0996c
60437.166014,22.096,2.545,5,13,c,0,1.36,325.84048,-7.87564,1381.28,2578.65,2.4,2.3,-56.8,-0.396,19.28,20.65,03a60437o1029c
60437.174238,-20.06,0.556,-34,19,c,0,1.01,325.84048,-7.87564,1343.76,2634.1,2.44,2.32,-56.1,-0.39,18.91,19.95,03a60437o1047c
60439.375239,20.859,1.547,16,26,o,0,1.23,325.84048,-7.87564,7313.67,6348.58,2.29,2.16,-39.8,-0.43,18.66,19.73,04a60439o0934o
60439.377067,-19.794,0.699,-44,31,o,0,1.11,325.84048,-7.87564,7296.28,6310.44,2.58,2.16,83.8,-0.398,18.44,19.63,04a60439o0938o
60439.381638,20.399,1.126,25,28,o,0,0.95,325.84048,-7.87564,7355.12,6387.39,2.37,2.2,-52.8,-0.417,18.59,19.77,04a60439o0948o
60439.387591,21.851,3.355,7,22,o,0,1.07,325.84048,-7.87564,7372.7,6271.63,2.44,2.26,-53.5,-0.43,18.73,19.87,04a60439o0961o
60444.556349,-23.137,8.053,-2,16,o,0,0.69,325.84048,-7.87564,838.24,3852.7,1.99,1.9,14.2,-0.443,19.18,19.97,02a60444o0331o
60444.559607,-21.152,1.143,-13,14,o,0,1.32,325.84048,-7.87564,854.14,3890.77,2.03,1.83,21.3,-0.446,19.19,20.05,02a60444o0338o
60444.565632,-21.768,2.796,-7,20,o,0,1.09,325.84048,-7.87564,795.44,3812.77,1.94,1.88,26.8,-0.446,18.86,19.66,02a60444o0351o
60445.081876,21.463,1.566,9,15,c,0,1.01,325.84048,-7.87564,9646.31,6794.09,2.6,2.18,-57.8,-0.381,19.09,20.35,03a60445o0830c
60445.085521,-22.278,4.368,-4,20,c,0,1.1,325.84048,-7.87564,9629.55,6755.26,2.56,2.21,-58.3,-0.379,18.78,20.07,03a60445o0838c
60445.107362,-18.878,0.552,-102,56,c,0,1.05,325.84048,-7.87564,9685.18,6832.37,2.56,2.21,-56.7,-0.379,17.61,18.89,03a60445o0883c
60445.112855,-21.163,1.829,-12,23,c,0,1.26,325.84048,-7.87564,9707.79,6717.12,2.48,2.17,-57.5,-0.381,18.52,19.75,03a60445o0895c
60449.098019,-20.783,0.53,-18,9,c,0,1.35,325.84048,-7.87564,9587.0,4859.54,2.49,2.25,-62.5,-0.383,19.48,21.11,03a60449o0876c
60449.101204,-21.683,1.216,-8,9,c,0,1.35,325.84048,-7.87564,9567.52,4820.32,2.44,2.33,-57.4,-0.381,19.46,21.11,03a60449o0883c
60449.106743,-20.984,0.571,-15,8,c,0,1.14,325.84048,-7.87564,9624.69,4898.84,2.43,2.17,-54.0,-0.386,19.53,21.14,03a60449o0895c
60449.112254,-21.702,1.214,-8,9,c,0,0.95,325.84048,-7.87564,9647.37,4782.16,2.46,2.09,-56.6,-0.384,19.54,21.15,03a60449o0907c
60449.182247,-21.594,2.14,-8,18,c,0,0.9,325.84048,-7.87564,9619.54,4836.76,2.48,2.29,-29.1,-0.371,18.95,19.8,03a60449o1057c
60452.09773,-19.922,0.503,-39,20,o,0,1.53,325.84048,-7.87564,5317.78,6422.88,2.23,2.01,-51.7,-0.416,18.67,19.03,03a60452o0870o
60452.099604,20.635,1.316,20,27,o,0,0.94,325.84048,-7.87564,5298.13,6383.51,2.21,2.01,-52.9,-0.413,18.66,19.05,03a60452o0874o
60452.10235,-20.013,0.745,-36,27,o,0,0.89,325.84048,-7.87564,5357.31,6461.66,2.22,2.03,-53.1,-0.416,18.66,19.05,03a60452o0880o
60452.125159,21.229,1.891,12,22,o,0,1.68,325.84048,-7.87564,5378.77,6343.73,2.22,1.99,-49.9,-0.417,18.72,19.17,03a60452o0927o
60453.08271,-16.816,4.841,-682,3299,o,0,1.11,325.84048,-7.87564,5317.95,6424.01,2.4,2.09,-57.9,-0.419,13.5,12.76,03a60453o0852o
60453.085915,-16.66,1.105,-787,870,o,0,0.86,325.84048,-7.87564,5298.32,6384.5,2.42,2.15,-57.4,-0.418,14.98,14.35,03a60453o0859o
60453.091419,-18.417,0.71,-156,111,o,0,1.43,325.84048,-7.87564,5357.23,6462.25,2.24,2.01,-59.5,-0.444,16.92,16.57,03a60453o0871o
60453.096456,18.087,0.977,212,207,o,0,1.01,325.84048,-7.87564,5376.84,6347.01,2.24,1.98,-54.6,-0.422,16.43,16.09,03a60453o0882o
60453.185067,17.919,1.0,247,247,o,0,1.16,325.84048,-7.87564,5353.23,6394.43,2.29,2.04,-43.5,-0.417,16.1,15.76,03a60453o1070o
60454.537074,-20.542,1.095,-22,24,o,0,1.22,325.84048,-7.87564,5575.46,103.23,2.32,2.25,20.7,-0.445,18.61,18.96,01a60454o0602o
60454.546892,19.395,0.429,63,27,o,0,0.76,325.84048,-7.87564,5554.07,63.08,2.26,2.2,23.8,-0.478,18.65,18.95,01a60454o0621o
60454.549759,20.772,1.28,18,23,o,0,1.45,325.84048,-7.87564,5611.46,142.9,2.34,2.26,32.9,-0.458,18.66,19.03,01a60454o0627o
60454.551673,19.841,0.59,42,25,o,0,1.0,325.84048,-7.87564,5612.89,10308.71,2.54,2.36,69.9,-0.391,18.62,18.97,01a60454o0631o
60454.55364,21.913,3.609,6,22,o,0,1.67,325.84048,-7.87564,5595.65,10270.04,2.58,2.45,73.2,-0.397,18.62,18.97,01a60454o0635o
60454.559325,-19.883,0.652,-40,26,o,0,0.85,325.84048,-7.87564,5654.21,10349.04,2.54,2.39,73.4,-0.393,18.62,18.93,01a60454o0647o
60457.07922,19.931,0.543,39,21,o,0,1.25,325.84048,-7.87564,1444.62,6530.24,2.21,1.94,-63.9,-0.429,18.71,18.96,03a60457o0851o
60457.081561,22.285,4.622,4,20,o,0,1.52,325.84048,-7.87564,1424.9,6490.52,2.21,1.96,-64.9,-0.426,18.72,18.97,03a60457o0856o
60457.085261,20.509,1.149,23,26,o,0,0.95,325.84048,-7.87564,1483.21,6569.33,2.26,1.95,-64.4,-0.425,18.7,18.97,03a60457o0864o
60457.091871,23.222,11.375,2,21,o,0,1.36,325.84048,-7.87564,1502.67,6452.41,2.19,1.92,-66.0,-0.431,18.77,18.98,03a60457o0878o
60462.585266,20.368,0.626,26,16,o,0,0.72,325.84048,-7.87564,3556.99,8456.06,2.52,2.36,46.9,-0.414,19.35,20.49,01a60462o0724o
60462.595479,21.329,1.114,11,12,o,0,1.19,325.84048,-7.87564,3536.67,8418.04,2.54,2.33,45.4,-0.408,19.4,20.52,01a60462o0745o
60462.608509,19.326,0.189,68,13,o,0,1.48,325.84048,-7.87564,3591.57,8494.23,2.76,2.41,45.9,-0.376,19.33,20.43,01a60462o0770o
60462.612906,-21.649,1.761,-8,14,o,0,1.47,325.84048,-7.87564,3610.81,8380.02,2.48,2.35,45.1,-0.413,19.23,20.09,01a60462o0779o
60463.285302,20.266,0.626,28,18,c,0,1.88,325.84048,-7.87564,3556.98,8489.89,2.83,2.08,-71.9,-0.384,18.72,20.56,04a60463o0755c
60463.295312,18.488,3.059,146,447,c,0,1.6,325.84048,-7.87564,3537.66,8451.81,2.77,2.02,-69.1,-0.376,15.12,16.99,04a60463o0776c
60463.300682,19.882,3.206,40,130,c,0,1.54,325.84048,-7.87564,3591.3,8529.96,2.94,2.14,-65.7,-0.389,17.44,19.38,04a60463o0787c
60463.302531,-18.635,2.714,-128,347,c,0,1.16,325.84048,-7.87564,3612.94,8412.73,2.94,2.23,-65.6,-0.398,16.74,18.77,04a60463o0791c
60464.55231,19.423,0.243,62,15,o,0,0.8,325.84048,-7.87564,3361.18,6163.25,2.38,2.01,25.1,-0.43,19.32,20.5,02a60464o0666o
60464.56931,20.687,0.702,19,14,o,0,0.9,325.84048,-7.87564,3382.4,6201.06,2.33,1.91,25.8,-0.432,19.36,20.57,02a60464o0699o
60464.572197,19.636,0.301,51,15,o,0,0.69,325.84048,-7.87564,3320.96,6124.58,2.32,1.89,26.3,-0.431,19.41,20.56,02a60464o0705o
60464.577358,19.74,0.258,46,12,o,0,1.72,325.84048,-7.87564,3304.11,6240.22,2.5,1.92,18.0,-0.492,19.33,20.55,02a60464o0716o
60466.575013,19.658,0.237,50,12,o,0,0.85,325.84048,-7.87564,7449.36,8264.96,2.57,2.41,39.4,-0.42,19.5,20.75,01a60466o0692o
60466.609703,19.59,0.216,53,11,o,0,1.11,325.84048,-7.87564,7424.25,8223.12,2.46,2.32,37.8,-0.431,19.44,20.56,01a60466o0758o
60466.612009,19.516,0.255,57,14,o,0,0.91,325.84048,-7.87564,7482.0,8301.82,2.46,2.34,38.8,-0.431,19.36,20.38,01a60466o0763o
60466.617112,19.81,0.496,43,21,o,0,0.84,325.84048,-7.87564,7500.7,8184.42,2.6,2.34,42.9,-0.42,18.87,19.56,01a60466o0772o
60468.559351,18.975,0.145,93,14,o,0,1.25,325.84048,-7.87564,9170.01,5882.39,2.11,2.06,-75.6,-0.448,19.46,20.5,02a60468o0678o
60468.56122,18.979,0.146,93,14,o,0,1.07,325.84048,-7.87564,9191.66,5920.77,2.11,2.1,-84.2,-0.437,19.41,20.48,02a60468o0682o
60468.566606,18.921,0.126,98,12,o,0,1.77,325.84048,-7.87564,9135.03,5842.85,2.03,2.01,67.6,-0.446,19.44,20.49,02a60468o0693o
60468.587735,19.01,0.154,90,14,o,0,0.85,325.84048,-7.87564,9117.23,5959.94,2.12,2.04,34.7,-0.434,19.44,20.57,02a60468o0734o
60469.568913,18.886,0.145,101,15,o,0,1.06,325.84048,-7.87564,7216.23,4389.87,2.52,2.32,24.7,-0.403,19.36,20.42,01a60469o0681o
60469.571807,18.76,0.104,114,12,o,0,1.21,325.84048,-7.87564,7196.31,4350.8,2.65,2.34,26.3,-0.386,19.34,20.45,01a60469o0687o
60469.579275,18.964,0.146,94,14,o,0,0.9,325.84048,-7.87564,7254.32,4429.46,2.62,2.41,29.0,-0.387,19.36,20.5,01a60469o0702o
60469.605822,19.158,0.175,79,14,o,0,0.83,325.84048,-7.87564,7263.83,4310.87,2.7,2.42,29.0,-0.387,19.29,20.46,01a60469o0749o
60470.550814,18.951,0.13,95,12,o,0,1.45,325.84048,-7.87564,1677.71,275.67,2.91,2.77,16.2,-0.424,19.33,20.8,01a60470o0515o
60470.552199,18.566,0.107,136,15,o,0,0.99,325.84048,-7.87564,1686.75,10506.76,3.23,2.77,-7.9,-0.384,19.28,20.75,01a60470o0518o
60470.552661,18.774,0.119,112,13,o,0,0.88,325.84048,-7.87564,1656.34,237.33,3.08,2.67,10.3,-0.396,19.36,20.8,01a60470o0519o
60470.554047,18.596,0.11,132,15,o,0,1.05,325.84048,-7.87564,1669.76,10467.31,3.0,2.76,-10.9,-0.394,19.3,20.76,01a60470o0522o
60470.557885,19.179,0.176,77,14,o,0,1.07,325.84048,-7.87564,1713.21,316.87,3.27,2.62,8.8,-0.394,19.3,20.82,01a60470o0530o
60470.57816,18.981,0.147,93,14,o,0,1.07,325.84048,-7.87564,1746.21,10429.76,2.89,2.84,-59.2,-0.419,19.34,20.89,01a60470o0570o
60470.579085,19.007,0.152,91,14,o,0,1.06,325.84048,-7.87564,1723.2,200.12,3.13,2.91,14.4,-0.403,19.39,20.96,01a60470o0572o
60472.551112,18.694,0.118,121,14,o,0,1.45,325.84048,-7.87564,6968.2,10350.97,2.49,2.28,-54.3,-0.43,19.32,20.58,02a60472o0339o
60472.551564,18.721,0.126,118,15,o,0,1.02,325.84048,-7.87564,6915.33,139.95,2.33,2.09,-51.7,-0.452,19.27,20.54,02a60472o0340o
60472.580354,18.763,0.147,114,17,o,0,0.85,325.84048,-7.87564,6991.8,10392.12,2.52,2.26,-59.2,-0.434,19.35,20.71,02a60472o0399o
60472.580868,18.936,0.145,97,14,o,0,1.43,325.84048,-7.87564,6938.88,179.34,2.33,2.06,-61.1,-0.452,19.37,20.62,02a60472o0400o
60472.583129,18.598,0.095,132,12,o,0,1.69,325.84048,-7.87564,6934.59,10311.76,2.39,2.16,-61.4,-0.439,19.41,20.7,02a60472o0405o
60472.583582,18.481,0.084,147,12,o,0,1.68,325.84048,-7.87564,6882.21,100.31,2.24,1.93,-60.8,-0.47,19.35,20.64,02a60472o0406o
60472.58653,18.75,0.115,115,13,o,0,1.58,325.84048,-7.87564,6862.69,218.15,2.22,1.98,-61.3,-0.445,19.35,20.64,02a60472o0412o
60472.586982,18.852,0.141,104,15,o,0,1.06,325.84048,-7.87564,6918.61,10429.8,2.46,2.26,-57.0,-0.435,19.38,20.69,02a60472o0413o
60474.584779,18.768,0.114,113,13,o,0,0.83,325.84048,-7.87564,5494.52,8355.26,2.56,2.39,36.9,-0.395,19.56,20.8,01a60474o0707o
60474.600421,18.63,0.093,128,12,o,0,0.93,325.84048,-7.87564,5471.73,8316.23,2.61,2.4,37.1,-0.39,19.47,20.81,01a60474o0737o
60474.605778,18.593,0.088,133,12,o,0,1.34,325.84048,-7.87564,5528.82,8395.71,2.64,2.4,38.4,-0.388,19.42,20.61,01a60474o0748o
60476.560123,18.571,0.083,135,11,o,0,1.41,325.84048,-7.87564,5407.12,8002.92,2.23,1.86,32.4,-0.439,19.51,20.74,02a60476o0651o
60476.562834,18.617,0.101,130,13,o,0,0.96,325.84048,-7.87564,5427.46,8041.84,2.26,1.89,33.1,-0.432,19.52,20.74,02a60476o0657o
60476.585787,18.506,0.069,144,10,o,0,1.79,325.84048,-7.87564,5374.57,7967.01,2.24,1.88,30.6,-0.434,19.55,20.77,02a60476o0704o
60476.588952,18.653,0.115,126,14,o,0,0.71,325.84048,-7.87564,5358.31,8083.44,2.18,1.87,30.8,-0.438,19.55,20.75,02a60476o0711o
60477.026081,19.753,1.268,46,58,o,0,0.62,325.84048,-7.87564,5177.76,2559.84,2.17,1.95,-45.7,-0.429,17.67,19.03,03a60477o0751o
60477.027895,18.649,0.179,126,22,o,0,1.95,325.84048,-7.87564,5159.04,2521.18,2.11,1.97,-54.5,-0.438,18.45,19.87,03a60477o0755o
60477.031087,18.356,0.244,165,40,o,0,0.76,325.84048,-7.87564,5218.16,2600.41,2.14,2.01,-35.2,-0.435,18.24,19.62,03a60477o0762o
60477.036543,19.241,0.718,73,52,o,0,1.55,325.84048,-7.87564,5239.08,2483.58,2.11,1.97,-40.0,-0.435,17.53,18.87,03a60477o0774o
60478.515618,16.682,0.394,771,304,o,0,1.92,325.84048,-7.87564,3455.89,6509.12,3.11,2.63,41.4,-0.321,15.85,17.15,01a60478o0565o
60478.52392,-17.506,2.95,-361,1066,o,0,1.31,325.84048,-7.87564,3433.77,6470.67,2.67,2.45,33.3,-0.397,14.23,15.65,01a60478o0581o
60479.303339,18.564,0.135,136,18,o,0,0.88,325.84048,-7.87564,3461.43,6555.17,2.18,1.88,-69.7,-0.425,18.95,19.81,04a60479o0674o
60479.307003,18.493,0.135,145,20,o,0,1.11,325.84048,-7.87564,3441.88,6515.65,2.23,1.98,-60.5,-0.411,18.89,19.78,04a60479o0682o
60479.312888,18.484,0.122,147,18,o,0,1.41,325.84048,-7.87564,3505.5,6591.64,2.24,2.02,-63.9,-0.419,18.92,19.91,04a60479o0695o
60479.322893,18.287,0.097,176,17,o,0,0.82,325.84048,-7.87564,3528.36,6474.6,2.11,1.89,-57.8,-0.416,19.06,20.05,04a60479o0717o
60482.521268,18.891,0.27,101,27,o,0,0.96,325.84048,-7.87564,5284.39,4479.59,3.39,2.65,13.7,-0.353,18.52,19.18,01a60482o0578o
60482.523118,18.603,0.196,132,26,o,0,1.18,325.84048,-7.87564,5263.49,4440.34,3.53,2.72,12.0,-0.39,18.52,19.18,01a60482o0582o
60482.526035,18.614,0.199,130,26,o,0,0.93,325.84048,-7.87564,5319.98,4517.93,3.45,2.68,13.1,-0.357,18.53,19.19,01a60482o0588o
60483.976794,18.131,0.317,203,64,o,0,1.14,325.84048,-7.87564,1505.69,8477.37,2.92,2.57,-38.9,-0.369,17.68,17.53,03a60484o0629o
60483.978635,18.517,0.425,142,60,o,0,1.25,325.84048,-7.87564,1486.4,8437.58,3.07,2.67,-39.0,-0.363,17.68,17.55,03a60484o0633o
60483.981411,18.224,0.363,186,68,o,0,0.79,325.84048,-7.87564,1542.7,8516.05,2.95,2.58,-38.5,-0.37,17.71,17.57,03a60484o0639o
60483.986837,18.169,0.357,196,70,o,0,0.65,325.84048,-7.87564,1565.77,8399.92,2.62,2.34,-48.2,-0.391,17.8,17.56,03a60484o0651o
60488.544649,18.929,0.217,97,21,o,0,0.79,325.84048,-7.87564,3251.55,4230.87,2.34,1.8,26.9,-0.45,18.99,19.62,02a60488o0642o
60488.546532,18.748,0.177,115,20,o,0,1.0,325.84048,-7.87564,3269.4,4269.71,2.3,1.77,28.1,-0.458,18.97,19.49,02a60488o0646o
60488.575595,18.543,0.14,139,19,o,0,0.96,325.84048,-7.87564,7271.05,6348.78,2.38,1.93,37.0,-0.563,18.97,19.48,02a60488o0704o
60488.586616,18.68,0.158,122,19,o,0,1.44,325.84048,-7.87564,7292.99,6234.64,2.42,1.99,42.2,-0.425,18.92,19.49,02a60488o0725o
60489.088632,18.748,0.233,115,27,o,0,1.2,325.84048,-7.87564,3295.75,4241.26,2.45,2.1,-48.1,-0.379,18.35,18.79,03a60489o0845o
60489.091523,18.852,0.252,104,26,o,0,1.53,325.84048,-7.87564,3311.79,4280.53,2.39,1.99,-55.8,-0.388,18.43,18.78,03a60489o0851o
60489.097618,18.955,0.296,95,28,o,0,1.08,325.84048,-7.87564,3256.14,4203.13,2.38,1.98,-57.2,-0.39,18.41,18.71,03a60489o0864o
60489.132568,18.128,0.158,204,32,o,0,1.33,325.84048,-7.87564,3231.68,4318.78,2.3,2.01,-56.5,-0.404,18.33,18.55,03a60489o0938o
60491.199837,18.588,0.11,133,15,o,0,0.95,325.84048,-7.87564,7075.59,2477.31,2.27,2.09,-37.8,-0.412,19.29,20.66,04a60491o0569o
60491.233583,18.701,0.081,120,10,o,0,3.08,325.84048,-7.87564,7055.38,2440.48,2.29,2.29,49.3,-0.469,19.29,20.7,04a60491o0642o
60491.250824,18.755,0.107,114,12,o,0,1.17,325.84048,-7.87564,7116.85,2518.05,2.19,1.99,-26.8,-0.438,19.44,20.83,04a60491o0679o
60491.25268,18.478,0.087,148,13,o,0,1.29,325.84048,-7.87564,7134.77,2401.02,2.21,2.1,-9.2,-0.422,19.42,20.85,04a60491o0683o
60492.565211,18.866,0.119,103,12,o,0,1.33,325.84048,-7.87564,7476.01,10198.28,2.17,2.16,36.4,-0.449,19.55,20.82,02a60492o0403o
60492.568013,19.394,0.199,64,13,o,0,1.15,325.84048,-7.87564,7459.81,10160.78,2.16,2.14,-66.6,-0.45,19.56,20.81,02a60492o0409o
60492.573565,18.799,0.115,110,13,o,0,1.03,325.84048,-7.87564,7520.85,10240.59,2.19,2.16,-78.3,-0.447,19.53,20.82,02a60492o0421o
60492.609145,18.756,0.135,114,15,o,0,1.03,325.84048,-7.87564,7550.38,10127.43,2.2,2.06,-69.2,-0.454,19.45,20.57,02a60492o0494o
60493.025344,19.056,0.11,87,10,c,0,1.67,325.84048,-7.87564,7430.2,10245.34,2.76,2.4,-49.7,-0.385,19.59,21.4,03a60493o0719c
60493.027197,19.242,0.159,73,12,c,0,1.1,325.84048,-7.87564,7412.64,10205.99,2.84,2.4,-44.2,-0.384,19.58,21.39,03a60493o0723c
60493.02906,19.354,0.142,66,9,c,0,1.49,325.84048,-7.87564,7547.16,67.87,2.44,2.21,-46.0,-0.387,19.57,21.36,03a60493o0727c
60493.029974,19.089,0.129,84,11,c,0,1.44,325.84048,-7.87564,7469.22,10285.33,2.77,2.36,-46.9,-0.388,19.62,21.39,03a60493o0729c
60493.033694,19.136,0.125,80,10,c,0,1.03,325.84048,-7.87564,7587.06,107.49,2.45,2.22,-47.4,-0.392,19.57,21.39,03a60493o0737c
60493.036483,19.361,0.165,65,11,c,0,1.32,325.84048,-7.87564,7491.24,10167.87,2.85,2.4,-43.6,-0.388,19.58,21.43,03a60493o0743c
60494.587067,18.598,0.08,132,11,o,0,0.95,325.84048,-7.87564,906.29,3889.8,2.73,2.5,48.1,-0.379,19.53,21.04,01a60494o0710o
60494.612735,18.998,0.109,91,10,o,0,1.85,325.84048,-7.87564,904.76,3920.38,2.57,2.32,48.1,-0.388,19.34,20.41,01a60494o0762o
60494.615327,19.012,0.192,90,17,o,0,1.1,325.84048,-7.87564,844.32,3844.17,2.64,2.41,47.2,-0.378,19.09,19.96,01a60494o0767o
60494.619862,18.833,0.257,106,27,o,0,1.36,325.84048,-7.87564,821.84,3958.03,2.83,2.68,56.5,-0.394,18.39,18.83,01a60494o0775o
60495.257742,18.725,0.133,118,16,o,0,1.08,325.84048,-7.87564,9734.82,6718.7,2.47,2.18,-15.1,-0.423,19.25,20.56,04a60495o0693o
60495.25957,19.142,0.191,80,15,o,0,1.43,325.84048,-7.87564,9717.95,6680.07,2.49,2.17,-8.7,-0.399,19.21,20.57,04a60495o0697o
60495.262748,18.721,0.156,118,18,o,0,0.9,325.84048,-7.87564,9777.61,6757.46,2.51,2.2,-1.8,-0.412,19.21,20.55,04a60495o0704o
60495.268224,18.884,0.175,102,18,o,0,0.97,325.84048,-7.87564,9799.48,6640.3,2.55,2.24,-2.6,-0.406,19.17,20.58,04a60495o0716o
60496.516037,18.909,0.138,99,14,o,0,1.23,325.84048,-7.87564,730.6,1902.96,2.5,2.37,6.5,-0.412,19.26,20.56,02a60496o0591o
60496.517845,18.908,0.137,99,14,o,0,1.25,325.84048,-7.87564,751.54,1941.27,2.51,2.39,26.4,-0.428,19.23,20.57,02a60496o0595o
60496.521115,18.958,0.124,95,12,o,0,1.34,325.84048,-7.87564,693.88,1864.53,2.47,2.36,39.1,-0.431,19.27,20.58,02a60496o0602o
60496.533447,18.98,0.131,93,12,o,0,1.3,325.84048,-7.87564,674.31,1981.61,2.64,2.45,19.5,-0.414,19.23,20.69,02a60496o0628o
60497.005615,19.072,0.151,85,13,c,0,0.84,325.84048,-7.87564,9720.47,8737.54,2.65,2.3,-55.0,-0.395,19.62,21.4,03a60497o0697c
60497.00832,19.664,0.212,50,10,c,0,1.22,325.84048,-7.87564,9700.98,8697.75,2.57,2.21,-55.5,-0.399,19.62,21.36,03a60497o0703c
60497.011925,19.568,0.216,54,12,c,0,1.07,325.84048,-7.87564,9758.34,8777.19,2.65,2.27,-55.0,-0.395,19.64,21.38,03a60497o0711c
60497.038324,19.449,0.225,60,14,c,0,1.24,325.84048,-7.87564,9783.32,8660.42,2.65,2.35,-36.7,-0.422,19.47,21.22,03a60497o0764c
60498.582829,19.027,0.13,89,12,o,0,0.99,325.84048,-7.87564,1007.86,5830.17,2.67,2.35,44.2,-0.39,19.52,20.91,01a60498o0705o
60498.585782,19.223,0.173,74,13,o,0,0.75,325.84048,-7.87564,1025.63,5867.87,2.58,2.32,49.3,-0.404,19.56,20.91,01a60498o0711o
60498.60989,18.772,0.1,112,11,o,0,1.36,325.84048,-7.87564,952.68,5784.81,2.83,2.47,50.2,-0.373,19.36,20.61,01a60498o0757o
60498.61906,18.418,0.184,156,29,o,0,0.87,325.84048,-7.87564,929.96,5900.15,3.15,2.68,51.3,-0.341,18.64,19.25,01a60498o0775o
60499.171584,19.331,0.193,67,13,o,0,0.86,325.84048,-7.87564,9625.7,4774.81,2.41,2.22,2.6,-0.427,19.47,20.83,04a60499o0504o
60499.199958,18.997,0.14,92,13,o,0,1.13,325.84048,-7.87564,9600.22,4741.81,2.63,2.04,-15.2,-0.421,19.41,20.95,04a60499o0565o
60499.217424,18.884,0.122,101,12,o,0,1.49,325.84048,-7.87564,9659.83,4818.69,2.47,2.18,-16.4,-0.437,19.44,20.96,04a60499o0602o
60499.219228,18.789,0.123,111,14,o,0,0.93,325.84048,-7.87564,9680.5,4702.37,2.46,2.18,-12.4,-0.444,19.51,20.99,04a60499o0606o
60500.456613,19.874,0.5,41,20,o,0,1.12,325.84048,-7.87564,608.7,10186.72,3.13,2.57,-23.8,-0.474,19.04,20.39,02a60500o0459o
60500.458422,19.068,0.198,86,17,o,0,1.27,325.84048,-7.87564,628.27,10225.91,2.55,2.13,-34.0,-0.506,19.21,20.41,02a60500o0463o
60500.467052,19.052,0.177,87,15,o,0,1.12,325.84048,-7.87564,571.32,10145.75,2.25,1.83,-50.3,-0.499,19.29,20.39,02a60500o0481o
60500.49792,19.165,0.211,78,16,o,0,1.14,325.84048,-7.87564,555.56,10264.38,2.29,1.87,-50.6,-0.473,19.33,20.47,02a60500o0546o
60502.46808,19.135,0.158,80,13,o,0,0.97,325.84048,-7.87564,5392.74,6417.82,3.35,2.97,14.8,-0.361,19.28,20.87,01a60502o0465o
60502.494843,19.397,0.184,63,12,o,0,1.04,325.84048,-7.87564,5365.5,6379.62,2.97,2.68,24.1,-0.359,19.45,20.86,01a60502o0517o
60502.49776,19.296,0.144,70,10,o,0,1.2,325.84048,-7.87564,5425.18,6457.34,2.88,2.61,30.7,-0.354,19.46,20.86,01a60502o0523o
60502.500533,19.232,0.14,74,10,o,0,1.54,325.84048,-7.87564,5441.06,6340.38,3.14,2.64,11.7,-0.351,19.38,20.85,01a60502o0529o
60502.621232,19.493,0.548,58,32,o,0,0.96,325.84048,-7.87564,5192.37,4160.63,3.11,2.75,42.1,-0.362,18.38,18.8,01a60502o0762o
60503.270153,19.48,0.187,59,11,o,0,1.24,325.84048,-7.87564,5417.62,6447.86,2.05,1.88,-52.2,-0.428,19.48,21.0,04a60503o0709o
60503.273323,19.24,0.163,73,12,o,0,0.96,325.84048,-7.87564,5399.04,6409.1,2.07,1.88,-51.9,-0.433,19.5,21.0,04a60503o0716o
60503.27649,19.144,0.176,80,14,o,0,0.9,325.84048,-7.87564,5461.21,6485.66,2.13,1.86,-56.3,-0.427,19.49,21.02,04a60503o0723o
60503.309833,19.165,0.145,78,11,o,0,1.09,325.84048,-7.87564,5228.41,4244.67,2.08,1.99,-18.0,-0.444,19.46,21.09,04a60503o0794o
60506.238011,18.837,0.134,106,14,o,0,0.75,325.84048,-7.87564,1520.81,6651.02,2.29,1.96,-81.5,-0.401,19.43,20.83,04a60506o0608o
60506.239814,19.016,0.126,90,11,o,0,0.87,325.84048,-7.87564,1501.02,6612.08,2.31,1.93,-80.7,-0.404,19.44,20.82,04a60506o0612o
60506.244692,19.526,0.193,56,11,o,0,1.46,325.84048,-7.87564,1566.5,6689.27,2.37,1.98,-81.6,-0.409,19.44,20.91,04a60506o0622o
60506.250098,19.429,0.173,61,11,o,0,1.73,325.84048,-7.87564,1586.4,6572.07,2.37,2.05,-76.4,-0.402,19.41,21.0,04a60506o0634o
60506.466105,19.386,0.233,64,15,o,0,0.85,325.84048,-7.87564,1504.2,6601.91,3.02,2.8,31.1,-0.449,19.38,20.92,01a60506o0458o
60506.467953,19.403,0.198,63,12,o,0,1.04,325.84048,-7.87564,1483.12,6563.48,2.88,2.66,35.5,-0.404,19.44,20.92,01a60506o0462o
60506.490893,19.619,0.275,52,14,o,0,0.71,325.84048,-7.87564,1541.03,6642.88,2.88,2.73,41.8,-0.439,19.45,20.91,01a60506o0505o
60506.497004,19.312,0.157,68,11,o,0,1.04,325.84048,-7.87564,1555.35,6526.74,2.67,2.48,32.2,-0.415,19.51,20.94,01a60506o0518o
60507.107114,19.393,0.3,64,19,o,0,0.87,325.84048,-7.87564,1522.75,6647.45,2.27,2.04,-78.3,-0.376,18.81,19.67,04a60507o0333o
60507.108917,18.938,0.228,97,22,o,0,0.88,325.84048,-7.87564,1501.62,6609.21,2.31,2.05,-82.7,-0.37,18.84,19.66,04a60507o0337o
60507.112076,19.067,0.242,86,21,o,0,1.22,325.84048,-7.87564,1558.93,6687.54,2.29,2.06,-81.9,-0.381,18.83,19.72,04a60507o0344o
60507.118859,21.258,1.607,11,18,o,0,1.4,325.84048,-7.87564,1573.32,6572.06,2.28,2.05,88.5,-0.381,18.9,19.78,04a60507o0359o
60508.486213,19.254,0.2,72,14,o,0,1.27,325.84048,-7.87564,7347.15,7915.86,2.45,2.28,35.5,-0.421,19.21,20.22,02a60508o0523o
60508.488019,19.503,0.276,57,16,o,0,0.93,325.84048,-7.87564,7367.17,7956.44,2.41,2.23,40.3,-0.429,19.24,20.24,02a60508o0527o
60508.491184,19.519,0.306,56,17,o,0,0.79,325.84048,-7.87564,7307.34,7878.56,2.53,2.32,36.9,-0.418,19.18,20.28,02a60508o0534o
60508.522042,19.979,0.351,37,13,o,0,1.49,325.84048,-7.87564,3207.05,2542.46,2.79,2.65,43.8,-0.435,19.27,20.9,02a60508o0597o
60510.181194,19.647,0.382,50,19,o,0,2.19,325.84048,-7.87564,9520.12,2843.42,2.49,2.3,-18.0,-0.371,18.68,19.17,04a60510o0502o
60510.183023,19.163,0.338,78,27,o,0,0.96,325.84048,-7.87564,9500.08,2804.87,2.61,2.31,-8.5,-0.368,18.69,19.2,04a60510o0506o
60510.186204,19.599,0.498,52,26,o,0,1.21,325.84048,-7.87564,9559.19,2881.99,2.69,2.46,-14.4,-0.351,18.64,19.23,04a60510o0513o
60510.195684,18.909,0.259,99,26,o,0,1.45,325.84048,-7.87564,9580.33,2765.83,2.61,2.55,-7.6,-0.369,18.7,19.24,04a60510o0534o
60510.523751,19.355,0.301,66,20,o,0,0.88,325.84048,-7.87564,1126.31,7781.59,2.49,2.34,61.3,-0.447,19.07,19.75,01a60510o0465o
60510.526623,19.67,0.412,49,20,o,0,0.92,325.84048,-7.87564,1145.18,7819.88,2.48,2.31,62.1,-0.448,19.06,19.76,01a60510o0471o
60510.550884,21.547,2.188,9,19,o,0,0.96,325.84048,-7.87564,1071.15,7735.26,2.55,2.33,55.4,-0.444,19.06,19.83,01a60510o0517o
60510.578721,19.693,0.33,48,16,o,0,1.28,325.84048,-7.87564,1029.18,7841.45,2.58,2.32,66.0,-0.442,19.27,20.29,01a60510o0574o
60511.386794,19.225,0.455,74,34,o,0,1.13,325.84048,-7.87564,1162.97,7709.86,2.8,2.38,-79.8,-0.348,18.21,18.77,04a60511o0222o
60511.390874,18.971,0.399,94,37,o,0,1.05,325.84048,-7.87564,1182.29,7747.73,2.8,2.3,-76.2,-0.35,18.21,18.76,04a60511o0231o
60511.396831,19.318,0.567,68,39,o,0,1.06,325.84048,-7.87564,1122.66,7669.49,2.91,2.48,-84.2,-0.34,18.17,18.77,04a60511o0244o
60511.420449,19.703,0.779,48,37,o,0,0.95,325.84048,-7.87564,1092.7,7786.9,2.66,2.18,-85.2,-0.342,18.25,18.74,04a60511o0295o
60517.047009,19.416,0.295,62,18,o,0,1.37,325.84048,-7.87564,3193.88,2290.59,2.49,2.22,-53.7,-0.396,18.87,19.77,03a60517o0715o
60517.057043,20.427,0.725,24,18,o,0,1.1,325.84048,-7.87564,3210.08,2331.07,2.54,2.29,-49.6,-0.398,18.82,19.78,03a60517o0737o
60517.060715,19.214,0.279,75,21,o,0,0.93,325.84048,-7.87564,3155.34,2252.66,2.45,2.24,-50.1,-0.401,18.78,19.59,03a60517o0745o
60517.067094,-21.41,1.917,-10,19,o,0,1.34,325.84048,-7.87564,3133.56,2368.96,2.54,2.33,-52.3,-0.39,18.73,19.57,03a60517o0759o
60518.493501,20.304,0.473,27,13,o,0,1.26,325.84048,-7.87564,9260.55,5891.84,2.6,2.51,18.3,-0.424,19.38,20.49,01a60518o0527o
60518.496407,19.363,0.19,65,12,o,0,1.32,325.84048,-7.87564,9279.73,5930.2,2.63,2.59,-6.3,-0.424,19.33,20.5,01a60518o0533o
60518.502075,20.295,0.448,28,12,o,0,1.22,325.84048,-7.87564,9217.99,5850.22,2.61,2.59,-28.3,-0.429,19.35,20.54,01a60518o0545o
60518.513097,20.943,0.84,15,13,o,0,1.26,325.84048,-7.87564,9190.46,5962.8,2.65,2.56,28.5,-0.433,19.38,20.58,01a60518o0568o
60519.27864,19.497,0.272,58,16,o,0,1.52,325.84048,-7.87564,9277.28,5894.62,2.44,2.12,-15.2,-0.456,19.24,20.49,04a60519o0706o
60519.284076,20.259,0.541,29,16,o,0,1.18,325.84048,-7.87564,9299.84,5929.78,2.61,2.14,-13.9,-0.43,19.24,20.53,04a60519o0718o
60519.287705,21.093,1.203,13,16,o,0,0.82,325.84048,-7.87564,9243.59,5849.32,2.67,2.29,-17.3,-0.43,19.19,20.54,04a60519o0726o
60519.314391,19.818,0.493,43,21,o,0,1.01,325.84048,-7.87564,9230.03,5945.78,2.41,2.14,-11.8,-0.447,19.25,20.4,04a60519o0782o
60520.514033,19.623,0.471,51,24,o,0,1.19,325.84048,-7.87564,1595.29,10496.29,2.15,1.98,-44.4,-0.472,19.35,20.49,02a60520o0589o
60520.516746,19.516,0.186,57,10,o,0,1.63,325.84048,-7.87564,1591.85,267.26,2.05,1.84,-58.3,-0.475,19.42,20.57,02a60520o0595o
60520.517197,20.692,0.815,19,16,o,0,1.09,325.84048,-7.87564,1580.54,10457.42,2.12,1.98,-49.3,-0.473,19.38,20.51,02a60520o0596o
60520.519911,19.681,0.265,49,13,o,0,1.11,325.84048,-7.87564,1573.1,229.18,2.15,1.89,-60.9,-0.473,19.39,20.57,02a60520o0602o
60520.526937,19.418,0.23,62,14,o,0,0.6,325.84048,-7.87564,1632.13,308.44,2.26,1.84,-52.7,-0.466,19.44,20.55,02a60520o0616o
60520.556114,20.155,0.436,32,14,o,0,1.42,325.84048,-7.87564,1681.71,10429.89,2.13,1.89,-57.4,-0.462,19.38,20.51,02a60520o0677o
60520.557017,19.971,0.31,37,12,o,0,1.4,325.84048,-7.87564,1672.18,199.1,2.01,1.81,-61.8,-0.49,19.41,20.6,02a60520o0679o
60524.495102,20.303,0.531,28,15,o,0,0.68,325.84048,-7.87564,5410.81,8338.51,2.36,1.96,36.9,-0.438,19.45,20.66,02a60524o0463o
60524.504992,20.107,0.395,33,13,o,0,0.99,325.84048,-7.87564,5397.25,8303.29,2.42,2.0,37.6,-0.433,19.44,20.67,02a60524o0484o
60524.508157,20.492,0.487,23,11,o,0,1.43,325.84048,-7.87564,5456.46,8381.49,2.34,1.93,40.8,-0.437,19.47,20.67,02a60524o0491o
60524.513684,20.099,0.405,33,13,o,0,1.05,325.84048,-7.87564,5481.29,8270.69,2.4,1.99,44.6,-0.433,19.46,20.67,02a60524o0503o
60524.950195,20.329,0.412,27,11,o,0,1.07,325.84048,-7.87564,5426.13,8365.09,2.53,2.19,-35.3,-0.397,19.46,20.93,03a60525o0552o
60524.952003,19.545,0.199,55,11,o,0,1.3,325.84048,-7.87564,5409.47,8325.86,2.54,2.21,-35.1,-0.399,19.43,20.93,03a60525o0556o
60524.957511,23.668,8.333,1,10,o,0,1.58,325.84048,-7.87564,5464.96,8405.06,2.33,2.1,-44.3,-0.417,19.52,20.9,03a60525o0568o
60524.981587,20.3,0.406,28,11,o,0,1.83,325.84048,-7.87564,5067.44,2303.1,2.38,2.08,-57.1,-0.423,19.39,20.87,03a60525o0620o
60526.473491,19.992,0.369,37,14,o,0,1.25,325.84048,-7.87564,5499.87,8034.86,3.74,2.65,6.3,-0.329,19.22,20.6,01a60526o0502o
60526.478768,20.213,0.457,30,14,o,0,0.83,325.84048,-7.87564,5516.79,8071.84,3.17,2.59,10.4,-0.352,19.3,20.63,01a60526o0513o
60526.481636,21.936,2.278,6,14,o,0,1.06,325.84048,-7.87564,5454.93,7993.35,3.41,2.58,9.4,-0.342,19.28,20.63,01a60526o0519o
60526.514696,20.0,0.313,36,11,o,0,1.24,325.84048,-7.87564,5417.11,8098.54,3.12,2.64,19.5,-0.348,19.32,20.63,01a60526o0586o
60528.500001,20.093,0.398,33,13,o,0,1.29,325.84048,-7.87564,3365.93,6495.23,2.44,2.05,34.2,-0.425,19.34,20.57,02a60528o0572o
60528.503165,20.507,0.562,23,13,o,0,1.11,325.84048,-7.87564,3347.47,6456.94,2.44,2.12,36.4,-0.426,19.31,20.53,02a60528o0579o
60528.508694,19.41,0.208,62,13,o,0,1.41,325.84048,-7.87564,3412.62,6537.97,2.35,1.95,38.4,-0.428,19.35,20.5,02a60528o0591o
60528.529827,22.192,2.821,5,14,o,0,1.07,325.84048,-7.87564,3435.55,6422.29,2.34,1.99,37.2,-0.433,19.36,20.48,02a60528o0634o
60528.921966,20.675,0.655,20,13,o,0,0.93,325.84048,-7.87564,3417.7,6484.75,2.7,2.33,-22.2,-0.365,19.29,20.87,03a60529o0445o
60528.927545,20.484,0.48,23,11,o,0,1.27,325.84048,-7.87564,3401.61,6447.0,2.43,2.23,-36.9,-0.391,19.38,20.88,03a60529o0456o
60528.944995,20.412,0.524,25,13,o,0,0.87,325.84048,-7.87564,3462.54,6524.9,2.97,2.43,-13.8,-0.365,19.24,20.88,03a60529o0493o
60528.947755,20.998,0.692,14,10,o,0,1.33,325.84048,-7.87564,3483.27,6409.13,2.57,2.25,-31.1,-0.373,19.32,20.87,03a60529o0499o
60530.472562,21.061,0.941,14,13,o,0,1.15,325.84048,-7.87564,7312.18,5989.3,2.5,2.27,34.6,-0.391,19.42,20.43,01a60530o0506o
60530.477329,19.843,0.285,42,12,o,0,1.22,325.84048,-7.87564,7326.51,6026.28,2.55,2.25,32.5,-0.384,19.45,20.43,01a60530o0516o
60530.48349,21.199,1.0,12,12,o,0,1.13,325.84048,-7.87564,7264.98,5946.71,2.6,2.26,38.5,-0.383,19.42,20.39,01a60530o0529o
60530.515657,20.742,0.664,18,12,o,0,1.07,325.84048,-7.87564,7224.23,6054.0,2.59,2.29,46.0,-0.387,19.35,20.32,01a60530o0592o
60532.460573,20.069,0.274,34,9,c,0,1.25,325.84048,-7.87564,5189.31,4466.62,2.52,2.33,38.1,-0.4,19.49,21.22,02a60532o0485c
60532.463738,20.732,0.607,18,11,c,0,1.18,325.84048,-7.87564,5171.21,4429.41,2.66,2.44,39.9,-0.391,19.48,21.22,02a60532o0492c
60532.495645,20.349,0.442,26,12,c,0,0.96,325.84048,-7.87564,5236.54,4508.96,2.54,2.31,45.4,-0.399,19.53,21.24,02a60532o0557c
60532.510073,-21.887,1.591,-6,10,c,0,1.06,325.84048,-7.87564,5268.92,4399.02,2.51,2.32,47.9,-0.4,19.52,21.26,02a60532o0588c
60534.150589,20.195,0.46,30,14,o,0,1.0,325.84048,-7.87564,1616.49,8590.53,2.39,1.85,-70.6,-0.422,19.36,20.6,04a60534o0421o
60534.152392,20.485,0.607,23,14,o,0,0.86,325.84048,-7.87564,1597.42,8551.52,2.49,1.9,-70.9,-0.405,19.33,20.61,04a60534o0425o
60534.170573,20.866,0.78,16,13,o,0,1.42,325.84048,-7.87564,1666.04,8626.28,2.35,1.83,-70.0,-0.435,19.37,20.59,04a60534o0464o
60534.189427,20.327,0.463,27,12,o,0,1.22,325.84048,-7.87564,1701.13,8506.17,2.28,1.77,-69.9,-0.44,19.37,20.62,04a60534o0503o
60534.50723,19.587,0.251,53,13,o,0,1.16,325.84048,-7.87564,9004.23,1991.34,2.3,2.29,-51.6,-0.474,19.45,20.61,01a60534o0579o
60534.510464,19.922,0.333,39,13,o,0,0.84,325.84048,-7.87564,9021.69,2029.38,2.29,2.26,-46.3,-0.474,19.47,20.58,01a60534o0586o
60534.522132,21.206,0.86,12,10,o,0,1.57,325.84048,-7.87564,8955.52,1950.1,2.44,2.34,-29.8,-0.461,19.4,20.6,01a60534o0610o
60534.550041,20.084,0.312,34,10,o,0,1.77,325.84048,-7.87564,8917.97,2065.72,2.45,2.26,-57.5,-0.492,19.47,20.68,01a60534o0666o
60536.585241,21.755,1.707,7,12,c,0,1.23,325.84048,-7.87564,1272.79,2719.91,2.6,2.46,-62.8,-0.412,19.26,20.83,02a60536o0623c
60536.590504,-22.914,5.429,-2,14,c,0,1.05,325.84048,-7.87564,1258.25,2681.7,2.61,2.43,-67.7,-0.419,19.23,20.79,02a60536o0634c
60536.593299,-21.113,1.375,-13,18,c,0,0.86,325.84048,-7.87564,1317.31,2758.94,2.58,2.4,-74.0,-0.421,19.17,20.79,02a60536o0640c
60536.618904,20.74,0.889,18,16,c,0,1.06,325.84048,-7.87564,1345.68,2643.13,2.69,2.47,-61.3,-0.413,19.01,20.5,02a60536o0690c
60536.95938,19.537,0.285,56,16,o,0,1.25,325.84048,-7.87564,9187.94,7935.62,2.54,1.97,-45.3,-0.402,19.15,20.07,03a60537o0496o
60536.962536,20.623,0.866,20,18,o,0,1.0,325.84048,-7.87564,9204.74,7975.47,2.78,2.1,-47.9,-0.4,19.05,20.05,03a60537o0503o
60536.968852,20.912,1.184,16,19,o,0,1.02,325.84048,-7.87564,9148.51,7896.83,2.73,2.14,-49.5,-0.396,19.04,20.04,03a60537o0517o
60536.979228,20.92,1.275,16,20,o,0,0.82,325.84048,-7.87564,9126.66,8012.87,2.61,2.13,-47.1,-0.398,19.07,20.04,03a60537o0540o
60538.411639,20.407,0.652,25,16,o,0,1.13,325.84048,-7.87564,7322.57,6317.47,2.76,2.55,26.2,-0.372,18.99,19.74,01a60538o0383o
60538.413488,19.515,0.257,57,15,o,0,1.7,325.84048,-7.87564,7303.71,6279.21,2.66,2.46,32.0,-0.378,19.02,19.74,01a60538o0387o
60538.416261,19.766,0.427,45,19,o,0,0.95,325.84048,-7.87564,7360.13,6356.75,2.79,2.61,22.8,-0.377,18.97,19.73,01a60538o0393o
60538.436541,20.698,0.919,19,18,o,0,0.99,325.84048,-7.87564,7370.53,6240.69,2.78,2.55,27.7,-0.369,19.0,19.73,01a60538o0433o
60538.869861,20.578,1.414,21,30,o,0,1.04,325.84048,-7.87564,7284.34,6378.4,2.46,2.14,-50.6,-0.424,18.51,18.88,03a60539o0371o
60538.871664,19.709,0.443,48,21,o,0,1.82,325.84048,-7.87564,7268.39,6339.71,2.45,2.12,-52.3,-0.417,18.52,18.9,03a60539o0375o
60538.874824,21.393,2.585,10,26,o,0,0.97,325.84048,-7.87564,7324.34,6418.09,2.52,2.17,-49.9,-0.408,18.54,18.95,03a60539o0382o
60538.880238,18.801,0.222,110,24,o,0,1.14,325.84048,-7.87564,7344.39,6303.29,2.59,2.13,-49.2,-0.394,18.55,19.05,03a60539o0394o
60544.156367,20.496,1.835,23,42,o,0,1.0,325.84048,-7.87564,9955.38,391.7,3.06,2.43,-34.0,-0.312,18.45,18.95,04a60544o0345o
60544.158169,21.272,2.868,11,32,o,0,1.26,325.84048,-7.87564,9936.04,353.05,3.13,2.38,-30.0,-0.342,18.39,18.97,04a60544o0349o
60544.170605,-19.663,0.755,-50,37,o,0,1.2,325.84048,-7.87564,10004.22,429.66,3.09,2.4,-34.4,-0.311,18.43,18.95,04a60544o0371o
60544.189776,19.736,0.891,46,41,o,0,1.11,325.84048,-7.87564,10043.19,307.11,2.94,2.56,-44.2,-0.322,18.46,18.9,04a60544o0400o
60544.193046,18.477,0.412,148,61,o,0,0.9,325.84048,-7.87564,654.56,78.79,3.42,1.83,47.0,-0.428,18.41,18.66,04a60544o0405o
60544.99423,19.356,0.434,66,28,o,0,1.11,325.84048,-7.87564,863.71,3779.35,2.62,2.42,-28.3,-0.392,18.55,19.15,03a60545o0640o
60544.997387,21.389,2.517,10,25,o,0,1.19,325.84048,-7.87564,879.89,3818.15,2.57,2.31,-51.3,-0.392,18.56,19.21,03a60545o0647o
60545.005148,-19.892,0.686,-40,28,o,0,1.11,325.84048,-7.87564,823.02,3741.14,2.58,2.31,-62.7,-0.374,18.58,19.21,03a60545o0664o
60545.016983,-20.666,1.627,-20,32,o,0,0.96,325.84048,-7.87564,801.62,3857.8,2.64,2.37,-42.9,-0.395,18.43,19.06,03a60545o0690o
60545.017885,19.986,0.832,37,31,o,0,0.78,325.84048,-7.87564,801.15,3857.55,2.55,2.2,-65.7,-0.38,18.58,19.13,03a60545o0692o
60548.225148,20.755,0.773,18,14,o,0,0.93,325.84048,-7.87564,742.82,10185.93,2.91,2.02,-74.9,-0.385,19.47,20.89,04a60548o0517o
60548.230321,20.916,0.909,16,14,o,0,0.93,325.84048,-7.87564,763.97,10220.7,2.87,1.94,-76.4,-0.397,19.38,20.84,04a60548o0528o
60548.234896,22.317,3.481,4,15,o,0,0.92,325.84048,-7.87564,708.82,10140.53,2.94,1.93,-77.8,-0.391,19.42,20.79,04a60548o0538o
60548.260294,-24.156,20.0,-1,16,o,0,0.97,325.84048,-7.87564,693.74,10240.95,2.73,1.95,-73.7,-0.404,19.33,20.59,04a60548o0588o
60550.137105,21.936,3.407,6,21,o,0,0.79,325.84048,-7.87564,9944.77,389.78,3.13,2.62,-20.7,-0.361,19.12,20.72,04a60550o0362o
60550.138912,19.939,0.456,38,18,o,0,0.89,325.84048,-7.87564,9925.61,350.45,3.26,2.78,-18.6,-0.34,19.07,20.74,04a60550o0366o
60550.142516,21.54,1.973,9,17,o,0,0.68,325.84048,-7.87564,9986.06,428.1,3.34,2.66,-25.1,-0.355,19.13,20.74,04a60550o0374o
60550.147922,-20.497,0.654,-23,15,o,0,1.2,325.84048,-7.87564,10010.64,308.61,3.06,2.56,-17.9,-0.372,19.13,20.8,04a60550o0386o
60550.475489,22.287,3.243,4,14,o,0,0.91,325.84048,-7.87564,576.99,49.88,2.39,2.26,69.7,-0.473,19.45,20.63,01a60550o0475o
60552.459002,20.596,0.521,21,11,o,0,1.42,325.84048,-7.87564,579.39,52.16,2.32,2.13,57.5,-0.476,19.46,20.53,01a60552o0472o
60553.183814,20.015,0.386,36,14,o,0,0.67,325.84048,-7.87564,731.27,10213.62,2.67,1.88,-74.4,-0.406,19.38,20.76,04a60553o0448o
60553.206921,20.504,0.642,23,15,o,0,0.93,325.84048,-7.87564,762.59,10230.6,2.81,1.93,-78.0,-0.39,19.34,20.72,04a60553o0493o
60553.210088,21.111,1.036,13,14,o,0,1.03,325.84048,-7.87564,705.13,10149.78,2.83,1.95,-78.1,-0.385,19.35,20.67,04a60553o0500o
60553.231333,19.871,0.454,41,19,o,0,0.68,325.84048,-7.87564,690.86,10253.54,2.94,2.08,-79.0,-0.377,19.29,20.57,04a60553o0540o
60553.445167,20.581,0.573,21,12,o,0,1.35,325.84048,-7.87564,587.02,53.64,2.4,2.3,57.3,-0.465,19.38,20.48,01a60553o0359o
60554.281745,23.245,11.4,2,21,o,0,1.52,325.84048,-7.87564,2263.82,9918.21,2.42,2.31,-74.7,-0.435,18.74,20.58,01a60554o0102o
60555.163137,21.439,1.479,10,14,o,0,1.44,325.84048,-7.87564,5130.45,10474.8,2.38,1.83,-65.8,-0.451,19.44,20.81,04a60555o0439o
60555.163587,20.423,0.604,25,15,o,0,1.02,325.84048,-7.87564,5050.81,288.62,2.23,2.03,31.5,-0.456,19.44,20.83,04a60555o0440o
60555.168698,21.246,0.957,12,11,o,0,1.67,325.84048,-7.87564,5070.64,322.44,2.13,1.94,-4.9,-0.422,19.42,20.82,04a60555o0451o
60555.169149,19.589,0.339,53,18,o,0,1.36,325.84048,-7.87564,5153.48,10507.75,2.36,1.8,-63.4,-0.461,19.42,20.82,04a60555o0452o
60555.171851,20.844,0.724,17,12,o,0,1.15,325.84048,-7.87564,5015.42,241.25,2.17,1.97,23.0,-0.428,19.46,20.8,04a60555o0458o
60555.172302,21.097,1.066,13,14,o,0,0.81,325.84048,-7.87564,5098.0,10426.48,2.05,1.7,-56.0,-0.442,19.43,20.8,04a60555o0459o
60555.204188,21.772,1.981,7,14,o,0,0.78,325.84048,-7.87564,5010.12,329.89,2.24,2.08,11.2,-0.441,19.4,20.8,04a60555o0528o
60555.204639,22.814,7.737,3,21,o,0,1.45,325.84048,-7.87564,5092.25,10515.5,2.31,1.81,-65.8,-0.476,19.4,20.8,04a60555o0529o
60556.386867,21.178,0.964,12,12,o,0,1.23,325.84048,-7.87564,1405.66,6591.84,2.15,1.96,22.0,-0.441,19.39,20.53,02a60556o0369o
60556.39003,23.824,13.143,1,14,o,0,1.18,325.84048,-7.87564,1387.21,6553.82,2.5,2.37,11.6,-0.422,19.22,20.52,02a60556o0376o
60556.396448,20.353,0.568,26,15,o,0,1.09,325.84048,-7.87564,1451.51,6631.95,2.35,2.22,19.5,-0.437,19.3,20.49,02a60556o0390o
60556.406433,20.346,0.477,26,13,o,0,1.36,325.84048,-7.87564,1471.93,6516.31,2.29,2.07,27.9,-0.434,19.32,20.46,02a60556o0411o
60557.021747,-20.789,1.318,-18,23,c,0,0.9,325.84048,-7.87564,9062.5,4059.11,3.07,2.48,-7.7,-0.37,18.7,20.67,03a60557o0240c
60557.039319,-19.004,0.412,-91,38,c,0,1.54,325.84048,-7.87564,9084.95,4097.23,2.96,2.63,-28.6,-0.369,17.4,19.39,03a60557o0278c
60557.05354,19.22,0.481,74,36,c,0,1.62,325.84048,-7.87564,9028.61,4018.68,2.89,2.51,-20.3,-0.373,17.56,19.52,03a60557o0309c
60557.064637,-21.175,4.071,-12,50,c,0,0.9,325.84048,-7.87564,9011.13,4133.22,3.09,2.7,-27.4,-0.358,17.6,19.6,03a60557o0333c
60558.387104,21.196,0.83,12,10,o,0,1.77,325.84048,-7.87564,7399.65,7932.38,2.5,2.45,54.5,-0.421,19.59,20.84,01a60558o0363o
60558.389914,19.738,0.233,46,11,o,0,1.13,325.84048,-7.87564,7419.64,7970.57,2.56,2.49,58.1,-0.422,19.55,20.82,01a60558o0369o
60558.395695,21.106,0.786,13,10,o,0,1.44,325.84048,-7.87564,7357.81,7892.3,2.54,2.52,87.4,-0.423,19.54,20.8,01a60558o0381o
60558.406833,20.565,0.533,22,12,o,0,1.0,325.84048,-7.87564,7341.03,8005.34,2.58,2.43,46.9,-0.422,19.57,20.78,01a60558o0404o
60559.139774,19.996,0.5,36,18,o,0,0.83,325.84048,-7.87564,7429.78,7953.68,2.72,2.35,-49.7,-0.404,19.12,20.36,04a60559o0380o
60559.143427,22.017,2.694,6,15,o,0,1.14,325.84048,-7.87564,7451.96,7988.67,2.54,2.25,-41.9,-0.404,19.14,20.35,04a60559o0388o
60559.177886,-22.641,5.364,-3,17,o,0,1.14,325.84048,-7.87564,7409.46,7877.0,2.37,2.03,-43.5,-0.396,19.18,20.36,04a60559o0461o
60559.184688,23.11,8.267,2,17,o,0,0.88,325.84048,-7.87564,7393.43,7987.56,2.35,2.0,-39.0,-0.405,19.19,20.53,04a60559o0476o
60560.304908,20.279,0.44,28,12,o,0,1.55,325.84048,-7.87564,1038.22,7729.43,2.08,1.92,-42.6,-0.454,19.35,20.44,02a60560o0189o
60560.306791,22.805,5.308,3,15,o,0,0.96,325.84048,-7.87564,1058.35,7768.25,2.05,1.87,-40.6,-0.463,19.41,20.44,02a60560o0193o
60560.309958,19.937,0.378,38,14,o,0,0.91,325.84048,-7.87564,1000.54,7690.78,2.06,1.9,-38.9,-0.46,19.42,20.46,02a60560o0200o
60560.315385,21.456,1.636,10,16,o,0,1.05,325.84048,-7.87564,980.01,7807.74,2.08,1.91,-36.5,-0.459,19.41,20.46,02a60560o0212o
60560.918667,21.687,1.649,8,13,c,0,0.71,325.84048,-7.87564,954.76,7639.97,2.8,2.53,-55.1,-0.387,19.5,21.5,03a60561o0446c
60560.922315,-21.131,0.82,-13,10,c,0,1.34,325.84048,-7.87564,974.95,7679.59,2.8,2.54,-46.6,-0.39,19.47,21.49,03a60561o0454c
60560.957174,22.643,3.5,3,11,c,0,1.34,325.84048,-7.87564,917.09,7600.58,2.9,2.65,-51.5,-0.386,19.41,21.44,03a60561o0529c
60560.972047,22.675,3.929,3,12,c,0,1.24,325.84048,-7.87564,898.51,7720.54,2.88,2.56,-49.7,-0.385,19.42,21.38,03a60561o0561c
60562.106848,20.03,0.52,35,18,o,0,1.25,325.84048,-7.87564,3583.69,8483.16,2.08,1.73,-66.5,-0.418,18.94,20.08,04a60562o0288o
60562.110036,20.798,0.975,17,17,o,0,0.71,325.84048,-7.87564,3568.47,8444.08,2.23,1.82,-65.5,-0.443,19.31,20.56,04a60562o0295o
60562.115957,20.497,0.958,23,22,o,0,0.82,325.84048,-7.87564,3630.93,8520.85,2.18,1.79,-61.9,-0.415,18.84,20.04,04a60562o0308o
60562.121408,-19.191,0.315,-76,24,o,0,1.12,325.84048,-7.87564,3655.59,8403.26,2.12,1.78,-63.5,-0.429,18.58,19.74,04a60562o0320o
60562.369845,20.218,0.346,30,10,o,0,0.96,325.84048,-7.87564,7056.41,2117.72,2.38,2.22,18.5,-0.446,19.6,20.87,01a60562o0273o
60562.372827,22.247,2.325,5,11,o,0,1.13,325.84048,-7.87564,7074.32,2156.49,2.38,2.24,21.6,-0.447,19.61,20.86,01a60562o0279o
60562.378167,20.513,0.454,23,10,o,0,1.14,325.84048,-7.87564,7016.69,2078.05,2.42,2.23,26.3,-0.444,19.59,20.85,01a60562o0290o
60562.388299,19.916,0.27,39,11,o,0,0.94,325.84048,-7.87564,6995.36,2192.61,2.33,2.19,34.1,-0.453,19.63,20.86,01a60562o0311o
60563.200665,-20.466,2.806,-24,66,o,0,1.57,325.84048,-7.87564,7138.44,2089.9,2.14,1.89,-34.6,-0.473,17.53,18.68,04a60563o0338o
60563.203858,-18.055,0.464,-218,101,o,0,0.87,325.84048,-7.87564,7156.11,2127.2,2.27,2.03,-22.9,-0.432,17.08,18.16,04a60563o0345o
60563.209319,19.731,2.189,46,102,o,0,1.04,325.84048,-7.87564,7098.66,2045.79,2.33,1.97,-30.8,-0.428,17.21,18.35,04a60563o0357o
60563.233884,-17.551,0.327,-346,113,o,0,1.52,325.84048,-7.87564,7077.99,2153.83,2.22,1.99,-23.3,-0.43,17.16,18.18,04a60563o0406o
60564.378457,19.994,0.324,36,12,o,0,1.37,325.84048,-7.87564,7123.56,4374.24,2.1,1.94,26.1,-0.429,19.38,20.37,02a60564o0363o
60564.381622,0.0,21.231,0,12,o,0,1.5,325.84048,-7.87564,7105.15,4335.97,2.11,1.95,31.0,-0.428,19.38,20.43,02a60564o0370o
60564.389748,20.5,0.55,23,13,o,0,1.12,325.84048,-7.87564,7168.44,4414.42,2.12,1.95,33.8,-0.429,19.36,20.41,02a60564o0387o
60564.406232,20.64,0.718,20,14,o,0,0.85,325.84048,-7.87564,7194.78,4300.72,2.2,1.99,35.1,-0.42,19.39,20.47,02a60564o0423o
60564.845921,19.788,0.463,44,20,o,0,1.07,325.84048,-7.87564,7223.45,4456.92,2.58,2.41,-50.9,-0.423,18.76,19.72,03a60565o0192o
60564.8491,-20.936,1.216,-15,19,o,0,1.74,325.84048,-7.87564,7205.47,4417.99,2.64,2.52,-46.5,-0.422,18.71,19.73,03a60565o0199o
60564.869964,20.005,0.573,36,21,o,0,1.58,325.84048,-7.87564,7269.81,4500.44,2.35,2.22,-40.4,-0.442,18.87,19.76,03a60565o0244o
60564.88442,20.053,0.442,35,15,o,0,1.92,325.84048,-7.87564,3260.46,6206.15,2.55,2.33,-54.4,-0.376,18.8,19.83,03a60565o0275o
60567.126586,-21.655,2.507,-8,20,o,0,1.8,325.84048,-7.87564,3224.15,2351.17,2.06,1.95,43.5,-0.433,18.55,19.05,04a60567o0333o
60567.130568,20.516,0.887,23,20,o,0,1.52,325.84048,-7.87564,3243.97,2385.9,2.02,1.91,31.8,-0.435,18.57,19.04,04a60567o0340o
60567.137207,-22.919,11.409,-2,28,o,0,0.84,325.84048,-7.87564,3191.22,2300.92,2.06,1.89,36.4,-0.434,18.59,19.04,04a60567o0353o
