MJD,m,dm,uJy,duJy,F,err,chi/N,RA,Dec,x,y,maj,min,phi,apfit,mag5sig,Sky,Obs
59777.131844,-20.901,2.456,-16,39,o,0,1.04,52.15125,5.78935,6730.23,6521.73,2.95,2.78,-16.0,-0.411,18.22,18.72,03a59777o0964o
59777.134557,-21.52,4.103,-9,37,o,0,1.17,52.15125,5.78935,6711.99,6482.32,2.94,2.75,-21.3,-0.405,18.25,18.77,03a59777o0970o
59777.141782,-22.514,10.583,-4,38,o,0,1.36,52.15125,5.78935,6769.88,6559.72,3.54,3.09,-7.3,-0.387,18.17,18.88,03a59777o0986o
59777.155104,21.271,2.783,11,31,o,0,1.39,52.15125,5.78935,6790.62,6445.51,3.22,2.81,-6.4,-0.403,18.3,18.95,03a59777o1015o
59800.553422,21.332,1.14,11,12,o,0,2.22,52.15125,5.78935,1832.34,4104.21,2.2,1.88,25.5,-0.441,19.24,20.21,02a59800o0677o
59800.557075,21.504,1.597,9,14,o,0,1.79,52.15125,5.78935,1850.88,4142.7,2.2,1.92,24.9,-0.447,19.3,20.37,02a59800o0685o
59800.567216,-20.921,0.69,-16,11,o,0,1.91,52.15125,5.78935,1795.06,4065.48,2.23,1.95,24.1,-0.443,19.41,20.61,02a59800o0706o
59800.573107,23.339,6.8,2,11,o,0,3.21,52.15125,5.78935,1774.99,4181.92,2.16,1.85,26.1,-0.449,19.45,20.66,02a59800o0719o
59801.10906,-19.82,0.531,-43,23,o,0,1.38,52.15125,5.78935,8565.56,2610.1,2.23,2.11,-11.6,-0.455,18.59,19.11,03a59801o0846o
59801.11235,-22.827,7.65,-3,20,o,0,1.58,52.15125,5.78935,8547.1,2571.25,2.26,2.1,-6.1,-0.449,18.7,19.19,03a59801o0853o
59801.118347,20.433,1.145,24,28,o,0,1.18,52.15125,5.78935,8603.42,2650.56,2.14,2.01,3.9,-0.467,18.6,18.91,03a59801o0866o
59801.128433,-18.565,0.711,-136,97,o,0,0.91,52.15125,5.78935,8624.98,2536.25,2.19,2.09,-2.0,-0.453,17.33,17.51,03a59801o0888o
59803.303814,-20.734,3.66,-18,68,o,0,0.78,52.15125,5.78935,4107.97,374.6,3.92,3.42,53.1,-0.319,17.6,18.43,04a59803o0763o
59803.30968,-19.415,0.634,-62,40,o,0,1.24,52.15125,5.78935,4089.55,335.56,2.89,2.56,52.4,-0.355,17.95,18.51,04a59803o0775o
59803.312384,21.125,3.6,13,46,o,0,1.0,52.15125,5.78935,4147.93,413.49,2.87,2.55,51.9,-0.389,17.94,18.54,04a59803o0781o
59803.320361,19.994,1.726,36,63,o,0,1.24,52.15125,5.78935,2772.34,10490.02,3.3,2.54,-77.9,-0.329,18.17,18.74,04a59803o0798o
59803.322172,19.841,0.932,42,39,o,0,1.2,52.15125,5.78935,4164.16,294.39,2.81,2.49,45.7,-0.348,18.07,18.62,04a59803o0802o
59804.606642,-19.897,0.478,-40,19,o,0,1.24,52.15125,5.78935,10119.2,4218.8,2.05,1.95,-16.0,-0.451,19.0,19.41,02a59804o0815o
59804.610711,-24.135,19.875,-1,16,o,0,3.56,52.15125,5.78935,10139.19,4258.36,1.99,1.92,-27.3,-0.453,19.06,19.42,02a59804o0824o
59804.618525,20.202,0.577,30,17,o,0,2.03,52.15125,5.78935,10082.12,4179.56,2.05,1.94,-22.1,-0.451,18.99,19.4,02a59804o0841o
59804.631336,-20.717,1.641,-19,31,o,0,1.05,52.15125,5.78935,10063.44,4300.17,2.08,1.95,-3.0,-0.442,18.48,18.51,02a59804o0867o
59806.519077,-20.991,2.057,-15,30,o,0,1.12,52.15125,5.78935,6429.99,737.8,2.9,2.84,61.4,-0.475,18.44,19.01,01a59806o0639o
59806.536301,-19.809,1.26,-43,54,o,0,0.87,52.15125,5.78935,6410.47,693.3,2.71,2.69,-50.4,-0.504,17.95,18.29,01a59806o0675o
59806.539499,20.295,2.778,28,77,o,0,1.14,52.15125,5.78935,6470.77,771.37,2.73,2.71,-63.8,-0.505,17.62,17.98,01a59806o0682o
59806.544965,20.155,0.866,32,27,o,0,1.22,52.15125,5.78935,6491.06,653.63,2.78,2.75,-66.2,-0.493,18.57,19.25,01a59806o0694o
59807.345211,-20.315,0.791,-27,22,o,0,1.86,52.15125,5.78935,4101.2,371.43,2.13,1.82,48.2,-0.43,18.62,18.89,04a59807o0850o
59807.347475,18.181,0.284,194,55,o,0,1.5,52.15125,5.78935,2685.83,10527.86,2.93,2.25,-79.8,-0.388,18.61,18.98,04a59807o0855o
59807.348379,-22.6,8.138,-3,27,o,0,1.14,52.15125,5.78935,4081.95,331.98,2.2,1.89,47.7,-0.426,18.63,19.0,04a59807o0857o
59807.354718,-20.218,0.788,-30,23,o,0,1.39,52.15125,5.78935,4141.55,409.86,2.22,1.88,43.5,-0.427,18.65,19.07,04a59807o0871o
59807.365291,19.2,0.571,76,43,o,0,1.19,52.15125,5.78935,2762.94,10486.36,3.05,2.15,-79.0,-0.367,18.74,19.22,04a59807o0893o
59807.366191,20.463,0.902,24,21,o,0,2.07,52.15125,5.78935,4161.04,291.33,2.19,1.86,44.5,-0.423,18.69,19.18,04a59807o0895o
59810.58686,21.097,1.45,13,19,o,0,0.91,52.15125,5.78935,6799.2,6538.16,3.37,2.94,39.9,-0.386,18.92,19.95,01a59810o0785o
59810.592197,-21.08,1.783,-13,24,o,0,0.75,52.15125,5.78935,6783.55,6497.42,3.37,2.99,37.9,-0.387,18.91,19.94,01a59810o0796o
59810.618159,-22.691,6.071,-3,18,o,0,1.26,52.15125,5.78935,6843.54,6567.24,3.35,2.94,38.4,-0.389,18.95,19.99,01a59810o0851o
59810.623203,22.34,4.842,4,20,o,0,1.14,52.15125,5.78935,6862.11,6451.39,3.39,2.99,29.5,-0.382,18.89,19.92,01a59810o0862o
59813.139346,21.235,1.044,12,12,o,0,2.0,52.15125,5.78935,8657.86,8814.63,2.42,2.1,-34.4,-0.403,19.42,20.53,03a59813o0835o
59813.141149,-20.029,0.404,-35,14,o,0,1.34,52.15125,5.78935,8638.64,8775.19,2.41,2.06,-41.4,-0.413,19.41,20.54,03a59813o0839o
59813.165254,19.495,0.29,58,17,o,0,1.39,52.15125,5.78935,8691.36,8860.67,2.49,2.08,-40.2,-0.405,19.11,19.84,03a59813o0888o
59813.172274,-21.999,5.091,-6,29,o,0,1.37,52.15125,5.78935,8710.65,8746.71,2.51,2.11,-40.6,-0.393,18.39,18.41,03a59813o0903o
59814.579875,20.676,0.868,20,17,o,0,1.12,52.15125,5.78935,6798.2,6533.9,3.8,3.51,40.8,-0.349,19.01,20.62,01a59814o0773o
59814.583067,-24.169,22.0,-1,17,o,0,0.89,52.15125,5.78935,6779.08,6496.75,3.68,3.29,37.6,-0.345,19.08,20.64,01a59814o0780o
59814.58899,-22.241,3.312,-5,15,o,0,1.26,52.15125,5.78935,6837.79,6571.29,3.78,3.47,42.1,-0.364,19.04,20.71,01a59814o0793o
59814.61286,22.289,3.167,4,14,o,0,1.54,52.15125,5.78935,6860.17,6448.78,3.57,3.16,42.5,-0.363,19.16,20.8,01a59814o0844o
59820.459907,-21.102,1.051,-13,14,c,0,1.23,52.15125,5.78935,9925.88,1874.08,2.54,2.4,-39.2,-0.41,19.28,20.93,02a59820o0518c
59820.463091,20.592,0.598,21,13,c,0,0.99,52.15125,5.78935,9940.69,1915.14,2.49,2.37,-50.4,-0.411,19.33,20.98,02a59820o0525c
59820.491356,-22.715,3.895,-3,12,c,0,1.42,52.15125,5.78935,9882.99,1837.87,2.58,2.38,-54.3,-0.414,19.41,21.14,02a59820o0585c
59820.496791,-20.803,0.689,-17,12,c,0,1.43,52.15125,5.78935,9860.29,1955.2,2.65,2.51,-51.6,-0.41,19.38,21.16,02a59820o0597c
59822.604007,20.255,0.526,29,15,o,0,0.96,52.15125,5.78935,2176.28,2430.49,2.85,2.75,32.8,-0.469,19.25,20.76,01a59822o0831o
59822.605844,21.348,1.302,10,14,o,0,1.27,52.15125,5.78935,2156.4,2391.49,2.9,2.83,28.2,-0.467,19.22,20.75,01a59822o0835o
59822.615042,-21.738,2.026,-7,15,o,0,0.89,52.15125,5.78935,2216.33,2469.9,2.86,2.75,40.0,-0.462,19.24,20.77,01a59822o0855o
59822.625002,20.144,0.518,32,16,o,0,1.14,52.15125,5.78935,8308.27,8202.32,3.44,2.98,42.1,-0.396,19.17,20.6,01a59822o0876o
59824.572451,-20.926,0.563,-16,9,c,0,1.12,52.15125,5.78935,9939.59,1882.27,2.39,2.27,-51.4,-0.422,19.64,21.48,02a59824o0766c
59824.574712,-24.354,15.0,-1,10,c,0,0.92,52.15125,5.78935,9959.08,1921.72,2.41,2.3,-40.6,-0.416,19.63,21.49,02a59824o0771c
59824.577876,-20.852,0.558,-17,9,c,0,1.0,52.15125,5.78935,9901.82,1844.89,2.37,2.26,-42.2,-0.424,19.66,21.5,02a59824o0778c
59824.584209,-20.486,0.354,-23,8,c,0,1.87,52.15125,5.78935,9881.41,1961.57,2.4,2.29,-50.0,-0.414,19.67,21.53,02a59824o0792c
59826.56506,21.718,1.707,8,13,o,0,1.78,52.15125,5.78935,2419.8,6308.74,2.83,2.74,34.2,-0.443,19.29,20.84,01a59826o0758o
59826.566882,-21.559,1.333,-9,12,o,0,1.79,52.15125,5.78935,2399.23,6269.88,2.8,2.73,27.0,-0.448,19.33,20.87,01a59826o0762o
59826.576905,-22.6,3.5,-3,12,o,0,1.69,52.15125,5.78935,2458.27,6345.78,2.84,2.76,40.3,-0.441,19.35,20.92,01a59826o0784o
59826.582548,-20.264,0.44,-28,12,o,0,1.14,52.15125,5.78935,2475.42,6226.99,2.78,2.73,35.0,-0.453,19.35,20.92,01a59826o0796o
59829.067259,20.822,0.967,17,16,o,0,2.29,52.15125,5.78935,350.09,4256.6,2.26,2.01,-67.9,-0.384,19.11,19.78,03a59829o0768o
59829.089307,-19.819,0.327,-43,14,o,0,2.13,52.15125,5.78935,328.4,4219.48,2.21,1.86,-63.6,-0.397,19.2,19.95,03a59829o0816o
59829.09111,-19.941,0.359,-38,14,o,0,2.02,52.15125,5.78935,383.64,4299.36,2.22,1.86,-65.5,-0.401,19.21,19.95,03a59829o0820o
59829.108037,21.051,0.805,14,11,o,0,2.99,52.15125,5.78935,402.5,4186.14,2.25,1.85,-64.7,-0.394,19.38,20.18,03a59829o0857o
59830.510306,21.442,2.17,10,21,o,0,1.28,52.15125,5.78935,2412.31,6315.1,2.86,2.69,14.1,-0.445,18.81,19.66,01a59830o0606o
59830.512125,21.946,3.5,6,21,o,0,1.35,52.15125,5.78935,2393.93,6277.91,2.77,2.68,45.4,-0.454,18.84,19.67,01a59830o0610o
59830.515306,21.861,3.649,6,24,o,0,0.89,52.15125,5.78935,2452.82,6351.97,2.78,2.67,46.8,-0.454,18.86,19.68,01a59830o0617o
59830.520765,-20.544,1.008,-22,22,o,0,1.13,52.15125,5.78935,2476.7,6237.14,2.91,2.7,37.5,-0.434,18.82,19.71,01a59830o0629o
59832.463551,-22.711,20.632,-3,62,o,0,1.05,52.15125,5.78935,10293.96,8101.3,2.61,2.26,-57.0,-0.443,18.42,18.64,02a59832o0251o
59832.465359,-19.358,0.748,-66,49,o,0,1.2,52.15125,5.78935,10313.67,8140.41,2.55,2.19,-58.6,-0.436,18.49,18.65,02a59832o0255o
59832.468071,-20.515,3.485,-23,79,o,0,0.47,52.15125,5.78935,38.67,8073.61,2.32,1.88,-50.0,-0.386,18.43,18.62,02a59832o0261o
59832.468523,-19.827,1.211,-43,52,o,0,1.47,52.15125,5.78935,10251.57,8061.21,2.56,2.23,-56.6,-0.432,18.51,18.67,02a59832o0262o
59832.473643,-18.902,0.412,-100,41,o,0,1.14,52.15125,5.78935,58.26,8112.68,2.24,1.86,-48.7,-0.443,18.48,18.67,02a59832o0273o
59832.477261,-19.902,1.114,-40,44,o,0,1.59,52.15125,5.78935,10233.58,8179.98,2.48,2.15,-59.1,-0.444,18.56,18.73,02a59832o0281o
59832.996916,19.764,1.12,45,50,o,0,1.36,52.15125,5.78935,2532.55,10409.95,3.24,2.76,-39.1,-0.359,17.88,17.88,03a59833o0361o
59832.998735,19.132,0.64,81,52,o,0,1.33,52.15125,5.78935,2513.6,10371.27,2.95,2.51,-39.2,-0.379,17.95,17.89,03a59833o0365o
59833.000987,-20.561,2.241,-22,48,o,0,1.29,52.15125,5.78935,4169.05,267.18,2.43,2.29,-42.2,-0.369,17.87,17.81,03a59833o0370o
59833.007501,-18.793,0.424,-110,47,o,0,1.0,52.15125,5.78935,4149.83,227.96,2.44,2.3,-39.0,-0.367,17.92,17.85,03a59833o0384o
59833.00878,18.866,0.465,103,48,o,0,1.17,52.15125,5.78935,2570.88,10447.51,3.03,2.54,-37.7,-0.375,17.94,17.95,03a59833o0386o
59833.010598,19.56,0.777,54,42,o,0,1.43,52.15125,5.78935,4208.14,305.94,2.55,2.41,-30.8,-0.383,17.89,17.88,03a59833o0390o
59833.013713,-19.803,1.287,-44,56,o,0,0.87,52.15125,5.78935,2591.67,10330.82,3.05,2.63,-38.6,-0.361,17.96,17.96,03a59833o0396o
59833.015994,-19.661,1.071,-50,53,o,0,0.94,52.15125,5.78935,4230.41,188.87,2.53,2.31,-22.4,-0.36,17.66,17.61,03a59833o0401o
59838.557811,21.084,1.107,13,15,o,0,1.59,52.15125,5.78935,7001.19,2671.95,2.32,2.18,-7.5,-0.471,19.16,19.78,01a59838o0741o
59838.56071,19.865,0.41,41,17,o,0,2.07,52.15125,5.78935,6981.46,2630.99,2.16,2.08,-28.2,-0.498,19.25,19.78,01a59838o0747o
59838.581995,-20.619,0.684,-20,14,o,0,2.52,52.15125,5.78935,7039.69,2705.15,2.1,2.03,-48.3,-0.497,19.26,19.82,01a59838o0791o
59838.59405,19.511,0.28,57,16,o,0,2.05,52.15125,5.78935,7059.91,2586.6,2.11,2.06,-50.0,-0.5,19.25,19.83,01a59838o0817o
59839.247128,17.746,2.729,290,790,o,0,1.85,52.15125,5.78935,467.4,6395.01,2.63,2.27,77.1,-0.369,14.26,15.02,04a59839o0593o
59839.25479,16.186,2.205,1218,2685,o,0,1.01,52.15125,5.78935,506.0,6432.56,2.61,2.32,78.6,-0.371,13.75,14.49,04a59839o0610o
59839.260201,17.741,2.965,291,862,o,0,1.03,52.15125,5.78935,524.1,6316.44,2.48,2.18,74.0,-0.381,15.06,15.91,04a59839o0622o
59840.498194,20.341,0.517,26,14,o,0,2.3,52.15125,5.78935,108.43,10032.64,2.03,1.61,-50.7,-0.625,19.32,20.39,02a59840o0495o
59840.499098,22.229,2.278,5,11,o,0,2.45,52.15125,5.78935,10404.25,10064.91,2.51,2.0,-56.0,-0.447,19.35,20.46,02a59840o0497o
59840.500455,20.488,0.929,23,22,o,0,0.97,52.15125,5.78935,127.67,10072.4,1.99,1.62,-53.2,-0.57,19.32,20.4,02a59840o0500o
59840.500907,21.962,2.082,6,12,o,0,2.47,52.15125,5.78935,10425.4,10105.94,2.37,1.97,-58.5,-0.455,19.4,20.47,02a59840o0501o
59840.534891,-21.076,1.879,-14,25,o,0,3.6,52.15125,5.78935,74.18,9992.95,1.89,1.61,-47.1,-0.596,19.17,20.21,02a59840o0575o
59840.535343,19.222,0.225,74,17,o,0,2.25,52.15125,5.78935,10367.79,10029.45,2.44,1.94,-55.4,-0.461,18.91,19.91,02a59840o0576o
59840.541289,-19.788,0.701,-44,31,o,0,3.25,52.15125,5.78935,55.45,10111.07,2.01,1.55,-60.2,-0.697,18.98,19.9,02a59840o0589o
59840.54174,19.439,0.293,61,18,o,0,1.57,52.15125,5.78935,10352.1,10147.98,2.4,1.93,-62.5,-0.47,19.23,20.29,02a59840o0590o
59842.605461,19.594,0.213,53,11,o,0,1.43,52.15125,5.78935,3316.22,1868.36,2.52,2.25,38.1,-0.45,19.48,20.69,01a59842o0841o
59842.631772,19.214,0.17,75,13,o,0,1.72,52.15125,5.78935,3338.26,1909.16,2.63,2.35,36.6,-0.431,19.32,20.35,01a59842o0897o
59842.635029,20.168,0.587,31,18,o,0,0.98,52.15125,5.78935,3282.27,1832.6,2.7,2.47,48.8,-0.448,19.11,19.93,01a59842o0904o
59842.639246,19.595,0.486,53,26,o,0,1.41,52.15125,5.78935,3263.09,1948.14,2.64,2.45,43.6,-0.443,18.61,18.89,01a59842o0912o
59844.533615,20.151,0.394,32,12,o,0,2.76,52.15125,5.78935,8434.3,10150.14,2.19,2.1,-70.7,-0.449,19.44,20.67,02a59844o0712o
59844.535422,19.219,0.17,74,13,o,0,2.77,52.15125,5.78935,8453.98,10189.71,2.14,2.09,83.5,-0.456,19.49,20.69,02a59844o0716o
59844.539044,19.522,0.214,56,12,o,0,1.91,52.15125,5.78935,8394.46,10110.15,2.19,2.09,-65.0,-0.456,19.49,20.69,02a59844o0724o
59844.54447,19.398,0.196,63,12,o,0,2.18,52.15125,5.78935,8375.4,10229.84,2.21,2.07,-71.1,-0.449,19.42,20.71,02a59844o0736o
59846.535953,19.501,8.714,58,501,c,0,0.74,52.15125,5.78935,7197.74,8868.55,3.09,2.86,38.8,-0.362,15.43,17.27,01a59846o0700c
59846.538262,17.014,0.891,568,506,c,0,0.93,52.15125,5.78935,7180.19,8831.2,3.12,2.9,39.8,-0.36,15.33,17.21,01a59846o0705c
59846.557708,19.918,1.583,39,62,c,0,1.36,52.15125,5.78935,7241.11,8905.96,3.01,2.84,47.9,-0.365,17.58,19.36,01a59846o0744c
59846.569726,19.441,0.615,61,37,c,0,1.22,52.15125,5.78935,7261.32,8786.97,3.07,2.83,44.0,-0.36,18.17,19.96,01a59846o0770c
59848.589337,18.736,0.121,116,14,o,0,2.45,52.15125,5.78935,2139.61,420.67,1.87,1.71,68.9,-0.496,19.36,20.5,02a59848o0825o
59848.618403,18.686,0.11,122,13,o,0,3.63,52.15125,5.78935,2119.76,381.97,1.89,1.72,76.6,-0.491,19.36,20.56,02a59848o0887o
59848.621282,19.052,0.147,87,13,o,0,1.72,52.15125,5.78935,2177.36,457.61,1.91,1.76,76.0,-0.496,19.35,20.53,02a59848o0893o
59848.627264,18.945,0.141,96,14,o,0,3.03,52.15125,5.78935,2200.14,341.81,1.88,1.7,74.2,-0.496,19.32,20.48,02a59848o0906o
59849.049368,19.749,0.222,46,10,c,0,1.16,52.15125,5.78935,8520.42,667.6,2.31,2.13,-17.6,-0.42,19.78,21.53,03a59849o0696c
59849.051169,20.186,0.251,31,8,c,0,2.19,52.15125,5.78935,8501.55,628.1,2.32,2.13,-23.0,-0.42,19.77,21.54,03a59849o0700c
59849.055413,19.602,0.176,52,9,c,0,1.27,52.15125,5.78935,8556.21,708.93,2.36,2.19,-19.6,-0.417,19.74,21.53,03a59849o0708c
59849.078468,20.06,0.273,34,9,c,0,1.7,52.15125,5.78935,1875.99,9902.1,2.58,2.26,-46.3,-0.402,19.75,21.53,03a59849o0758c
59850.492151,20.162,0.303,31,10,c,0,0.94,52.15125,5.78935,3311.75,9053.96,3.0,2.88,67.2,-0.337,19.69,21.53,01a59850o0617c
59850.495729,19.724,0.194,47,9,c,0,1.11,52.15125,5.78935,3296.06,9015.72,3.08,2.93,55.7,-0.33,19.66,21.54,01a59850o0624c
59850.524992,20.631,0.382,20,8,c,0,1.41,52.15125,5.78935,3356.07,9086.14,3.01,2.87,62.5,-0.336,19.73,21.61,01a59850o0684c
59850.529147,19.92,0.238,39,9,c,0,1.05,52.15125,5.78935,3376.21,8968.39,3.04,2.91,59.8,-0.333,19.71,21.63,01a59850o0693c
59851.134832,18.536,0.169,140,24,o,0,1.42,52.15125,5.78935,702.13,8727.81,3.19,2.71,89.1,-0.328,18.97,20.32,04a59851o0359o
59851.137565,20.244,0.68,29,20,o,0,1.11,52.15125,5.78935,679.6,8689.74,2.87,2.57,-84.3,-0.361,19.0,20.36,04a59851o0365o
59851.172487,20.941,1.145,15,18,o,0,1.76,52.15125,5.78935,714.97,8771.17,2.79,2.34,-81.2,-0.365,19.24,20.57,04a59851o0441o
59851.189539,19.414,0.256,62,16,o,0,1.38,52.15125,5.78935,726.92,8653.0,2.61,2.02,-77.8,-0.372,19.35,20.64,04a59851o0478o
59852.997696,20.87,0.748,16,12,c,0,1.06,52.15125,5.78935,8518.42,657.13,2.4,2.22,-38.2,-0.414,19.46,21.07,03a59853o0587c
59852.999497,19.788,0.376,44,17,c,0,1.5,52.15125,5.78935,8500.49,617.92,2.34,2.17,-43.0,-0.416,19.04,20.58,03a59853o0591c
59853.002651,21.122,0.773,13,10,c,0,1.61,52.15125,5.78935,8556.71,697.87,2.34,2.19,-27.0,-0.416,19.53,21.1,03a59853o0598c
59853.008058,20.466,0.426,24,10,c,0,1.08,52.15125,5.78935,8580.0,581.5,2.35,2.2,-34.7,-0.415,19.6,21.18,03a59853o0610c
59854.440376,-21.38,0.923,-10,9,c,0,1.21,52.15125,5.78935,3291.64,9060.43,3.06,2.89,68.3,-0.335,19.62,21.39,01a59854o0518c
59854.442796,20.979,0.68,15,10,c,0,0.85,52.15125,5.78935,3274.31,9022.86,2.97,2.86,75.3,-0.344,19.63,21.4,01a59854o0523c
59854.447884,20.8,0.545,17,10,c,0,0.89,52.15125,5.78935,3332.96,9100.96,3.03,2.89,75.2,-0.339,19.66,21.41,01a59854o0534c
59854.463675,20.568,0.463,22,10,c,0,1.03,52.15125,5.78935,3357.6,8980.33,3.06,2.93,73.8,-0.336,19.65,21.43,01a59854o0565c
59855.260487,19.648,0.284,50,14,o,0,1.88,52.15125,5.78935,667.42,8717.26,2.69,1.86,-83.0,-0.395,19.48,20.71,04a59855o0629o
59855.262288,20.509,0.554,23,13,o,0,1.87,52.15125,5.78935,648.12,8678.27,2.64,1.85,-84.5,-0.393,19.48,20.69,04a59855o0633o
59855.265893,19.293,0.171,70,12,o,0,2.02,52.15125,5.78935,708.8,8755.09,2.55,1.85,-80.5,-0.392,19.48,20.73,04a59855o0641o
59855.28962,20.051,0.348,35,12,o,0,1.69,52.15125,5.78935,744.54,8632.19,2.68,2.01,-82.6,-0.374,19.42,20.66,04a59855o0692o
59856.614517,19.785,0.242,44,11,o,0,1.98,52.15125,5.78935,8633.66,4536.27,2.23,2.05,32.5,-0.424,19.47,20.65,02a59856o0087o
59856.62829,19.103,0.149,83,12,o,0,1.59,52.15125,5.78935,8616.2,4500.57,2.3,2.04,30.9,-0.422,19.43,20.57,02a59856o0117o
59856.637235,23.045,6.158,2,14,o,0,2.24,52.15125,5.78935,8676.1,4577.12,2.21,2.02,32.3,-0.426,19.27,20.19,02a59856o0136o
59856.644277,19.325,0.574,68,39,o,0,1.2,52.15125,5.78935,8694.96,4463.6,2.26,2.03,28.4,-0.413,18.33,18.56,02a59856o0151o
59856.980306,19.338,0.197,67,13,o,0,1.85,52.15125,5.78935,8643.07,6474.72,2.37,2.13,-53.8,-0.402,19.14,20.07,03a59857o0556o
59856.982558,19.09,0.183,84,15,o,0,1.76,52.15125,5.78935,8624.01,6435.71,2.49,2.17,-52.3,-0.403,19.12,20.08,03a59857o0561o
59856.985714,19.779,0.309,44,14,o,0,1.94,52.15125,5.78935,8679.96,6515.07,2.42,2.09,-50.9,-0.397,19.15,20.1,03a59857o0568o
59856.99113,19.753,0.324,46,15,o,0,1.37,52.15125,5.78935,8702.15,6400.4,2.35,2.07,-51.7,-0.405,19.19,20.13,03a59857o0580o
59858.500041,20.055,0.644,34,22,o,0,1.22,52.15125,5.78935,8964.32,4527.3,2.51,2.46,6.2,-0.439,18.85,19.45,01a59858o0488o
59858.502815,19.647,0.422,50,21,o,0,1.3,52.15125,5.78935,8944.35,4485.98,2.43,2.38,-46.0,-0.461,18.89,19.47,01a59858o0494o
59858.505585,20.121,0.629,32,20,o,0,1.31,52.15125,5.78935,9002.36,4562.93,2.45,2.42,-47.8,-0.451,18.87,19.42,01a59858o0500o
59858.511585,19.577,0.291,54,16,o,0,1.78,52.15125,5.78935,9023.17,4447.1,2.4,2.36,-27.7,-0.449,19.03,19.72,01a59858o0513o
59859.190798,19.293,0.38,70,26,o,0,1.05,52.15125,5.78935,264.71,2516.99,2.44,1.75,39.8,-0.404,18.64,19.09,04a59859o0379o
59859.192599,20.566,1.452,22,31,o,0,0.75,52.15125,5.78935,244.98,2477.51,2.61,1.93,45.2,-0.402,18.6,19.15,04a59859o0383o
59859.195759,19.122,0.238,82,19,o,0,1.98,52.15125,5.78935,304.41,2555.56,2.36,1.76,43.1,-0.415,18.69,19.11,04a59859o0390o
59859.19891,19.703,1.195,48,57,o,0,1.06,52.15125,5.78935,10509.57,2510.52,3.09,2.15,-21.0,-0.356,18.48,19.03,04a59859o0397o
59859.201627,-20.916,1.691,-16,26,o,0,1.06,52.15125,5.78935,323.36,2438.14,2.49,1.84,42.3,-0.414,18.59,19.07,04a59859o0403o
59859.202077,-20.14,1.297,-32,41,o,0,1.06,52.15125,5.78935,10490.33,2471.34,2.88,2.14,-18.5,-0.355,18.61,19.05,04a59859o0404o
59860.469915,20.838,1.417,17,24,o,0,0.94,52.15125,5.78935,3721.1,1676.31,2.06,1.77,32.7,-0.45,18.87,19.28,02a59860o0548o
59860.471724,19.718,0.432,47,20,o,0,1.16,52.15125,5.78935,3741.65,1715.07,2.09,1.76,32.5,-0.453,18.85,19.29,02a59860o0552o
59860.47489,19.744,0.328,46,15,o,0,2.98,52.15125,5.78935,3685.61,1639.31,2.04,1.77,36.9,-0.457,18.88,19.28,02a59860o0559o
59860.480334,20.942,1.449,15,22,o,0,1.23,52.15125,5.78935,3663.69,1754.74,2.13,1.78,32.7,-0.44,18.83,19.31,02a59860o0570o
59860.974328,19.29,0.495,70,35,o,0,1.22,52.15125,5.78935,8636.85,6471.33,2.86,2.44,-53.0,-0.375,18.15,18.44,03a59861o0534o
59860.976133,19.381,0.562,64,36,o,0,1.24,52.15125,5.78935,8617.2,6432.6,2.8,2.51,-51.1,-0.369,18.12,18.42,03a59861o0538o
59860.979317,24.194,58.25,1,44,o,0,0.8,52.15125,5.78935,8672.42,6512.12,2.94,2.63,-50.8,-0.368,18.09,18.42,03a59861o0545o
59860.987453,21.265,3.086,11,35,o,0,1.14,52.15125,5.78935,8691.38,6398.25,2.67,2.42,-51.9,-0.379,18.18,18.4,03a59861o0563o
59866.515505,19.219,0.276,74,21,o,0,1.36,52.15125,5.78935,10024.86,63.45,2.15,1.92,-43.9,-0.526,18.77,19.27,01a59866o0575o
59866.527998,20.715,0.947,19,18,o,0,1.75,52.15125,5.78935,10047.22,102.62,2.32,2.08,-52.5,-0.489,19.03,19.64,01a59866o0602o
59866.543124,19.79,0.529,44,23,o,0,1.61,52.15125,5.78935,9970.84,144.06,2.15,1.93,-49.9,-0.512,18.88,19.24,01a59866o0634o
59866.5654,22.003,6.0,6,34,o,0,0.8,52.15125,5.78935,8626.02,10313.5,2.61,2.35,-60.0,-0.416,18.51,18.62,01a59866o0681o
59866.575122,20.191,0.644,30,20,o,0,1.18,52.15125,5.78935,8647.33,10354.96,2.63,2.38,-65.8,-0.407,19.01,19.49,01a59866o0702o
59866.578996,-21.004,1.227,-14,18,o,0,1.42,52.15125,5.78935,8589.04,10277.91,2.55,2.28,-59.1,-0.42,19.01,19.49,01a59866o0710o
59866.606887,21.258,1.522,11,17,o,0,1.62,52.15125,5.78935,8573.53,10400.03,2.62,2.37,-64.2,-0.401,18.96,19.42,01a59866o0769o
59867.271862,18.5,0.25,144,36,o,0,1.92,52.15125,5.78935,10462.67,543.64,3.02,2.02,-27.5,-0.302,18.87,19.55,04a59867o0301o
59867.276373,19.053,0.292,87,25,o,0,1.23,52.15125,5.78935,10449.0,502.88,2.97,2.04,-26.4,-0.331,18.86,19.53,04a59867o0311o
59867.311482,17.869,0.207,258,54,o,0,60.82,52.15125,5.78935,91.13,9995.78,3.11,2.29,87.6,-0.364,18.79,19.24,04a59867o0387o
59867.31691,-18.085,0.259,-212,55,o,0,1.73,52.15125,5.78935,72.69,10107.95,3.12,2.22,-76.3,-0.386,18.76,19.24,04a59867o0397o
59867.358741,-19.244,0.338,-73,25,o,0,1.77,52.15125,5.78935,10439.82,10016.93,2.71,2.02,13.5,-0.428,18.78,19.25,04a59867o0486o
59867.361613,-19.336,0.584,-67,39,o,0,1.55,52.15125,5.78935,10460.69,10055.34,2.62,2.28,58.0,-0.369,18.78,19.25,04a59867o0492o
59867.367471,-19.146,0.495,-80,40,o,0,1.5,52.15125,5.78935,10402.07,9973.95,3.13,2.46,26.2,-0.562,18.73,19.23,04a59867o0504o
59867.375944,-19.912,1.277,-39,50,o,0,1.27,52.15125,5.78935,10384.37,10089.61,3.3,2.56,35.6,-0.428,18.51,18.92,04a59867o0522o
59867.567401,-21.478,1.611,-9,15,o,0,0.88,52.15125,5.78935,8627.45,10315.63,2.6,2.45,-73.4,-0.412,19.2,19.97,01a59867o0806o
59867.586356,20.254,0.488,29,14,o,0,1.85,52.15125,5.78935,8648.69,10358.94,2.7,2.42,-58.2,-0.405,19.18,19.95,01a59867o0845o
59867.589157,20.092,0.475,33,16,o,0,1.8,52.15125,5.78935,8590.62,10280.27,2.7,2.5,-66.4,-0.409,19.15,19.94,01a59867o0851o
59867.595435,20.091,0.476,33,16,o,0,1.3,52.15125,5.78935,8572.17,10400.1,2.68,2.44,-56.7,-0.408,19.2,19.93,01a59867o0864o
59868.434319,21.306,1.053,11,12,o,0,4.31,52.15125,5.78935,6397.09,8276.04,2.4,1.9,33.9,-0.425,19.31,20.19,02a59868o0523o
59868.436133,-21.128,1.162,-13,15,o,0,1.85,52.15125,5.78935,6415.32,8314.19,2.37,1.91,34.4,-0.429,19.29,20.19,02a59868o0527o
59868.439295,20.558,0.743,22,16,o,0,2.28,52.15125,5.78935,6357.96,8236.83,2.37,1.89,34.9,-0.422,19.31,20.22,02a59868o0534o
59868.455579,19.93,0.376,39,15,o,0,1.86,52.15125,5.78935,6346.17,8351.12,2.33,1.92,32.2,-0.435,19.41,20.3,02a59868o0569o
59870.408794,-21.247,0.897,-12,10,o,0,2.67,52.15125,5.78935,1942.5,411.99,2.21,2.14,18.8,-0.503,19.6,20.65,01a59870o0407o
59870.411563,20.213,0.346,30,10,o,0,2.61,52.15125,5.78935,1922.79,372.03,2.21,2.11,19.3,-0.501,19.59,20.65,01a59870o0413o
59870.414332,22.658,4.129,3,13,o,0,1.78,52.15125,5.78935,1983.31,452.42,2.16,2.07,34.8,-0.503,19.59,20.66,01a59870o0419o
59870.445736,-23.479,5.714,-2,8,o,0,2.9,52.15125,5.78935,2003.19,328.46,2.2,2.14,26.6,-0.496,19.56,20.59,01a59870o0485o
59871.212272,-21.928,2.0,-6,12,c,0,1.14,52.15125,5.78935,165.76,554.09,4.17,2.12,45.6,-0.311,19.41,21.1,04a59871o0502c
59871.214073,-20.094,0.363,-33,12,c,0,1.54,52.15125,5.78935,146.33,514.31,4.44,2.12,45.3,-0.303,19.42,21.1,04a59871o0506c
59871.239534,-21.769,1.949,-7,14,c,0,1.05,52.15125,5.78935,218.3,587.63,3.8,1.97,43.0,-0.355,19.53,21.15,04a59871o0560c
59871.244041,-22.242,3.182,-5,15,c,0,0.99,52.15125,5.78935,239.13,468.28,4.08,2.13,44.3,-0.332,19.46,21.15,04a59871o0570c
59871.246305,19.853,0.35,42,14,c,0,1.53,52.15125,5.78935,10456.69,551.24,3.56,2.33,-25.6,-0.339,19.47,21.17,04a59871o0575c
59871.248112,20.342,0.464,26,12,c,0,1.66,52.15125,5.78935,10437.7,512.02,3.71,2.3,-26.7,-0.331,19.49,21.19,04a59871o0579c
59871.251268,-20.994,1.391,-14,20,c,0,1.7,52.15125,5.78935,10498.59,589.48,3.74,2.45,-27.1,-0.346,19.45,21.19,04a59871o0586c
59871.256682,-19.444,2.322,-61,141,c,0,0.05,52.15125,5.78935,10523.12,469.4,3.74,2.4,-26.9,-0.341,19.49,21.17,04a59871o0598c
59871.448036,21.617,1.325,8,11,o,0,2.82,52.15125,5.78935,4098.52,413.9,2.21,2.08,39.7,-0.486,19.71,20.97,01a59871o0536o
59871.450805,20.019,0.227,36,8,o,0,5.73,52.15125,5.78935,4079.79,373.41,2.18,2.08,41.7,-0.479,19.69,20.98,01a59871o0542o
59871.475938,20.092,0.341,33,11,o,0,3.69,52.15125,5.78935,4136.9,447.83,2.2,2.07,35.7,-0.483,19.6,20.85,01a59871o0594o
59871.482174,21.823,1.6,7,11,o,0,2.57,52.15125,5.78935,4156.51,328.37,2.17,2.03,43.3,-0.482,19.75,21.03,01a59871o0607o
59872.385315,22.532,3.28,4,12,c,0,1.05,52.15125,5.78935,6387.24,8273.15,2.48,2.33,31.5,-0.415,19.6,21.21,02a59872o0426c
59872.387123,-21.163,0.897,-12,11,c,0,0.85,52.15125,5.78935,6406.63,8312.36,2.49,2.35,24.8,-0.417,19.62,21.22,02a59872o0430c
59872.390297,-21.684,1.455,-8,11,c,0,1.28,52.15125,5.78935,6349.55,8234.44,2.47,2.31,29.3,-0.416,19.62,21.24,02a59872o0437c
59872.396627,20.471,0.413,24,10,c,0,1.41,52.15125,5.78935,6329.63,8351.31,2.48,2.33,26.8,-0.418,19.65,21.26,02a59872o0451c
59872.966342,-18.501,0.542,-144,78,o,0,1.06,52.15125,5.78935,2280.68,4188.21,4.25,4.1,-49.0,-0.369,17.49,19.6,03a59873o0498o
59872.972246,18.134,0.435,202,88,o,0,1.21,52.15125,5.78935,2317.21,4228.33,3.43,3.29,-24.3,-0.394,17.37,19.19,03a59873o0511o
59873.007112,19.525,0.318,56,18,o,0,1.19,52.15125,5.78935,2333.74,4120.82,3.17,2.96,-50.0,-0.407,19.03,20.75,03a59873o0586o
59874.563362,20.828,0.565,17,10,o,0,2.1,52.15125,5.78935,6318.64,6426.86,2.44,2.25,50.8,-0.389,19.63,20.84,01a59874o0632o
59874.579696,20.755,0.503,18,9,o,0,2.1,52.15125,5.78935,6344.11,6467.06,2.41,2.24,55.5,-0.393,19.59,20.79,01a59874o0667o
59874.582535,-21.858,1.559,-7,10,o,0,1.8,52.15125,5.78935,6286.0,6388.97,2.44,2.25,58.0,-0.395,19.6,20.79,01a59874o0673o
59874.600285,-22.246,2.537,-5,12,o,0,2.0,52.15125,5.78935,6271.58,6507.52,2.41,2.27,59.9,-0.394,19.54,20.67,01a59874o0711o
59874.645157,21.575,3.672,8,31,o,0,1.19,52.15125,5.78935,6325.19,6457.35,2.87,2.58,49.2,-0.345,18.26,18.34,01a59874o0806o
59875.223872,22.145,1.711,5,9,c,0,1.61,52.15125,5.78935,2142.05,456.59,2.82,1.87,41.9,-0.389,19.63,21.31,04a59875o0522c
59875.225675,-23.092,4.812,-2,10,c,0,1.03,52.15125,5.78935,2122.5,416.95,2.81,1.85,41.7,-0.402,19.62,21.29,04a59875o0526c
59875.228829,-21.751,1.193,-7,9,c,0,1.47,52.15125,5.78935,2184.13,494.9,2.67,1.86,39.9,-0.41,19.64,21.3,04a59875o0533c
59875.234689,22.821,3.333,3,9,c,0,1.47,52.15125,5.78935,2206.46,375.69,2.66,1.87,39.3,-0.408,19.59,21.29,04a59875o0546c
59875.247696,-21.14,0.161,-13,2,c,0,2230.24,52.15125,5.78935,9792.95,30.54,3.44,2.47,-28.0,-0.321,19.69,21.44,04a59875o0573c
59876.451971,-22.767,3.6,-3,10,c,0,0.93,52.15125,5.78935,7999.59,1977.47,2.48,2.44,-84.7,-0.413,19.58,21.42,02a59876o0532c
59876.453777,-20.966,0.685,-15,10,c,0,1.27,52.15125,5.78935,8019.61,2016.49,2.66,2.63,71.3,-0.401,19.5,21.43,02a59876o0536c
59876.459207,-21.354,1.1,-10,12,c,0,0.83,52.15125,5.78935,7963.45,1937.64,2.56,2.52,49.6,-0.4,19.62,21.43,02a59876o0548c
59876.464667,21.456,1.18,10,11,c,0,0.83,52.15125,5.78935,7942.11,2055.81,2.6,2.58,53.9,-0.403,19.54,21.44,02a59876o0560c
59876.950829,20.075,0.673,34,23,o,0,1.16,52.15125,5.78935,2281.46,4188.46,2.25,2.05,-60.7,-0.415,18.95,20.13,03a59877o0461o
59876.97513,-21.463,1.329,-9,12,o,0,1.52,52.15125,5.78935,2261.44,4152.41,2.24,1.99,-58.8,-0.419,19.32,20.49,03a59877o0513o
59876.978295,20.271,0.842,28,24,o,0,1.44,52.15125,5.78935,2316.58,4232.18,2.63,2.23,-61.1,-0.388,18.56,19.84,03a59877o0520o
59876.980999,-23.924,19.8,-1,19,o,0,1.1,52.15125,5.78935,2337.49,4116.91,2.41,2.09,-59.3,-0.406,18.91,20.12,03a59877o0526o
59878.420066,20.58,0.513,21,11,o,0,2.12,52.15125,5.78935,4250.08,4310.68,2.82,2.53,35.0,-0.383,19.39,20.64,01a59878o0503o
59878.421915,20.704,0.634,19,12,o,0,1.13,52.15125,5.78935,4230.41,4271.31,2.8,2.53,34.3,-0.389,19.37,20.65,01a59878o0507o
59878.42849,21.162,0.873,12,11,o,0,1.22,52.15125,5.78935,4285.97,4346.27,2.6,2.33,34.0,-0.398,19.49,20.67,01a59878o0521o
59878.453596,-21.92,1.868,-6,12,o,0,1.42,52.15125,5.78935,4306.36,4224.18,2.55,2.27,35.2,-0.404,19.54,20.67,01a59878o0574o
59879.190706,24.515,20.5,1,12,c,0,0.95,52.15125,5.78935,2131.59,462.16,2.91,1.95,45.5,-0.376,19.62,21.41,04a59879o0443c
59879.200909,21.468,0.768,9,7,c,0,2.76,52.15125,5.78935,2115.9,420.94,2.77,1.95,43.6,-0.387,19.63,21.44,04a59879o0465c
59879.202717,-22.773,3.55,-3,10,c,0,1.05,52.15125,5.78935,2176.97,499.01,2.84,1.97,42.9,-0.381,19.62,21.43,04a59879o0469c
59879.230899,-20.797,0.49,-17,8,c,0,1.97,52.15125,5.78935,8351.29,10255.68,2.64,2.55,-54.9,-0.368,19.63,21.43,04a59879o0529c
59880.551796,-20.442,0.453,-24,11,c,0,1.21,52.15125,5.78935,2565.09,8586.37,2.48,2.41,40.7,-0.399,19.57,21.32,02a59880o0431c
59880.554961,-20.682,0.648,-19,13,c,0,0.78,52.15125,5.78935,2545.51,8548.34,2.53,2.5,35.6,-0.399,19.54,21.31,02a59880o0438c
59880.560395,-21.177,0.857,-12,10,c,0,1.23,52.15125,5.78935,2604.69,8624.91,2.48,2.44,47.5,-0.407,19.54,21.28,02a59880o0450c
59880.578578,-20.764,0.649,-18,12,c,0,1.23,52.15125,5.78935,2628.43,8508.36,2.58,2.53,34.4,-0.394,19.45,21.2,02a59880o0490c
59880.91563,21.357,1.878,10,20,o,0,1.52,52.15125,5.78935,522.83,8508.58,2.99,2.77,-43.3,-0.375,19.02,20.31,03a59881o0379o
59880.917432,19.839,0.513,42,22,o,0,1.85,52.15125,5.78935,503.96,8469.73,2.6,2.4,-56.3,-0.393,18.71,19.92,03a59881o0383o
59880.920588,-21.977,6.692,-6,39,o,0,1.27,52.15125,5.78935,559.26,8548.58,2.8,2.62,-48.5,-0.392,18.38,19.67,03a59881o0390o
59880.926015,18.986,0.917,92,85,o,0,0.99,52.15125,5.78935,581.3,8432.33,2.7,2.45,-59.2,-0.393,17.56,18.78,03a59881o0402o
59882.4933,21.67,1.284,8,10,o,0,1.89,52.15125,5.78935,2097.66,10035.08,2.47,2.28,86.2,-0.423,19.63,20.86,01a59882o0619o
59882.499781,20.476,0.51,23,12,o,0,1.49,52.15125,5.78935,2119.12,10075.29,2.44,2.28,86.6,-0.429,19.62,20.82,01a59882o0633o
59882.5323,22.118,2.233,5,12,o,0,1.92,52.15125,5.78935,2063.84,9998.34,2.5,2.31,-88.5,-0.428,19.6,20.79,01a59882o0701o
59882.543306,20.214,0.323,30,10,o,0,1.77,52.15125,5.78935,2047.21,10119.2,2.49,2.28,86.9,-0.425,19.58,20.75,01a59882o0724o
59883.211628,22.985,5.0,2,12,c,0,1.04,52.15125,5.78935,8652.92,4542.12,2.72,2.1,-21.4,-0.39,19.55,21.4,04a59883o0476c
59883.21343,21.826,1.622,7,11,c,0,1.07,52.15125,5.78935,8634.02,4503.46,3.06,2.43,-22.2,-0.354,19.43,21.41,04a59883o0480c
59883.216584,20.851,0.557,17,9,c,0,2.07,52.15125,5.78935,8693.7,4580.73,2.71,2.09,-23.4,-0.386,19.57,21.44,04a59883o0487c
59883.231468,20.328,0.446,27,12,c,0,0.78,52.15125,5.78935,8722.68,4462.49,2.7,2.13,-22.8,-0.379,19.56,21.42,04a59883o0520c
59884.491542,24.074,13.333,1,11,c,0,1.23,52.15125,5.78935,4311.29,6162.31,2.68,2.29,41.2,-0.395,19.53,21.15,02a59884o0650c
59884.495159,21.972,1.976,6,12,c,0,0.9,52.15125,5.78935,4292.17,6123.72,2.69,2.26,39.0,-0.396,19.56,21.15,02a59884o0658c
59884.521536,22.128,2.472,5,13,c,0,0.91,52.15125,5.78935,4349.19,6201.14,2.63,2.29,39.3,-0.399,19.54,21.13,02a59884o0715c
59884.527468,-22.025,1.8,-6,10,c,0,1.33,52.15125,5.78935,4371.16,6087.69,2.63,2.28,38.8,-0.399,19.57,21.13,02a59884o0728c
59886.321606,-20.658,0.986,-20,20,o,0,1.06,52.15125,5.78935,8479.85,756.13,2.62,2.25,-57.6,-0.482,19.06,19.67,01a59886o0147o
59886.325305,-20.991,1.195,-15,17,o,0,1.69,52.15125,5.78935,8460.45,714.53,2.5,2.16,-57.4,-0.479,19.08,19.71,01a59886o0155o
59886.328075,20.645,0.92,20,18,o,0,1.6,52.15125,5.78935,8518.39,792.63,2.43,2.14,-55.1,-0.476,19.12,19.73,01a59886o0161o
59886.357616,-22.222,4.3,-5,20,o,0,1.01,52.15125,5.78935,8541.55,664.63,2.38,2.09,-55.5,-0.474,19.23,19.92,01a59886o0223o
59887.163555,22.293,4.111,4,18,o,0,1.74,52.15125,5.78935,8634.51,4543.92,2.33,1.89,-18.8,-0.445,18.86,19.47,04a59887o0374o
59887.179099,24.92,52.667,0,21,o,0,1.59,52.15125,5.78935,8618.62,4503.67,2.31,1.86,-20.3,-0.443,18.91,19.52,04a59887o0408o
59887.18992,20.87,1.412,16,23,o,0,1.98,52.15125,5.78935,8683.4,4580.6,2.14,1.81,-20.3,-0.498,18.94,19.57,04a59887o0431o
59887.195376,20.328,0.863,27,23,o,0,1.72,52.15125,5.78935,8705.79,4462.85,2.31,1.83,-19.2,-0.455,18.91,19.59,04a59887o0443o
59888.846627,-22.397,10.12,-4,40,o,0,1.09,52.15125,5.78935,286.83,2299.16,2.64,2.34,-74.8,-0.351,18.11,18.19,03a59889o0231o
59888.849877,19.564,0.762,54,41,o,0,1.21,52.15125,5.78935,267.08,2260.56,2.75,2.52,-79.6,-0.33,18.08,18.18,03a59889o0238o
59888.854834,21.153,2.921,13,37,o,0,1.37,52.15125,5.78935,324.4,2338.12,2.75,2.44,-81.7,-0.315,18.1,18.2,03a59889o0249o
59888.859919,-20.32,1.455,-27,39,o,0,0.98,52.15125,5.78935,10506.71,2540.45,2.49,2.1,-61.6,-0.337,18.19,18.26,03a59889o0260o
59888.866589,-19.537,0.681,-56,38,o,0,1.15,52.15125,5.78935,10489.43,2500.2,2.43,2.29,-49.2,-0.348,17.39,17.93,03a59889o0274o
59894.476728,23.564,12.636,1,17,o,0,1.66,52.15125,5.78935,1817.35,4202.44,2.59,2.35,47.0,-0.406,18.91,19.45,01a59894o0636o
59894.479963,-22.599,5.889,-3,20,o,0,1.49,52.15125,5.78935,1837.82,4241.29,2.59,2.32,45.1,-0.44,18.93,19.43,01a59894o0643o
59894.487825,20.797,1.108,17,19,o,0,1.34,52.15125,5.78935,1779.65,4164.26,2.58,2.38,50.9,-0.412,18.86,19.31,01a59894o0660o
59894.521065,20.09,0.642,33,22,o,0,0.85,52.15125,5.78935,1768.16,4283.79,2.67,2.42,47.4,-0.396,18.78,19.23,01a59894o0730o
59896.543166,20.385,0.678,26,17,o,0,1.27,52.15125,5.78935,10125.09,4291.07,2.59,2.35,-62.8,-0.402,19.05,19.71,01a59896o0775o
59896.564674,22.531,5.652,4,20,o,0,1.03,52.15125,5.78935,10145.11,4338.03,2.93,2.59,-61.7,-0.377,18.83,19.56,01a59896o0820o
59896.567912,20.608,0.907,21,19,o,0,1.22,52.15125,5.78935,10087.81,4261.97,2.56,2.49,-41.6,-0.375,18.87,19.55,01a59896o0827o
59896.574902,22.053,4.167,6,23,o,0,1.11,52.15125,5.78935,10066.65,4381.09,2.91,2.51,-54.4,-0.396,18.81,19.48,01a59896o0841o
59896.940635,-21.467,2.2,-9,21,o,0,1.38,52.15125,5.78935,10220.87,10156.76,3.2,2.31,-47.8,-0.47,19.13,20.19,03a59897o0409o
59896.94342,-20.703,1.0,-19,19,o,0,2.02,52.15125,5.78935,10238.94,10197.65,3.05,2.2,-49.4,-0.465,19.15,20.18,03a59897o0415o
59896.948832,-20.181,0.709,-31,22,o,0,1.4,52.15125,5.78935,10176.78,10117.78,3.25,2.31,-48.0,-0.473,19.12,20.15,03a59897o0427o
59896.981364,-18.893,0.237,-101,24,o,0,1.37,52.15125,5.78935,10144.95,10242.05,3.1,2.31,-47.5,-0.43,19.05,19.99,03a59897o0497o
59897.346688,21.694,1.797,8,14,o,0,1.62,52.15125,5.78935,3976.37,7878.62,2.47,2.08,29.6,-0.407,19.28,20.33,02a59897o0358o
59897.357965,20.326,0.517,27,14,o,0,1.67,52.15125,5.78935,3997.35,7917.19,2.53,2.1,30.1,-0.407,19.29,20.32,02a59897o0381o
59897.360677,-21.383,1.241,-10,13,o,0,1.55,52.15125,5.78935,3939.47,7839.77,2.47,1.99,31.8,-0.403,19.3,20.33,02a59897o0387o
59897.376932,20.432,0.611,24,15,o,0,1.38,52.15125,5.78935,3920.88,7956.35,2.5,2.08,32.7,-0.397,19.28,20.27,02a59897o0421o
59898.44192,20.834,0.609,17,10,o,0,2.06,52.15125,5.78935,10104.79,4276.48,2.32,2.18,-51.4,-0.417,19.48,20.43,01a59898o0556o
59898.446076,20.783,0.688,18,12,o,0,1.54,52.15125,5.78935,10124.89,4316.02,2.4,2.27,-49.8,-0.423,19.43,20.43,01a59898o0565o
59898.45162,22.118,2.386,5,12,o,0,1.53,52.15125,5.78935,10066.82,4239.8,2.44,2.34,-51.3,-0.42,19.43,20.41,01a59898o0577o
59898.462272,22.47,3.469,4,13,o,0,1.47,52.15125,5.78935,10049.0,4357.72,2.46,2.31,-57.8,-0.418,19.44,20.42,01a59898o0600o
59899.201913,21.704,1.867,8,14,o,0,1.66,52.15125,5.78935,6395.78,8293.3,2.22,1.94,-53.2,-0.424,19.23,20.3,04a59899o0442o
59899.204615,22.318,3.171,4,14,o,0,1.54,52.15125,5.78935,6416.9,8329.5,2.29,2.05,-50.7,-0.403,19.29,20.39,04a59899o0448o
59899.239962,-21.729,2.214,-7,16,o,0,1.46,52.15125,5.78935,6381.44,8221.54,2.24,1.93,-60.5,-0.412,19.08,19.95,04a59899o0525o
59899.248612,21.321,1.659,11,18,o,0,1.37,52.15125,5.78935,6364.88,8331.44,2.32,1.94,-58.0,-0.422,19.18,20.14,04a59899o0543o
59900.587148,19.715,0.387,47,18,o,0,0.95,52.15125,5.78935,6686.6,4628.12,2.71,2.09,37.4,-0.415,19.1,19.97,02a59900o0386o
59900.591695,20.327,0.705,27,19,o,0,1.18,52.15125,5.78935,6666.42,4589.16,2.72,2.13,37.0,-0.415,19.02,19.88,02a59900o0396o
59900.598058,-20.566,0.882,-22,19,o,0,1.33,52.15125,5.78935,6724.62,4666.8,2.63,2.09,35.8,-0.418,19.01,19.78,02a59900o0410o
59900.61637,20.606,1.079,21,22,o,0,1.05,52.15125,5.78935,6745.57,4549.67,2.52,2.08,32.3,-0.418,18.9,19.56,02a59900o0450o
59900.888792,-23.148,8.125,-2,16,c,0,1.56,52.15125,5.78935,213.26,334.64,2.59,2.43,-68.8,-0.403,19.02,20.74,03a59901o0296c
59900.916182,-21.444,1.651,-10,16,c,0,0.92,52.15125,5.78935,10247.89,10194.09,3.07,2.49,-56.5,-0.416,19.4,21.19,03a59901o0354c
59900.920298,-20.221,0.456,-30,14,c,0,1.13,52.15125,5.78935,10186.06,10113.83,3.13,2.51,-59.8,-0.417,19.48,21.26,03a59901o0363c
59900.9479,-20.765,0.594,-18,11,c,0,1.47,52.15125,5.78935,10151.7,10235.89,2.9,2.45,-55.4,-0.4,19.59,21.4,03a59901o0423c
59902.412551,-26.079,62.0,0,8,c,0,1.2,52.15125,5.78935,10096.72,4270.49,2.84,2.69,-8.0,-0.341,19.71,21.5,01a59902o0490c
59903.150194,20.397,0.498,25,12,o,0,2.95,52.15125,5.78935,4186.32,2310.76,2.1,1.96,12.3,-0.424,19.29,20.55,04a59903o0324o
59903.152006,-21.099,0.812,-13,11,o,0,1.94,52.15125,5.78935,4167.29,2271.38,2.08,2.0,9.5,-0.429,19.26,20.5,04a59903o0328o
59903.155162,24.171,17.857,1,14,o,0,1.98,52.15125,5.78935,4226.49,2348.94,2.1,1.96,26.5,-0.429,19.28,20.52,04a59903o0335o
59903.160583,22.748,3.643,3,10,o,0,3.76,52.15125,5.78935,4249.0,2231.02,1.99,1.89,16.8,-0.448,19.31,20.5,04a59903o0347o
59906.434903,21.269,0.803,11,9,c,0,1.33,52.15125,5.78935,8239.95,6321.38,3.19,3.03,39.0,-0.349,19.67,21.63,01a59906o0544c
59906.469571,-20.999,0.58,-14,8,c,0,1.17,52.15125,5.78935,8263.55,6363.12,3.09,2.97,48.9,-0.353,19.66,21.59,01a59906o0617c
59906.472817,21.123,0.688,13,9,c,0,0.96,52.15125,5.78935,8206.27,6286.65,3.17,2.98,44.4,-0.343,19.64,21.59,01a59906o0624c
59906.48892,-21.7,1.267,-8,10,c,0,1.0,52.15125,5.78935,8189.32,6405.31,3.12,3.01,48.5,-0.347,19.63,21.55,01a59906o0658c
59907.184334,-25.268,42.0,0,12,o,0,1.74,52.15125,5.78935,7991.55,1997.43,2.61,1.93,-18.9,-0.395,19.34,20.53,04a59907o0394o
59907.218775,-20.278,0.524,-28,15,o,0,2.15,52.15125,5.78935,8031.94,2008.79,2.6,1.93,-22.1,-0.398,19.27,20.53,04a59907o0468o
59907.230708,-20.511,0.628,-23,14,o,0,1.76,52.15125,5.78935,7978.37,1924.62,2.6,1.95,-23.3,-0.395,19.35,20.54,04a59907o0494o
59907.240578,-21.894,2.295,-6,15,o,0,1.73,52.15125,5.78935,7960.75,2036.39,2.4,1.9,-24.6,-0.42,19.32,20.57,04a59907o0515o
59908.435713,20.731,0.545,18,10,o,0,2.92,52.15125,5.78935,6507.27,737.19,2.51,2.07,-57.3,-0.453,19.42,20.74,02a59908o0550o
59908.474035,-24.475,18.8,-1,11,o,0,1.94,52.15125,5.78935,6545.62,775.5,2.35,1.85,-59.0,-0.462,19.55,20.86,02a59908o0632o
59908.873686,20.614,0.558,21,12,c,0,0.98,52.15125,5.78935,539.71,10463.98,3.02,2.69,-34.6,-0.382,19.63,21.66,03a59909o0026c
59908.874136,-22.563,2.565,-3,9,c,0,1.48,52.15125,5.78935,2191.04,294.79,2.51,2.39,-46.1,-0.385,19.61,21.56,03a59909o0027c
59908.875984,21.619,1.298,8,11,c,0,0.94,52.15125,5.78935,524.02,10425.82,2.87,2.56,-40.1,-0.337,19.68,21.66,03a59909o0031c
59908.877336,-20.697,0.472,-19,9,c,0,1.08,52.15125,5.78935,2173.3,256.68,2.57,2.43,-50.4,-0.38,19.57,21.57,03a59909o0034c
59908.902281,-21.104,0.565,-13,7,c,0,2.11,52.15125,5.78935,2227.18,340.32,2.61,2.41,-54.3,-0.381,19.62,21.6,03a59909o0088c
59908.91133,20.348,0.416,26,11,c,0,1.32,52.15125,5.78935,566.05,10511.52,3.01,2.59,-43.3,-0.4,19.71,21.71,03a59909o0108c
59908.924888,22.073,1.75,5,9,c,0,1.33,52.15125,5.78935,8186.06,10275.47,3.03,2.55,-46.8,-0.386,19.62,21.58,03a59909o0136c
59908.9286,-22.207,1.929,-5,9,c,0,1.24,52.15125,5.78935,9847.11,114.46,2.74,2.36,-52.5,-0.433,19.68,21.7,03a59909o0144c
59911.185912,-21.355,1.11,-10,12,o,0,2.82,52.15125,5.78935,8000.69,1986.16,2.62,1.95,-21.5,-0.394,19.44,20.84,04a59911o0318o
59911.189068,-21.189,0.955,-12,12,o,0,2.48,52.15125,5.78935,8021.9,2022.79,2.54,1.92,-19.6,-0.403,19.44,20.85,04a59911o0325o
59911.19538,-20.611,0.681,-21,14,o,0,1.82,52.15125,5.78935,7967.75,1940.78,2.58,1.98,-17.4,-0.4,19.45,20.78,04a59911o0339o
59911.210246,-20.28,0.521,-28,15,o,0,1.25,52.15125,5.78935,7953.63,2048.89,2.78,2.15,-20.2,-0.392,19.33,20.76,04a59911o0372o
59912.961314,20.411,0.667,25,17,c,0,1.34,52.15125,5.78935,1838.87,5963.02,2.65,2.42,-59.4,-0.399,19.2,21.07,03a59913o0431c
59912.964472,21.727,1.513,7,11,c,0,1.47,52.15125,5.78935,1856.89,6002.52,2.74,2.53,-60.4,-0.394,19.3,21.18,03a59913o0438c
59912.972155,-19.961,0.281,-38,11,c,0,5.31,52.15125,5.78935,1799.93,5923.96,2.58,2.34,-57.0,-0.413,19.56,21.42,03a59913o0455c
59912.986602,-19.726,1.088,-47,51,c,0,0.9,52.15125,5.78935,1776.36,6038.24,2.64,2.39,-51.4,-0.395,19.16,21.01,03a59913o0487c
59915.154603,-21.638,2.195,-8,18,o,0,1.56,52.15125,5.78935,6239.26,4432.02,2.06,1.72,-16.8,-0.423,18.89,19.74,04a59915o0303o
59915.157756,20.252,0.682,29,20,o,0,1.51,52.15125,5.78935,6260.9,4467.08,2.08,1.75,-17.4,-0.412,18.89,19.76,04a59915o0310o
59915.163807,-19.609,0.359,-52,19,o,0,1.46,52.15125,5.78935,6208.43,4384.82,2.1,1.82,-17.8,-0.409,18.92,19.75,04a59915o0323o
59915.197949,22.056,3.175,6,17,o,0,1.51,52.15125,5.78935,6209.22,4472.25,2.05,1.71,-22.2,-0.418,18.95,19.79,04a59915o0397o
59916.433873,20.013,0.538,36,19,o,0,1.0,52.15125,5.78935,6755.53,6527.83,2.78,2.06,37.5,-0.415,19.04,19.83,02a59916o0359o
59916.43975,-20.269,0.633,-28,18,o,0,1.23,52.15125,5.78935,6813.31,6607.08,2.72,2.12,41.0,-0.413,19.03,19.84,02a59916o0372o
59916.459323,-20.293,0.644,-28,18,o,0,1.5,52.15125,5.78935,6835.5,6491.17,2.65,2.01,40.6,-0.423,18.99,19.7,02a59916o0415o
59923.16908,19.447,0.353,60,21,o,0,1.71,52.15125,5.78935,3988.03,7873.36,2.37,1.97,-74.7,-0.385,18.47,18.97,04a59923o0339o
59923.172232,21.553,2.778,9,24,o,0,1.34,52.15125,5.78935,4008.53,7910.75,2.38,1.91,-76.0,-0.388,18.51,18.93,04a59923o0346o
59923.178611,21.274,2.363,11,26,o,0,1.21,52.15125,5.78935,3954.41,7827.67,2.31,1.95,-75.5,-0.451,18.52,18.94,04a59923o0360o
59923.192137,-21.083,2.183,-13,29,o,0,1.01,52.15125,5.78935,3939.82,7936.53,2.41,1.92,-75.6,-0.38,18.48,18.89,04a59923o0390o
59927.142518,-20.64,0.426,-20,9,c,0,1.8,52.15125,5.78935,3973.23,7886.3,2.46,2.13,-71.3,-0.38,19.51,21.48,04a59927o0275c
59927.146123,-22.036,1.462,-6,8,c,0,1.74,52.15125,5.78935,3994.31,7922.37,2.46,2.23,-76.5,-0.381,19.52,21.48,04a59927o0283c
59927.153138,-21.283,0.655,-11,7,c,0,1.92,52.15125,5.78935,3940.98,7839.1,2.39,2.05,-76.6,-0.382,19.54,21.45,04a59927o0298c
59927.165314,22.695,3.091,3,9,c,0,1.8,52.15125,5.78935,3927.95,7945.75,2.47,2.13,-70.3,-0.377,19.44,21.22,04a59927o0325c
59928.366288,22.467,2.893,4,11,c,0,1.02,52.15125,5.78935,2217.52,2385.07,2.39,2.31,57.2,-0.421,19.56,21.25,02a59928o0397c
59928.369456,-20.946,0.658,-15,10,c,0,1.45,52.15125,5.78935,2198.96,2347.03,2.39,2.3,65.8,-0.42,19.59,21.24,02a59928o0404c
59928.375954,-21.377,1.014,-10,10,c,0,1.52,52.15125,5.78935,2257.38,2424.38,2.49,2.39,62.4,-0.414,19.5,21.23,02a59928o0418c
59928.386819,-21.487,1.269,-9,12,c,0,0.82,52.15125,5.78935,2277.47,2308.69,2.43,2.33,61.1,-0.418,19.57,21.23,02a59928o0442c
59931.108636,-22.062,1.489,-5,8,c,0,2.11,52.15125,5.78935,3869.63,5975.59,2.21,2.11,-81.7,-0.381,19.51,21.55,04a59931o0198c
59931.111788,23.365,4.643,2,8,c,0,2.25,52.15125,5.78935,3891.13,6011.33,2.14,2.06,-78.4,-0.384,19.53,21.52,04a59931o0205c
59931.118553,-21.199,0.835,-12,10,c,0,1.38,52.15125,5.78935,3838.63,5927.64,2.16,2.03,-79.2,-0.383,19.5,21.49,04a59931o0220c
59931.129918,-23.267,4.933,-2,9,c,0,1.47,52.15125,5.78935,3827.75,6033.33,2.18,2.07,-84.0,-0.382,19.51,21.52,04a59931o0245c
59932.867055,20.978,1.368,15,20,o,0,1.13,52.15125,5.78935,6256.62,8306.13,2.59,2.27,-48.1,-0.405,18.94,20.3,03a59933o0134o
59932.877139,-20.991,1.174,-15,17,o,0,1.66,52.15125,5.78935,6269.83,8346.31,2.53,2.18,-46.3,-0.4,18.94,20.25,03a59933o0156o
59932.880742,-19.641,0.564,-50,28,o,0,1.28,52.15125,5.78935,6212.4,8268.08,2.71,2.35,-44.0,-0.398,18.36,19.73,03a59933o0164o
59932.887067,-22.263,19.5,-4,88,o,0,1.09,52.15125,5.78935,6188.26,8383.29,2.66,2.25,-45.9,-0.409,17.27,18.58,03a59933o0178o
59935.100714,-22.369,1.719,-4,7,c,0,2.45,52.15125,5.78935,3867.45,5969.61,2.26,2.21,-52.0,-0.376,19.49,21.59,04a59935o0176c
59935.104475,-20.601,0.388,-21,8,c,0,1.9,52.15125,5.78935,3890.2,6004.66,2.3,2.23,82.4,-0.377,19.49,21.57,04a59935o0184c
59935.110787,23.195,4.571,2,9,c,0,1.74,52.15125,5.78935,3836.59,5920.75,2.35,2.28,-79.5,-0.371,19.46,21.59,04a59935o0198c
59935.122522,-26.216,71.0,0,8,c,0,1.65,52.15125,5.78935,3824.95,6026.67,2.2,2.11,-64.8,-0.375,19.54,21.57,04a59935o0224c
59939.098413,21.079,0.824,13,11,c,0,1.16,52.15125,5.78935,4055.95,9838.61,3.53,3.07,-85.7,-0.318,19.36,21.64,04a59939o0169c
59939.101573,21.467,1.235,9,12,c,0,1.03,52.15125,5.78935,4077.38,9875.62,3.64,3.24,-84.3,-0.287,19.34,21.66,04a59939o0176c
59939.108793,-24.692,22.0,0,11,c,0,1.42,52.15125,5.78935,4024.98,9792.11,3.31,2.93,-87.1,-0.333,19.44,21.65,04a59939o0192c
59939.125051,21.824,1.778,7,12,c,0,1.07,52.15125,5.78935,4013.4,9896.73,3.32,2.99,-79.9,-0.347,19.4,21.61,04a59939o0228c
59940.846171,20.57,0.611,22,13,o,0,1.69,52.15125,5.78935,10430.96,8295.86,2.87,2.21,-59.3,-0.411,19.38,20.83,03a59941o0163o
59940.850025,21.043,0.864,14,12,o,0,1.7,52.15125,5.78935,10451.79,8325.98,2.76,2.12,-59.9,-0.412,19.42,20.79,03a59941o0171o
59940.855432,-20.125,0.394,-32,13,o,0,1.43,52.15125,5.78935,10392.52,8231.71,2.96,2.3,-60.3,-0.394,19.32,20.82,03a59941o0183o
59940.856794,-22.684,4.471,-3,14,o,0,1.12,52.15125,5.78935,212.24,8038.51,2.84,2.49,-65.1,-0.374,19.37,20.86,03a59941o0186o
59940.859964,22.036,2.435,6,14,o,0,1.64,52.15125,5.78935,231.43,8069.67,3.29,3.0,-59.9,-0.334,19.32,20.86,03a59941o0193o
59940.866282,20.933,0.854,15,13,o,0,1.37,52.15125,5.78935,173.95,7973.35,2.85,2.46,-61.5,-0.39,19.37,20.9,03a59941o0207o
59940.87715,22.474,2.955,4,11,o,0,1.89,52.15125,5.78935,10370.55,8288.88,2.88,2.22,-63.1,-0.401,19.37,20.84,03a59941o0231o
