combined_91bg,2020yo,2020yo,46.527138491,13.9134910628,0.09,0.08899677890396127,58863.27000000002
++++++++++++++++++++++++++++++++++++++++++++++++++++++++++++++++
t0,58862.120830388216,1.5278195257269545
x0,5.11260813956654e-05,4.010369685360167e-06
x1,1.0808841311199435,1.956366296438168
c,0.4498032857764286,0.11594904918144185
mu,39.54835521266688,0.4650138099233431
hostMass,10.32668108601848,0.008382045035894648
++++++++++++++++++++++++++++++++++++++++++++++++++++++++++++++++
2.3346022858667914,-2.501282532310873e-06,0.6626830261467961,0.03311695492382116
-2.501282532310873e-06,1.60830650132558e-11,-1.6799930071474597e-06,-2.490309332036114e-07
0.6626830261467961,-1.6799930071474597e-06,4.051858224907734,-0.08372606681074261
0.03311695492382116,-2.490309332036114e-07,-0.08372606681074261,0.013444182006080422
++++++++++++++++++++++++++++++++++++++++++++++++++++++++++++++++
zp,26.2796,26.359,26.287,26.3498,26.2814,26.2802,26.2682,26.3383,26.2739,26.3595,26.3631,28.604,28.6335,26.3782,28.8305,25.4281,26.3412,26.2733,26.2648,26.2527,26.2969,26.2035,26.2589,26.2595,26.2458,26.0128,25.8443
filter,ZTF_r,ZTF_g,ZTF_r,ZTF_g,ZTF_r,ZTF_r,ZTF_r,ZTF_g,ZTF_r,ZTF_g,ZTF_g,ZTF_g,ZTF_g,ZTF_g,ZTF_g,ZTF_r,ZTF_g,ZTF_r,ZTF_r,ZTF_r,ZTF_r,ZTF_g,ZTF_r,ZTF_r,ZTF_r,ZTF_g,ZTF_r
mjd,58849.16854170011,58856.12434029998,58856.1492130002,58859.107303199824,58859.17070600018,58859.22333330009,58860.15767360013,58861.098784700036,58861.15283560008,58862.145092600025,58863.13435189985,58863.270092600025,58863.306006900035,58864.13890049979,58866.23641199991,58867.124884299934,58871.15192130022,58875.12290510023,58878.1431481,58884.14993060008,58887.09896990005,58890.22340280004,58896.12241900014,58899.108344899956,58905.12331019994,58913.12983800005,58913.15476850001
flux,48.2239555387341,228.142579877547,160.109249765335,175.260287099607,190.756985366615,220.903653662553,146.753105435129,144.696580532081,145.028682105248,63.8439580892283,63.9127636202498,1241.2000099871,1434.86272368376,109.917832971275,1243.94000699864,75.3326519948156,34.3568573687609,111.070339413565,193.164208765511,82.459935363934,37.6327853163778,94.5384134451991,106.687358420467,9.90792912165035,89.4132692044093,94.6681399701026,78.1178562910621
dflux,28.1783970193135,73.022483505828,50.314303578198,68.3004537555338,48.6502405745783,67.7235026349678,55.7264952212438,34.1414577395455,37.7055106452091,21.4445304977062,22.0222549075837,173.25459662496,217.860598563305,20.6309736302943,140.10401216381,45.1738840386736,34.2621125255084,23.4094213442434,53.2630264011879,82.9064470143935,53.5173755097761,103.119481947352,36.6193833656255,38.018251685329,53.1540676195283,60.2854644310246,63.7123473537352
mag,22.07144292443448,20.463484129201134,20.77595894368701,20.74059120302558,20.580198873922505,20.41969275250834,20.851731749748218,20.93715433000468,20.87026524875381,21.846700490428383,21.849131007330495,20.86939557398349,20.741474117008693,21.275529605776235,21.093501410965327,20.73564185871705,22.501166420150916,21.159304752486154,20.549983351318026,21.46209252488861,22.357984092602727,21.26447922588287,21.188617594679005,23.76954277221849,21.36729506445795,21.0722903894305,21.11242420780687
dmag,0.6344213263757719,0.34751581290227257,0.34119241138285955,0.4231208145960263,0.27690376559781826,0.33285940501584554,0.4122861539910305,0.2561817052953059,0.2822768395341139,0.36468765177276674,0.3741093032009271,0.15155396929038362,0.16485140741798052,0.20378672326730773,0.12228563884315224,0.6510712169510936,1.082742103599075,0.22883207542285103,0.2993804934591111,1.091615349130068,1.5440194417236621,1.1842863750959314,0.3726682420924793,4.166137220969945,0.6454444195843932,0.6914059088327484,0.885518439656798
