atlas-91bg,2024uai,ATLAS2024uai,113.0782493,85.707904,0.006,0.004879383736780636,60553.45622689836
++++++++++++++++++++++++++++++++++++++++++++++++++++++++++++++++
mu,-124.0,-124.0
hostMass,nan,nan
++++++++++++++++++++++++++++++++++++++++++++++++++++++++++++++++
++++++++++++++++++++++++++++++++++++++++++++++++++++++++++++++++
zp,23.89932412018304,23.90081802256643,23.89906779996108,23.900140841698118,23.900453502482826,23.899562429661707,23.899446293190636,23.89975453301008,23.900302145048528,23.900262290346205,23.900017805198686,23.900131149084277,23.899603480802732,23.899616067130633,23.899519359970622,23.90024612810892,23.90059234655283,23.89974510003564,23.901120241780234,23.89979344239465,23.899117298193076,23.900407153140403,23.89982390021147,23.90013002910536,23.89985499658522,23.899112150021274
filter,o,o,o,o,o,o,o,o,o,o,o,o,o,o,o,o,o,o,o,o,o,o,o,o,o,o
mjd,60549.612836,60549.619054,60549.633063,60559.569665,60559.572521,60559.58835,60559.593839,60563.617211,60563.623053,60563.627125,60563.637565,60571.422161,60571.425461,60571.431031,60571.565684,60571.58253,60571.590807,60571.593988,60573.491666,60573.494499,60573.511974,60573.517105,60573.553576,60573.557774,60573.568415,60573.575389
flux,314.0,533.0,318.0,1669.0,2275.0,1506.0,1618.0,1644.0,2117.0,1597.0,1932.0,1055.0,910.0,1132.0,1308.0,86.0,604.0,700.0,415.0,731.0,493.0,561.0,851.0,590.0,472.0,285.0
dflux,20.0,26.0,42.0,54.0,50.0,35.0,46.0,25.0,32.0,24.0,72.0,82.0,82.0,77.0,86.0,71.0,58.0,61.0,235.0,72.0,37.0,38.0,41.0,38.0,37.0,38.0
mag,17.657,17.084,17.643,15.844,15.508,15.955,15.877,15.86,15.586,15.892,15.685,16.342,16.502,16.265,16.108,19.064,16.948,16.787,17.356,16.74,17.167,17.028,16.575,16.973,17.215,17.762
dmag,0.065,0.048,0.131,0.032,0.022,0.023,0.029,0.015,0.015,0.015,0.037,0.078,0.09,0.068,0.066,0.824,0.096,0.087,0.568,0.098,0.075,0.068,0.048,0.064,0.078,0.132
