# Combined data from 'ATLAS-ZTF' for 'SN 2022oux'
ra, dec, filter, mjd, mag, dmag, flux, dflux, zp, source
334.19412, 86.93249, c, 59675.455162, 20.396, 1.96, 25, 49, 20.405149978319905, ATLAS-ZTF
334.19412, 86.93249, c, 59675.458471, -20.359, 0.612, -26, 16, nan, ATLAS-ZTF
334.19412, 86.93249, c, 59675.46404, 25.097, 90.0, 0, 30, inf, ATLAS-ZTF
334.19412, 86.93249, c, 59675.474202, 15.906, 0.526, 1576, 829, 15.906109467116156, ATLAS-ZTF
334.19412, 86.93249, o, 59677.542914, 24.62, 48.5, 0, 25, inf, ATLAS-ZTF
334.19412, 86.93249, o, 59677.54663, 19.938, 0.735, 38, 28, 19.950541008457975, ATLAS-ZTF
334.19412, 86.93249, o, 59677.555092, 23.322, 15.333, 2, 26, 23.147425010840045, ATLAS-ZTF
334.19412, 86.93249, o, 59677.566733, 19.57, 0.542, 54, 29, 19.569015600442576, ATLAS-ZTF
334.19412, 86.93249, c, 59679.607639, 20.965, 1.229, 15, 18, 20.959771852360795, ATLAS-ZTF
334.19412, 86.93249, c, 59679.609496, 22.231, 4.273, 5, 20, 22.15257498915995, ATLAS-ZTF
334.19412, 86.93249, c, 59679.626688, 19.852, 0.447, 42, 19, 19.841876774005247, ATLAS-ZTF
334.19412, 86.93249, c, 59679.632081, -22.933, 9.75, -2, 24, nan, ATLAS-ZTF
334.19412, 86.93249, o, 59681.51784, 20.376, 2.089, 26, 54, 20.362566630072955, ATLAS-ZTF
334.19412, 86.93249, o, 59681.521037, -21.277, 4.333, -11, 48, nan, ATLAS-ZTF
334.19412, 86.93249, o, 59681.52655, -20.029, 1.539, -35, 54, nan, ATLAS-ZTF
334.19412, 86.93249, o, 59681.546573, 20.392, 1.636, 25, 41, 20.405149978319905, ATLAS-ZTF
334.19412, 86.93249, o, 59683.612033, -17.475, 0.49, -372, 182, nan, ATLAS-ZTF
334.19412, 86.93249, o, 59687.47942, 19.648, 2.02, 50, 101, 19.65257498915995, ATLAS-ZTF
334.19412, 86.93249, o, 59687.482254, -19.154, 1.201, -79, 95, nan, ATLAS-ZTF
334.19412, 86.93249, o, 59687.487518, 18.878, 1.379, 102, 141, 18.878499570595203, ATLAS-ZTF
334.19412, 86.93249, o, 59687.497737, -18.091, 0.589, -211, 124, nan, ATLAS-ZTF
334.19412, 86.93249, o, 59697.605053, 19.134, 0.434, 81, 35, 19.128787452803373, ATLAS-ZTF
334.19412, 86.93249, o, 59697.608356, 21.976, 5.579, 6, 33, 21.95462187404089, ATLAS-ZTF
334.19412, 86.93249, o, 59697.613966, -20.367, 1.141, -26, 30, nan, ATLAS-ZTF
334.19412, 86.93249, o, 59697.628749, -18.44, 0.552, -153, 84, nan, ATLAS-ZTF
334.19412, 86.93249, o, 59709.558638, 20.552, 1.123, 22, 24, 20.543943297944484, ATLAS-ZTF
334.19412, 86.93249, o, 59709.561919, 21.977, 3.409, 6, 20, 21.95462187404089, ATLAS-ZTF
334.19412, 86.93249, o, 59709.567019, -20.707, 1.241, -19, 24, nan, ATLAS-ZTF
334.19412, 86.93249, o, 59709.567498, 20.441, 0.861, 24, 21, 20.449471895720983, ATLAS-ZTF
334.19412, 86.93249, o, 59709.570277, 20.63, 1.151, 20, 23, 20.647425010840045, ATLAS-ZTF
334.19412, 86.93249, o, 59709.577184, 19.607, 0.397, 52, 21, 19.609991640913, ATLAS-ZTF
334.19412, 86.93249, o, 59709.579964, -20.165, 0.726, -31, 23, nan, ATLAS-ZTF
334.19412, 86.93249, o, 59709.599865, -22.277, 4.55, -4, 20, nan, ATLAS-ZTF
334.19412, 86.93249, o, 59711.457604, -20.602, 1.916, -21, 40, nan, ATLAS-ZTF
334.19412, 86.93249, o, 59711.460405, -21.655, 5.0, -8, 40, nan, ATLAS-ZTF
334.19412, 86.93249, o, 59711.465941, -21.609, 5.464, -8, 45, nan, ATLAS-ZTF
334.19412, 86.93249, o, 59711.47588, 20.483, 1.357, 23, 32, 20.495680409956016, ATLAS-ZTF
334.19412, 86.93249, c, 59711.575459, -21.896, 2.68, -6, 17, nan, ATLAS-ZTF
334.19412, 86.93249, c, 59711.575916, 21.147, 1.58, 13, 20, 21.115141619232908, ATLAS-ZTF
334.19412, 86.93249, c, 59711.578236, 20.149, 0.504, 32, 16, 20.137125054200233, ATLAS-ZTF
334.19412, 86.93249, c, 59711.578693, 20.474, 0.905, 24, 21, 20.449471895720983, ATLAS-ZTF
334.19412, 86.93249, c, 59711.588836, -20.355, 0.687, -26, 18, nan, ATLAS-ZTF
334.19412, 86.93249, c, 59711.589293, -23.064, 7.625, -2, 16, nan, ATLAS-ZTF
334.19412, 86.93249, c, 59711.604512, 20.099, 0.423, 33, 14, 20.10371515030528, ATLAS-ZTF
334.19412, 86.93249, c, 59711.604969, -20.181, 0.696, -31, 21, nan, ATLAS-ZTF
334.19412, 86.93249, o, 59713.559465, 21.463, 3.619, 9, 34, 21.514393726401686, ATLAS-ZTF
334.19412, 86.93249, o, 59713.562705, -20.567, 1.778, -22, 38, nan, ATLAS-ZTF
334.19412, 86.93249, o, 59713.571822, 20.243, 1.393, 29, 40, 20.24400500525261, ATLAS-ZTF
334.19412, 86.93249, o, 59713.581067, -19.432, 0.644, -61, 40, nan, ATLAS-ZTF
334.19412, 86.93249, o, 59717.519285, -19.611, 0.864, -52, 45, nan, ATLAS-ZTF
334.19412, 86.93249, o, 59717.523423, 19.989, 1.088, 37, 40, 19.97949568983251, ATLAS-ZTF
334.19412, 86.93249, o, 59717.531572, -20.84, 2.861, -17, 48, nan, ATLAS-ZTF
334.19412, 86.93249, o, 59717.543135, 19.998, 0.986, 36, 36, 20.00924374808178, ATLAS-ZTF
334.19412, 86.93249, o, 59721.499025, -21.158, 2.018, -12, 25, nan, ATLAS-ZTF
334.19412, 86.93249, o, 59721.502244, -21.634, 3.385, -8, 27, nan, ATLAS-ZTF
334.19412, 86.93249, o, 59721.517369, -21.901, 4.143, -6, 26, nan, ATLAS-ZTF
334.19412, 86.93249, o, 59721.523361, 20.681, 1.253, 19, 24, 20.703115997617928, ATLAS-ZTF
334.19412, 86.93249, o, 59723.556469, 20.245, 0.613, 29, 18, 20.24400500525261, ATLAS-ZTF
334.19412, 86.93249, o, 59723.559669, -20.101, 0.557, -33, 18, nan, ATLAS-ZTF
334.19412, 86.93249, o, 59723.566769, 20.059, 0.496, 34, 17, 20.07130270739436, ATLAS-ZTF
334.19412, 86.93249, o, 59723.578022, 20.306, 0.704, 27, 19, 20.32159058960253, ATLAS-ZTF
334.19412, 86.93249, o, 59725.459881, 20.486, 1.271, 23, 30, 20.495680409956016, ATLAS-ZTF
334.19412, 86.93249, o, 59725.463657, -21.215, 2.632, -12, 31, nan, ATLAS-ZTF
334.19412, 86.93249, o, 59725.467388, -20.965, 1.789, -15, 27, nan, ATLAS-ZTF
334.19412, 86.93249, o, 59725.469282, -19.787, 0.601, -44, 27, nan, ATLAS-ZTF
334.19412, 86.93249, o, 59725.470252, 19.349, 0.389, 66, 26, 19.351140161145327, ATLAS-ZTF
334.19412, 86.93249, o, 59725.475779, -20.107, 0.832, -33, 27, nan, ATLAS-ZTF
334.19412, 86.93249, o, 59725.479509, -21.486, 3.0, -9, 28, nan, ATLAS-ZTF
334.19412, 86.93249, o, 59725.490145, 19.76, 0.613, 45, 28, 19.76696871556164, ATLAS-ZTF
334.19412, 86.93249, o, 59725.518886, -20.266, 1.162, -28, 33, nan, ATLAS-ZTF
334.19412, 86.93249, o, 59725.523147, -20.406, 1.31, -25, 33, nan, ATLAS-ZTF
334.19412, 86.93249, o, 59725.528368, 19.164, 0.398, 78, 31, 19.1697634932738, ATLAS-ZTF
334.19412, 86.93249, o, 59725.539095, -20.305, 0.971, -27, 27, nan, ATLAS-ZTF
334.19412, 86.93249, o, 59725.594903, 21.565, 3.259, 9, 28, 21.514393726401686, ATLAS-ZTF
334.19412, 86.93249, o, 59725.60097, 19.413, 0.468, 62, 29, 19.419020776254364, ATLAS-ZTF
334.19412, 86.93249, o, 59725.612094, -19.717, 0.923, -47, 44, nan, ATLAS-ZTF
334.19412, 86.93249, c, 59727.530637, -19.795, 0.255, -44, 11, nan, ATLAS-ZTF
334.19412, 86.93249, c, 59727.533854, -22.091, 3.435, -5, 18, nan, ATLAS-ZTF
334.19412, 86.93249, c, 59727.53934, 20.359, 0.565, 26, 15, 20.362566630072955, ATLAS-ZTF
334.19412, 86.93249, c, 59727.553516, -22.671, 7.231, -3, 22, nan, ATLAS-ZTF
334.19412, 86.93249, c, 59727.603815, 20.202, 0.877, 30, 26, 20.207196863200842, ATLAS-ZTF
334.19412, 86.93249, o, 59729.460058, 21.335, 2.135, 11, 23, 21.296518287104437, ATLAS-ZTF
334.19412, 86.93249, o, 59729.463759, 19.703, 0.667, 48, 32, 19.69689690656103, ATLAS-ZTF
334.19412, 86.93249, o, 59729.470217, 18.601, 1.464, 132, 193, 18.598565171985374, ATLAS-ZTF
334.19412, 86.93249, o, 59729.480378, 18.946, 1.5, 96, 144, 18.944321917401076, ATLAS-ZTF
334.19412, 86.93249, o, 59733.436604, 20.8, 0.952, 17, 16, 20.823877696554312, ATLAS-ZTF
334.19412, 86.93249, o, 59733.439849, -21.101, 1.338, -13, 18, nan, ATLAS-ZTF
334.19412, 86.93249, o, 59733.445389, 20.737, 1.046, 18, 19, 20.761818737241732, ATLAS-ZTF
334.19412, 86.93249, o, 59733.456977, 20.345, 0.81, 26, 21, 20.362566630072955, ATLAS-ZTF
334.19412, 86.93249, o, 59733.567084, 21.349, 2.0, 10, 21, 21.4, ATLAS-ZTF
334.19412, 86.93249, o, 59733.570767, 21.187, 1.625, 12, 20, 21.202046884880936, ATLAS-ZTF
334.19412, 86.93249, o, 59733.58412, -20.982, 1.381, -15, 20, nan, ATLAS-ZTF
334.19412, 86.93249, o, 59733.585973, 19.196, 0.289, 76, 22, 19.197966019298022, ATLAS-ZTF
334.19412, 86.93249, o, 59733.599378, 20.813, 1.133, 17, 20, 20.823877696554312, ATLAS-ZTF
334.19412, 86.93249, o, 59733.599837, 19.804, 0.527, 44, 23, 19.79136830878453, ATLAS-ZTF
334.19412, 86.93249, o, 59733.608601, -22.547, 9.0, -4, 31, nan, ATLAS-ZTF
334.19412, 86.93249, o, 59733.617946, 19.114, 1.558, 82, 128, 19.115465369040706, ATLAS-ZTF
334.19412, 86.93249, c, 59735.419358, 20.168, 0.487, 31, 15, 20.171595765414317, ATLAS-ZTF
334.19412, 86.93249, c, 59735.422164, 20.937, 1.133, 15, 17, 20.959771852360795, ATLAS-ZTF
334.19412, 86.93249, c, 59735.428721, -20.327, 0.608, -27, 16, nan, ATLAS-ZTF
334.19412, 86.93249, c, 59735.44318, -20.231, 0.613, -29, 18, nan, ATLAS-ZTF
334.19412, 86.93249, o, 59737.488817, 17.438, 0.068, 384, 26, 17.43917193908117, ATLAS-ZTF
334.19412, 86.93249, o, 59737.493431, 19.981, 0.497, 37, 18, 19.97949568983251, ATLAS-ZTF
334.19412, 86.93249, o, 59737.49898, -23.777, 16.2, -1, 18, nan, ATLAS-ZTF
334.19412, 86.93249, o, 59737.509116, 22.552, 5.846, 4, 20, 22.394850021680092, ATLAS-ZTF
334.19412, 86.93249, o, 59737.520369, -21.93, 3.947, -6, 24, nan, ATLAS-ZTF
334.19412, 86.93249, o, 59737.548409, -19.887, 0.587, -40, 24, nan, ATLAS-ZTF
334.19412, 86.93249, o, 59737.573249, 20.073, 0.723, 34, 24, 20.07130270739436, ATLAS-ZTF
334.19412, 86.93249, o, 59737.598109, -20.709, 1.318, -19, 25, nan, ATLAS-ZTF
334.19412, 86.93249, o, 59741.465818, 16.145, 0.05, 1265, 64, 16.144773686220407, ATLAS-ZTF
334.19412, 86.93249, o, 59741.469506, 20.545, 2.283, 22, 50, 20.543943297944484, ATLAS-ZTF
334.19412, 86.93249, o, 59741.475033, -18.685, 0.342, -122, 42, nan, ATLAS-ZTF
334.19412, 86.93249, o, 59741.485667, 20.897, 2.986, 16, 47, 20.889700043360186, ATLAS-ZTF
334.19412, 86.93249, o, 59741.507981, -20.205, 1.328, -30, 40, nan, ATLAS-ZTF
334.19412, 86.93249, o, 59741.543195, 19.66, 0.77, 50, 38, 19.65257498915995, ATLAS-ZTF
334.19412, 86.93249, o, 59741.554788, 19.232, 0.361, 74, 27, 19.226920700672558, ATLAS-ZTF
334.19412, 86.93249, o, 59741.557047, 19.692, 0.708, 48, 34, 19.69689690656103, ATLAS-ZTF
334.19412, 86.93249, o, 59745.524168, -23.473, 60.667, -2, 90, nan, ATLAS-ZTF
334.19412, 86.93249, o, 59745.527392, 21.369, 8.93, 10, 92, 21.4, ATLAS-ZTF
334.19412, 86.93249, o, 59745.536545, -19.931, 2.006, -39, 78, nan, ATLAS-ZTF
334.19412, 86.93249, o, 59745.547145, 18.867, 0.908, 103, 94, 18.86790693823707, ATLAS-ZTF
334.19412, 86.93249, o, 59745.583495, 19.161, 0.459, 79, 36, 19.155932271773896, ATLAS-ZTF
334.19412, 86.93249, o, 59745.592182, 19.814, 1.054, 43, 45, 19.816328861051034, ATLAS-ZTF
334.19412, 86.93249, o, 59745.595005, -21.468, 4.559, -9, 43, nan, ATLAS-ZTF
334.19412, 86.93249, o, 59745.609486, -18.778, 0.482, -112, 54, nan, ATLAS-ZTF
334.19412, 86.93249, o, 59747.60813, 21.559, 3.421, 9, 30, 21.514393726401686, ATLAS-ZTF
334.19412, 86.93249, o, 59747.610488, -23.94, 33.571, -1, 32, nan, ATLAS-ZTF
334.19412, 86.93249, o, 59747.613287, -19.335, 0.67, -67, 45, nan, ATLAS-ZTF
334.19412, 86.93249, o, 59747.616543, 18.875, 0.731, 102, 75, 18.878499570595203, ATLAS-ZTF
334.19412, 86.93249, o, 59749.501718, -16.218, 2.159, -1183, 2554, nan, ATLAS-ZTF
334.19412, 86.93249, o, 59749.507264, 22.404, 6.778, 4, 27, 22.394850021680092, ATLAS-ZTF
334.19412, 86.93249, o, 59749.510507, 24.373, 45.333, 1, 29, 23.9, ATLAS-ZTF
334.19412, 86.93249, o, 59749.521115, 19.386, 0.441, 64, 28, 19.38455006504028, ATLAS-ZTF
334.19412, 86.93249, o, 59751.46255, 21.024, 1.316, 14, 19, 21.034679910804403, ATLAS-ZTF
334.19412, 86.93249, o, 59751.465884, -20.885, 1.269, -16, 20, nan, ATLAS-ZTF
334.19412, 86.93249, o, 59751.472868, 21.593, 2.457, 8, 21, 21.64227503252014, ATLAS-ZTF
334.19412, 86.93249, o, 59751.486704, 20.422, 0.799, 25, 20, 20.405149978319905, ATLAS-ZTF
334.19412, 86.93249, o, 59753.45913, 21.68, 2.139, 8, 16, 21.64227503252014, ATLAS-ZTF
334.19412, 86.93249, o, 59753.46327, 20.535, 0.636, 22, 14, 20.543943297944484, ATLAS-ZTF
334.19412, 86.93249, o, 59753.468813, 22.305, 4.3, 4, 19, 22.394850021680092, ATLAS-ZTF
334.19412, 86.93249, o, 59753.480389, -19.861, 0.338, -41, 14, nan, ATLAS-ZTF
334.19412, 86.93249, o, 59753.506711, -23.606, 16.2, -1, 21, nan, ATLAS-ZTF
334.19412, 86.93249, o, 59753.542115, 19.977, 0.812, 37, 30, 19.97949568983251, ATLAS-ZTF
334.19412, 86.93249, o, 59753.545379, -22.093, 4.833, -5, 26, nan, ATLAS-ZTF
334.19412, 86.93249, o, 59753.573878, 20.634, 1.219, 20, 25, 20.647425010840045, ATLAS-ZTF
334.19412, 86.93249, o, 59757.438678, -21.818, 2.778, -7, 19, nan, ATLAS-ZTF
334.19412, 86.93249, o, 59757.441905, 20.157, 0.667, 31, 21, 20.171595765414317, ATLAS-ZTF
334.19412, 86.93249, o, 59757.452059, 20.317, 1.138, 27, 31, 20.32159058960253, ATLAS-ZTF
334.19412, 86.93249, o, 59757.457186, 22.781, 11.143, 3, 31, 22.707196863200842, ATLAS-ZTF
334.19412, 86.93249, o, 59757.476002, 18.016, 0.814, 226, 184, 18.014728902131495, ATLAS-ZTF
334.19412, 86.93249, o, 59757.511631, -17.422, 0.741, -390, 289, nan, ATLAS-ZTF
334.19412, 86.93249, o, 59757.514364, 19.007, 1.283, 91, 116, 19.002396519197266, ATLAS-ZTF
334.19412, 86.93249, o, 59757.518663, -20.61, 3.083, -21, 64, nan, ATLAS-ZTF
334.19412, 86.93249, o, 59757.580761, 18.399, 0.778, 159, 123, 18.39650718919887, ATLAS-ZTF
334.19412, 86.93249, o, 59757.597849, 19.54, 0.978, 56, 54, 19.529529932484497, ATLAS-ZTF
334.19412, 86.93249, o, 59757.601082, -18.467, 0.442, -149, 66, nan, ATLAS-ZTF
334.19412, 86.93249, o, 59757.605715, -18.366, 1.062, -164, 174, nan, ATLAS-ZTF
334.19412, 86.93249, o, 59761.474951, 21.537, 2.391, 9, 21, 21.514393726401686, ATLAS-ZTF
334.19412, 86.93249, o, 59761.478621, -22.052, 4.0, -6, 22, nan, ATLAS-ZTF
334.19412, 86.93249, o, 59761.484567, 20.197, 0.682, 30, 21, 20.207196863200842, ATLAS-ZTF
334.19412, 86.93249, o, 59761.494166, 22.129, 3.889, 5, 20, 22.15257498915995, ATLAS-ZTF
334.19412, 86.93249, o, 59761.57111, -20.185, 0.685, -31, 21, nan, ATLAS-ZTF
334.19412, 86.93249, o, 59761.573866, 19.816, 0.457, 43, 20, 19.816328861051034, ATLAS-ZTF
334.19412, 86.93249, o, 59761.582631, 20.285, 0.881, 28, 25, 20.28210492164445, ATLAS-ZTF
334.19412, 86.93249, o, 59761.598621, -20.108, 0.797, -33, 26, nan, ATLAS-ZTF
334.19412, 86.93249, o, 59765.394915, 21.912, 2.846, 6, 18, 21.95462187404089, ATLAS-ZTF
334.19412, 86.93249, o, 59765.399109, 19.6, 0.411, 52, 22, 19.609991640913, ATLAS-ZTF
334.19412, 86.93249, o, 59765.428035, 19.707, 0.348, 48, 16, 19.69689690656103, ATLAS-ZTF
334.19412, 86.93249, o, 59765.434951, -22.268, 4.625, -4, 21, nan, ATLAS-ZTF
334.19412, 86.93249, o, 59765.484415, -20.813, 1.109, -17, 19, nan, ATLAS-ZTF
334.19412, 86.93249, o, 59765.487668, -19.684, 0.379, -49, 18, nan, ATLAS-ZTF
334.19412, 86.93249, o, 59765.497114, 20.493, 0.881, 23, 20, 20.495680409956016, ATLAS-ZTF
334.19412, 86.93249, o, 59765.498736, 20.99, 1.264, 15, 18, 20.959771852360795, ATLAS-ZTF
334.19412, 86.93249, o, 59765.505271, 19.953, 0.52, 38, 20, 19.950541008457975, ATLAS-ZTF
334.19412, 86.93249, o, 59765.525669, 21.174, 1.87, 12, 23, 21.202046884880936, ATLAS-ZTF
334.19412, 86.93249, o, 59765.546628, 19.606, 0.346, 52, 18, 19.609991640913, ATLAS-ZTF
334.19412, 86.93249, o, 59765.548698, 22.647, 5.643, 3, 18, 22.707196863200842, ATLAS-ZTF
334.19412, 86.93249, c, 59767.456387, -17.653, 35.219, -315, 11103, nan, ATLAS-ZTF
334.19412, 86.93249, c, 59767.460927, 17.002, 0.665, 574, 382, 17.002720269005064, ATLAS-ZTF
334.19412, 86.93249, c, 59767.466004, 16.944, 0.926, 606, 561, 16.943818439584284, ATLAS-ZTF
334.19412, 86.93249, c, 59767.533385, -14.004, 1.541, -9084, 13998, nan, ATLAS-ZTF
334.19412, 86.93249, c, 59767.536714, -16.495, 4.038, -916, 3700, nan, ATLAS-ZTF
334.19412, 86.93249, c, 59767.560689, 19.29, 0.981, 70, 68, 19.287254899964356, ATLAS-ZTF
334.19412, 86.93249, c, 59767.563853, 16.986, 0.988, 583, 576, 16.985828613102463, ATLAS-ZTF
334.19412, 86.93249, c, 59767.570208, 20.743, 2.172, 18, 40, 20.761818737241732, ATLAS-ZTF
334.19412, 86.93249, c, 59767.581588, -20.455, 0.691, -24, 16, nan, ATLAS-ZTF
334.19412, 86.93249, o, 59769.507974, 20.125, 0.559, 32, 18, 20.137125054200233, ATLAS-ZTF
334.19412, 86.93249, o, 59769.511338, 20.758, 0.963, 18, 17, 20.761818737241732, ATLAS-ZTF
334.19412, 86.93249, o, 59769.546146, 20.637, 0.8, 20, 16, 20.647425010840045, ATLAS-ZTF
334.19412, 86.93249, o, 59769.574479, 20.941, 1.06, 15, 16, 20.959771852360795, ATLAS-ZTF
334.19412, 86.93249, o, 59771.536987, 20.902, 3.333, 16, 53, 20.889700043360186, ATLAS-ZTF
334.19412, 86.93249, o, 59771.565326, 18.817, 3.864, 108, 417, 18.816440611282623, ATLAS-ZTF
334.19412, 86.93249, o, 59771.568121, 17.781, 0.938, 280, 263, 17.78210492164445, ATLAS-ZTF
334.19412, 86.93249, o, 59771.596559, -19.173, 0.646, -78, 50, nan, ATLAS-ZTF
334.19412, 86.93249, o, 59773.47922, 18.875, 0.431, 102, 44, 18.878499570595203, ATLAS-ZTF
334.19412, 86.93249, o, 59773.486853, 18.492, 0.306, 146, 44, 18.489117860538904, ATLAS-ZTF
334.19412, 86.93249, o, 59773.49597, 19.251, 0.577, 72, 42, 19.256668758921826, ATLAS-ZTF
334.19412, 86.93249, o, 59773.501009, -21.094, 3.453, -13, 46, nan, ATLAS-ZTF
334.19412, 86.93249, o, 59773.509859, 18.155, 0.251, 198, 50, 18.15833702434617, ATLAS-ZTF
334.19412, 86.93249, o, 59773.510549, 19.065, 12.459, 86, 1070, 19.06375387189108, ATLAS-ZTF
334.19412, 86.93249, o, 59773.53991, 18.704, 0.41, 120, 49, 18.702046884880936, ATLAS-ZTF
334.19412, 86.93249, o, 59773.54265, 19.168, 0.575, 78, 45, 19.1697634932738, ATLAS-ZTF
334.19412, 86.93249, o, 59773.546919, 19.506, 0.82, 57, 47, 19.51031286081877, ATLAS-ZTF
334.19412, 86.93249, o, 59777.567727, 18.669, 0.31, 124, 38, 18.66644578709441, ATLAS-ZTF
334.19412, 86.93249, o, 59777.57149, 18.826, 0.375, 107, 40, 18.826540555786973, ATLAS-ZTF
334.19412, 86.93249, o, 59777.578382, 18.517, 0.281, 142, 40, 18.519279139042357, ATLAS-ZTF
334.19412, 86.93249, o, 59777.593992, 18.291, 0.207, 175, 36, 18.292404878284263, ATLAS-ZTF
334.19412, 86.93249, o, 59783.535036, 18.229, 0.097, 186, 18, 18.226217639455207, ATLAS-ZTF
334.19412, 86.93249, o, 59783.538207, 18.281, 0.084, 177, 15, 18.280066834095482, ATLAS-ZTF
334.19412, 86.93249, o, 59783.543639, 18.154, 0.086, 199, 17, 18.152867308975733, ATLAS-ZTF
334.19412, 86.93249, o, 59783.553604, 18.246, 0.098, 183, 18, 18.243872275673926, ATLAS-ZTF
334.19412, 86.93249, o, 59783.616071, 18.208, 0.114, 189, 22, 18.208845489566887, ATLAS-ZTF
334.19412, 86.93249, o, 59783.620806, 17.923, 0.159, 246, 39, 17.92266223224155, ATLAS-ZTF
334.19412, 86.93249, o, 59783.623819, 18.558, 0.634, 137, 87, 18.558198582108982, ATLAS-ZTF
334.19412, 86.93249, o, 59783.626703, 17.642, 0.741, 318, 236, 17.64393220003892, ATLAS-ZTF
334.19412, 86.93249, o, 59785.500664, 18.679, 0.177, 122, 22, 18.684100423313126, ATLAS-ZTF
334.19412, 86.93249, o, 59785.503868, 18.425, 0.134, 155, 21, 18.42417075457427, ATLAS-ZTF
334.19412, 86.93249, o, 59785.510281, 18.35, 0.119, 166, 20, 18.34972977989986, ATLAS-ZTF
334.19412, 86.93249, o, 59785.587406, 18.446, 0.122, 152, 18, 18.44539103013807, ATLAS-ZTF
334.19412, 86.93249, o, 59785.590717, 18.281, 0.099, 177, 18, 18.280066834095482, ATLAS-ZTF
334.19412, 86.93249, o, 59785.600255, 18.205, 0.086, 190, 16, 18.203115997617928, ATLAS-ZTF
334.19412, 86.93249, o, 59785.614911, 18.482, 0.155, 147, 23, 18.481706663129557, ATLAS-ZTF
334.19412, 86.93249, c, 59787.458062, 19.581, 0.32, 53, 17, 19.589310325998028, ATLAS-ZTF
334.19412, 86.93249, c, 59787.492103, 20.27, 0.624, 28, 18, 20.28210492164445, ATLAS-ZTF
334.19412, 86.93249, c, 59787.495318, 19.762, 0.356, 45, 16, 19.76696871556164, ATLAS-ZTF
334.19412, 86.93249, c, 59787.500804, 19.916, 0.354, 39, 14, 19.92233848243375, ATLAS-ZTF
334.19412, 86.93249, c, 59787.60445, 19.777, 0.283, 45, 13, 19.76696871556164, ATLAS-ZTF
334.19412, 86.93249, c, 59787.614243, 19.441, 0.253, 61, 15, 19.43667541247308, ATLAS-ZTF
334.19412, 86.93249, c, 59787.616611, 19.156, 0.189, 79, 15, 19.155932271773896, ATLAS-ZTF
334.19412, 86.93249, c, 59787.623819, 20.615, 1.375, 21, 28, 20.5944517631652, ATLAS-ZTF
334.19412, 86.93249, o, 59789.459559, 19.227, 0.262, 74, 19, 19.226920700672558, ATLAS-ZTF
334.19412, 86.93249, o, 59789.462792, 19.205, 0.243, 76, 18, 19.197966019298022, ATLAS-ZTF
334.19412, 86.93249, o, 59789.479061, 18.783, 0.162, 111, 18, 18.786692553033355, ATLAS-ZTF
334.19412, 86.93249, o, 59789.484561, 19.63, 0.359, 51, 18, 19.631074559755156, ATLAS-ZTF
334.19412, 86.93249, o, 59789.486396, 19.085, 0.186, 84, 16, 19.089301784845293, ATLAS-ZTF
334.19412, 86.93249, o, 59789.489611, 18.827, 0.147, 107, 16, 18.826540555786973, ATLAS-ZTF
334.19412, 86.93249, o, 59789.495083, 18.889, 0.178, 101, 18, 18.889196565543394, ATLAS-ZTF
334.19412, 86.93249, o, 59789.504848, 18.515, 0.111, 143, 16, 18.511659906337343, ATLAS-ZTF
334.19412, 86.93249, o, 59789.517581, 18.566, 0.131, 136, 18, 18.566152729074453, ATLAS-ZTF
334.19412, 86.93249, o, 59789.531497, 18.77, 0.173, 113, 20, 18.767303891291448, ATLAS-ZTF
334.19412, 86.93249, o, 59789.55647, 18.973, 0.221, 94, 21, 18.967180366000754, ATLAS-ZTF
334.19412, 86.93249, c, 59791.375081, 20.09, 0.384, 33, 13, 20.10371515030528, ATLAS-ZTF
334.19412, 86.93249, c, 59791.3779, 19.359, 0.227, 66, 15, 19.351140161145327, ATLAS-ZTF
334.19412, 86.93249, c, 59791.382571, 19.918, 0.388, 39, 15, 19.92233848243375, ATLAS-ZTF
334.19412, 86.93249, c, 59791.383023, 19.729, 0.232, 47, 11, 19.719755355160704, ATLAS-ZTF
334.19412, 86.93249, c, 59791.38716, 20.024, 0.564, 36, 20, 20.00924374808178, ATLAS-ZTF
334.19412, 86.93249, c, 59791.39311, 20.234, 0.435, 29, 13, 20.24400500525261, ATLAS-ZTF
334.19412, 86.93249, c, 59791.398633, 20.937, 0.852, 15, 13, 20.959771852360795, ATLAS-ZTF
334.19412, 86.93249, c, 59791.403263, 19.64, 0.295, 51, 15, 19.631074559755156, ATLAS-ZTF
334.19412, 86.93249, o, 59793.443674, 19.603, 0.351, 52, 18, 19.609991640913, ATLAS-ZTF
334.19412, 86.93249, o, 59793.46645, 19.483, 0.332, 58, 19, 19.491430016092657, ATLAS-ZTF
334.19412, 86.93249, o, 59793.469206, 19.363, 0.283, 65, 18, 19.36771660839286, ATLAS-ZTF
334.19412, 86.93249, o, 59793.473312, 19.184, 0.284, 77, 22, 19.183773187068795, ATLAS-ZTF
334.19412, 86.93249, o, 59793.483347, 19.384, 0.275, 64, 18, 19.38455006504028, ATLAS-ZTF
334.19412, 86.93249, o, 59793.486551, 19.566, 0.338, 54, 18, 19.569015600442576, ATLAS-ZTF
334.19412, 86.93249, o, 59793.492039, 18.745, 0.187, 115, 22, 18.74825539911597, ATLAS-ZTF
334.19412, 86.93249, o, 59793.502245, 19.777, 0.435, 45, 19, 19.76696871556164, ATLAS-ZTF
334.19412, 86.93249, o, 59793.513471, 19.855, 0.458, 42, 19, 19.841876774005247, ATLAS-ZTF
334.19412, 86.93249, o, 59793.529796, 19.331, 0.314, 67, 21, 19.334812993247933, ATLAS-ZTF
334.19412, 86.93249, o, 59793.5583, 18.993, 0.208, 92, 19, 18.99053043163611, ATLAS-ZTF
334.19412, 86.93249, o, 59793.583356, 22.299, 4.222, 4, 18, 22.394850021680092, ATLAS-ZTF
334.19412, 86.93249, o, 59797.440003, 18.697, 0.178, 120, 22, 18.702046884880936, ATLAS-ZTF
334.19412, 86.93249, o, 59797.443695, 20.328, 0.758, 27, 20, 20.32159058960253, ATLAS-ZTF
334.19412, 86.93249, o, 59797.450568, 0.0, 20.567, 0, 22, inf, ATLAS-ZTF
334.19412, 86.93249, o, 59797.461541, 20.193, 0.614, 30, 19, 20.207196863200842, ATLAS-ZTF
334.19412, 86.93249, o, 59797.464732, 19.993, 0.5, 36, 18, 20.00924374808178, ATLAS-ZTF
334.19412, 86.93249, o, 59797.467919, 18.961, 0.208, 95, 20, 18.955690986777878, ATLAS-ZTF
334.19412, 86.93249, o, 59797.473412, 19.102, 0.225, 83, 19, 19.102304769059813, ATLAS-ZTF
334.19412, 86.93249, o, 59797.483464, 19.67, 0.418, 49, 21, 19.674509799928714, ATLAS-ZTF
334.19412, 86.93249, o, 59797.52549, 19.242, 0.276, 73, 20, 19.241692849698858, ATLAS-ZTF
334.19412, 86.93249, o, 59797.552577, 19.609, 0.35, 52, 18, 19.609991640913, ATLAS-ZTF
334.19412, 86.93249, o, 59797.555408, 19.62, 0.435, 52, 22, 19.609991640913, ATLAS-ZTF
334.19412, 86.93249, o, 59797.560617, 19.17, 0.259, 78, 20, 19.1697634932738, ATLAS-ZTF
334.19412, 86.93249, o, 59801.456907, 18.518, 0.564, 142, 80, 18.519279139042357, ATLAS-ZTF
334.19412, 86.93249, o, 59801.460116, -19.178, 0.96, -77, 74, nan, ATLAS-ZTF
334.19412, 86.93249, o, 59801.465612, -19.899, 1.515, -40, 60, nan, ATLAS-ZTF
334.19412, 86.93249, o, 59801.500794, 19.127, 0.437, 81, 36, 19.128787452803373, ATLAS-ZTF
334.19412, 86.93249, o, 59801.621985, 19.721, 0.551, 47, 26, 19.719755355160704, ATLAS-ZTF
334.19412, 86.93249, o, 59801.625062, 18.935, 0.341, 97, 33, 18.933070664334387, ATLAS-ZTF
334.19412, 86.93249, o, 59801.628283, 20.47, 2.258, 24, 53, 20.449471895720983, ATLAS-ZTF
334.19412, 86.93249, o, 59801.631484, 20.479, 4.711, 23, 110, 20.495680409956016, ATLAS-ZTF
334.19412, 86.93249, o, 59803.483924, 19.706, 0.965, 48, 46, 19.69689690656103, ATLAS-ZTF
334.19412, 86.93249, o, 59803.516018, -20.424, 5.235, -25, 129, nan, ATLAS-ZTF
334.19412, 86.93249, o, 59803.520125, 19.18, 0.903, 77, 70, 19.183773187068795, ATLAS-ZTF
334.19412, 86.93249, o, 59803.525637, 20.712, 2.566, 19, 48, 20.703115997617928, ATLAS-ZTF
334.19412, 86.93249, o, 59805.412161, 18.97, 0.333, 94, 31, 18.967180366000754, ATLAS-ZTF
334.19412, 86.93249, o, 59805.4154, 19.925, 0.836, 39, 32, 19.92233848243375, ATLAS-ZTF
334.19412, 86.93249, o, 59805.416336, 21.113, 2.823, 13, 37, 21.115141619232908, ATLAS-ZTF
334.19412, 86.93249, o, 59805.419551, 21.222, 3.704, 12, 44, 21.202046884880936, ATLAS-ZTF
334.19412, 86.93249, o, 59805.42094, 20.491, 1.471, 23, 34, 20.495680409956016, ATLAS-ZTF
334.19412, 86.93249, o, 59805.425539, 19.286, 0.564, 70, 40, 19.287254899964356, ATLAS-ZTF
334.19412, 86.93249, o, 59805.431014, 19.896, 0.838, 40, 34, 19.894850021680092, ATLAS-ZTF
334.19412, 86.93249, o, 59805.439858, 20.449, 1.409, 24, 34, 20.449471895720983, ATLAS-ZTF
334.19412, 86.93249, o, 59805.446615, 18.971, 0.479, 94, 45, 18.967180366000754, ATLAS-ZTF
334.19412, 86.93249, o, 59805.467045, 19.062, 0.442, 86, 38, 19.06375387189108, ATLAS-ZTF
334.19412, 86.93249, o, 59805.492218, 21.398, 3.429, 10, 34, 21.4, ATLAS-ZTF
334.19412, 86.93249, o, 59807.408769, 19.553, 0.404, 55, 22, 19.54909327626439, ATLAS-ZTF
334.19412, 86.93249, o, 59807.411989, 20.27, 1.031, 28, 29, 20.28210492164445, ATLAS-ZTF
334.19412, 86.93249, o, 59807.430799, 20.928, 1.472, 15, 23, 20.959771852360795, ATLAS-ZTF
334.19412, 86.93249, o, 59807.43538, 19.23, 0.335, 74, 25, 19.226920700672558, ATLAS-ZTF
334.19412, 86.93249, o, 59809.374724, 20.053, 0.53, 35, 18, 20.03982988912431, ATLAS-ZTF
334.19412, 86.93249, o, 59809.378843, 18.956, 0.214, 95, 20, 18.955690986777878, ATLAS-ZTF
334.19412, 86.93249, o, 59809.387099, 20.633, 0.952, 20, 19, 20.647425010840045, ATLAS-ZTF
334.19412, 86.93249, o, 59809.399065, -21.054, 1.568, -14, 22, nan, ATLAS-ZTF
334.19412, 86.93249, o, 59811.49562, 20.304, 1.278, 27, 35, 20.32159058960253, ATLAS-ZTF
334.19412, 86.93249, o, 59811.530428, 20.156, 1.04, 31, 33, 20.171595765414317, ATLAS-ZTF
334.19412, 86.93249, o, 59811.534078, 20.028, 0.765, 35, 27, 20.03982988912431, ATLAS-ZTF
334.19412, 86.93249, o, 59811.561658, 18.893, 0.203, 101, 20, 18.889196565543394, ATLAS-ZTF
334.19412, 86.93249, o, 59811.602257, -21.694, 4.5, -8, 34, nan, ATLAS-ZTF
334.19412, 86.93249, o, 59811.606185, 20.259, 1.186, 29, 34, 20.24400500525261, ATLAS-ZTF
334.19412, 86.93249, o, 59811.631128, 20.122, 1.528, 32, 50, 20.137125054200233, ATLAS-ZTF
334.19412, 86.93249, o, 59811.635681, 18.726, 3.511, 117, 412, 18.729535345634595, ATLAS-ZTF
334.19412, 86.93249, o, 59813.368456, 19.442, 0.316, 61, 19, 19.43667541247308, ATLAS-ZTF
334.19412, 86.93249, o, 59813.371658, 20.797, 1.103, 17, 19, 20.823877696554312, ATLAS-ZTF
334.19412, 86.93249, o, 59813.381822, -23.877, 17.0, -1, 17, nan, ATLAS-ZTF
334.19412, 86.93249, o, 59813.387354, 20.948, 1.444, 15, 22, 20.959771852360795, ATLAS-ZTF
334.19412, 86.93249, o, 59817.431169, -20.108, 0.66, -33, 22, nan, ATLAS-ZTF
334.19412, 86.93249, o, 59817.434821, 19.275, 0.318, 71, 22, 19.27185412820231, ATLAS-ZTF
334.19412, 86.93249, o, 59817.440745, 20.123, 0.55, 32, 18, 20.137125054200233, ATLAS-ZTF
334.19412, 86.93249, o, 59817.451238, 20.472, 0.724, 24, 17, 20.449471895720983, ATLAS-ZTF
334.19412, 86.93249, o, 59817.558098, 19.122, 0.239, 82, 20, 19.115465369040706, ATLAS-ZTF
334.19412, 86.93249, o, 59817.593145, 19.008, 0.23, 90, 21, 19.014393726401686, ATLAS-ZTF
334.19412, 86.93249, o, 59817.620821, 19.452, 0.314, 60, 19, 19.45462187404089, ATLAS-ZTF
334.19412, 86.93249, o, 59817.636007, -18.819, 0.95, -108, 102, nan, ATLAS-ZTF
334.19412, 86.93249, c, 59819.461632, 20.104, 0.411, 33, 14, 20.10371515030528, ATLAS-ZTF
334.19412, 86.93249, c, 59819.465267, 20.925, 0.752, 16, 12, 20.889700043360186, ATLAS-ZTF
334.19412, 86.93249, c, 59819.471151, 22.853, 4.938, 3, 13, 22.707196863200842, ATLAS-ZTF
334.19412, 86.93249, c, 59819.504166, 20.113, 0.389, 33, 13, 20.10371515030528, ATLAS-ZTF
334.19412, 86.93249, c, 59819.521509, -21.867, 2.275, -6, 15, nan, ATLAS-ZTF
334.19412, 86.93249, c, 59819.523779, 21.036, 0.989, 14, 14, 21.034679910804403, ATLAS-ZTF
334.19412, 86.93249, c, 59819.526947, 20.609, 0.633, 21, 13, 20.5944517631652, ATLAS-ZTF
334.19412, 86.93249, c, 59819.532842, -22.593, 4.235, -3, 14, nan, ATLAS-ZTF
334.19412, 86.93249, o, 59821.434451, 20.087, 0.571, 34, 19, 20.07130270739436, ATLAS-ZTF
334.19412, 86.93249, o, 59821.439935, 20.599, 0.951, 21, 20, 20.5944517631652, ATLAS-ZTF
334.19412, 86.93249, o, 59821.443599, 19.464, 0.333, 60, 20, 19.45462187404089, ATLAS-ZTF
334.19412, 86.93249, o, 59821.455466, 19.233, 0.28, 74, 21, 19.226920700672558, ATLAS-ZTF
334.19412, 86.93249, o, 59821.569887, 20.901, 1.123, 16, 18, 20.889700043360186, ATLAS-ZTF
334.19412, 86.93249, o, 59821.573569, 19.61, 0.401, 52, 21, 19.609991640913, ATLAS-ZTF
334.19412, 86.93249, o, 59821.579084, 21.577, 2.094, 8, 18, 21.64227503252014, ATLAS-ZTF
334.19412, 86.93249, c, 59823.351876, 20.22, 0.523, 30, 16, 20.207196863200842, ATLAS-ZTF
334.19412, 86.93249, c, 59823.355137, -21.057, 1.045, -14, 14, nan, ATLAS-ZTF
334.19412, 86.93249, c, 59823.360653, 19.91, 0.44, 39, 17, 19.92233848243375, ATLAS-ZTF
334.19412, 86.93249, c, 59823.371175, 20.563, 0.603, 22, 13, 20.543943297944484, ATLAS-ZTF
334.19412, 86.93249, o, 59825.316205, 21.148, 2.027, 13, 26, 21.115141619232908, ATLAS-ZTF
334.19412, 86.93249, o, 59825.31941, 20.275, 1.0, 28, 28, 20.28210492164445, ATLAS-ZTF
334.19412, 86.93249, o, 59825.331756, 19.235, 0.364, 73, 27, 19.241692849698858, ATLAS-ZTF
334.19412, 86.93249, o, 59825.339082, 19.611, 0.503, 52, 26, 19.609991640913, ATLAS-ZTF
334.19412, 86.93249, o, 59825.465057, 20.347, 0.719, 26, 19, 20.362566630072955, ATLAS-ZTF
334.19412, 86.93249, o, 59825.468324, -21.83, 2.52, -7, 17, nan, ATLAS-ZTF
334.19412, 86.93249, o, 59825.475674, 19.561, 0.41, 54, 22, 19.569015600442576, ATLAS-ZTF
334.19412, 86.93249, o, 59825.485785, 19.842, 0.462, 42, 19, 19.841876774005247, ATLAS-ZTF
334.19412, 86.93249, o, 59833.364051, 19.198, 0.851, 76, 65, 19.197966019298022, ATLAS-ZTF
334.19412, 86.93249, o, 59833.370181, 26.06, 260.0, 0, 36, inf, ATLAS-ZTF
334.19412, 86.93249, o, 59833.381784, 19.627, 0.624, 51, 32, 19.631074559755156, ATLAS-ZTF
334.19412, 86.93249, o, 59833.385488, 20.531, 1.521, 22, 34, 20.543943297944484, ATLAS-ZTF
334.19412, 86.93249, o, 59833.44487, -16.99, 0.579, -581, 336, nan, ATLAS-ZTF
334.19412, 86.93249, o, 59833.448112, -17.17, 0.454, -492, 224, nan, ATLAS-ZTF
334.19412, 86.93249, o, 59833.453655, -19.291, 1.243, -70, 87, nan, ATLAS-ZTF
334.19412, 86.93249, o, 59833.466758, -20.852, 2.067, -17, 34, nan, ATLAS-ZTF
334.19412, 86.93249, o, 59833.579308, -19.899, 0.948, -40, 38, nan, ATLAS-ZTF
334.19412, 86.93249, o, 59833.612557, 19.741, 2.252, 46, 104, 19.743105420796063, ATLAS-ZTF
334.19412, 86.93249, o, 59833.61582, 19.157, 1.409, 79, 111, 19.155932271773896, ATLAS-ZTF
334.19412, 86.93249, o, 59833.61819, 0.0, 0.0, 0, 0, inf, ATLAS-ZTF
334.19412, 86.93249, o, 59833.621501, 0.0, 0.0, 0, 0, inf, ATLAS-ZTF
334.19412, 86.93249, o, 59833.623375, 0.0, 0.0, 0, 0, inf, ATLAS-ZTF
334.19412, 86.93249, o, 59837.288882, 19.162, 0.275, 78, 22, 19.1697634932738, ATLAS-ZTF
334.19412, 86.93249, o, 59837.291664, 21.279, 1.679, 11, 19, 21.296518287104437, ATLAS-ZTF
334.19412, 86.93249, o, 59837.297666, 19.592, 0.41, 53, 22, 19.589310325998028, ATLAS-ZTF
334.19412, 86.93249, o, 59837.308298, 20.585, 0.92, 21, 20, 20.5944517631652, ATLAS-ZTF
334.19412, 86.93249, o, 59837.406328, 20.122, 0.665, 32, 22, 20.137125054200233, ATLAS-ZTF
334.19412, 86.93249, o, 59837.421376, 21.005, 1.663, 14, 24, 21.034679910804403, ATLAS-ZTF
334.19412, 86.93249, o, 59837.424491, 19.701, 0.542, 48, 26, 19.69689690656103, ATLAS-ZTF
334.19412, 86.93249, o, 59837.428368, 20.789, 1.256, 18, 22, 20.761818737241732, ATLAS-ZTF
334.19412, 86.93249, o, 59837.430383, 20.965, 1.581, 15, 24, 20.959771852360795, ATLAS-ZTF
334.19412, 86.93249, o, 59837.453574, 23.644, 18.0, 1, 23, 23.9, ATLAS-ZTF
334.19412, 86.93249, o, 59837.456421, 21.983, 3.857, 6, 22, 21.95462187404089, ATLAS-ZTF
334.19412, 86.93249, o, 59837.461605, -22.124, 3.7, -5, 19, nan, ATLAS-ZTF
334.19412, 86.93249, o, 59837.54657, 19.636, 0.506, 51, 26, 19.631074559755156, ATLAS-ZTF
334.19412, 86.93249, o, 59837.564544, 19.564, 0.428, 54, 23, 19.569015600442576, ATLAS-ZTF
334.19412, 86.93249, o, 59837.567483, -21.197, 2.071, -12, 25, nan, ATLAS-ZTF
334.19412, 86.93249, o, 59837.571861, 19.724, 0.519, 47, 24, 19.719755355160704, ATLAS-ZTF
334.19412, 86.93249, o, 59839.295517, 20.74, 1.057, 18, 19, 20.761818737241732, ATLAS-ZTF
334.19412, 86.93249, o, 59839.298694, 21.218, 1.506, 12, 18, 21.202046884880936, ATLAS-ZTF
334.19412, 86.93249, o, 59839.305044, 20.411, 0.991, 25, 25, 20.405149978319905, ATLAS-ZTF
334.19412, 86.93249, o, 59839.315023, 17.816, 0.669, 271, 181, 17.817576772813986, ATLAS-ZTF
334.19412, 86.93249, o, 59839.360259, 21.825, 2.408, 7, 16, 21.787254899964356, ATLAS-ZTF
334.19412, 86.93249, o, 59839.388996, -21.091, 1.793, -13, 24, nan, ATLAS-ZTF
334.19412, 86.93249, o, 59839.391409, 19.922, 0.472, 39, 18, 19.92233848243375, ATLAS-ZTF
334.19412, 86.93249, o, 59839.394585, 19.632, 0.366, 51, 19, 19.631074559755156, ATLAS-ZTF
334.19412, 86.93249, o, 59839.402288, 20.198, 0.766, 30, 23, 20.207196863200842, ATLAS-ZTF
334.19412, 86.93249, o, 59839.408213, 19.6, 0.569, 52, 30, 19.609991640913, ATLAS-ZTF
334.19412, 86.93249, o, 59839.411401, -21.147, 1.648, -13, 21, nan, ATLAS-ZTF
334.19412, 86.93249, o, 59839.434121, -20.811, 1.433, -17, 25, nan, ATLAS-ZTF
334.19412, 86.93249, o, 59839.49348, 21.531, 2.222, 9, 20, 21.514393726401686, ATLAS-ZTF
334.19412, 86.93249, o, 59839.496205, 20.766, 0.962, 18, 17, 20.761818737241732, ATLAS-ZTF
334.19412, 86.93249, o, 59839.500299, 19.98, 0.511, 37, 19, 19.97949568983251, ATLAS-ZTF
334.19412, 86.93249, o, 59839.509464, 20.997, 1.6, 14, 23, 21.034679910804403, ATLAS-ZTF
334.19412, 86.93249, c, 59841.359831, 19.894, 0.33, 40, 13, 19.894850021680092, ATLAS-ZTF
334.19412, 86.93249, c, 59841.365966, -21.28, 1.339, -11, 15, nan, ATLAS-ZTF
334.19412, 86.93249, c, 59841.372897, -25.598, 73.0, 0, 15, inf, ATLAS-ZTF
334.19412, 86.93249, c, 59841.383984, 21.198, 1.066, 12, 13, 21.202046884880936, ATLAS-ZTF
334.19412, 86.93249, o, 59841.490813, 20.41, 0.558, 25, 14, 20.405149978319905, ATLAS-ZTF
334.19412, 86.93249, o, 59841.523153, 20.12, 0.623, 32, 20, 20.137125054200233, ATLAS-ZTF
334.19412, 86.93249, o, 59841.525979, 20.566, 0.894, 22, 19, 20.543943297944484, ATLAS-ZTF
334.19412, 86.93249, o, 59841.533421, 19.886, 0.446, 40, 18, 19.894850021680092, ATLAS-ZTF
334.19412, 86.93249, o, 59843.413241, 21.684, 2.333, 8, 18, 21.64227503252014, ATLAS-ZTF
334.19412, 86.93249, o, 59843.416421, 21.152, 1.253, 13, 16, 21.115141619232908, ATLAS-ZTF
334.19412, 86.93249, o, 59843.42641, 21.857, 2.333, 7, 15, 21.787254899964356, ATLAS-ZTF
334.19412, 86.93249, o, 59843.431847, 20.34, 0.505, 26, 13, 20.362566630072955, ATLAS-ZTF
334.19412, 86.93249, o, 59843.567153, 21.491, 2.588, 9, 24, 21.514393726401686, ATLAS-ZTF
334.19412, 86.93249, o, 59843.621727, 19.593, 0.429, 53, 23, 19.589310325998028, ATLAS-ZTF
334.19412, 86.93249, o, 59843.630786, -20.22, 0.753, -30, 22, nan, ATLAS-ZTF
334.19412, 86.93249, o, 59843.634049, 20.503, 1.366, 23, 31, 20.495680409956016, ATLAS-ZTF
334.19412, 86.93249, c, 59845.307466, -21.538, 1.286, -9, 11, nan, ATLAS-ZTF
334.19412, 86.93249, c, 59845.311182, 22.728, 3.769, 3, 11, 22.707196863200842, ATLAS-ZTF
334.19412, 86.93249, c, 59845.316377, -19.402, 0.356, -63, 22, nan, ATLAS-ZTF
334.19412, 86.93249, c, 59845.32617, 21.662, 1.421, 8, 11, 21.64227503252014, ATLAS-ZTF
334.19412, 86.93249, c, 59845.483194, 18.449, 0.648, 152, 98, 18.44539103013807, ATLAS-ZTF
334.19412, 86.93249, c, 59845.507463, 21.456, 3.474, 10, 33, 21.4, ATLAS-ZTF
334.19412, 86.93249, c, 59845.510288, -19.608, 1.49, -52, 78, nan, ATLAS-ZTF
334.19412, 86.93249, o, 59847.317627, 20.169, 0.712, 31, 22, 20.171595765414317, ATLAS-ZTF
334.19412, 86.93249, o, 59847.320809, 20.456, 0.769, 24, 18, 20.449471895720983, ATLAS-ZTF
334.19412, 86.93249, o, 59847.327162, 20.086, 0.532, 34, 18, 20.07130270739436, ATLAS-ZTF
334.19412, 86.93249, o, 59847.337126, -21.115, 1.18, -13, 15, nan, ATLAS-ZTF
334.19412, 86.93249, o, 59847.396266, -24.218, 21.0, -1, 16, nan, ATLAS-ZTF
334.19412, 86.93249, o, 59847.398532, 19.926, 0.486, 39, 19, 19.92233848243375, ATLAS-ZTF
334.19412, 86.93249, o, 59847.406729, 20.312, 0.683, 27, 19, 20.32159058960253, ATLAS-ZTF
334.19412, 86.93249, o, 59847.414001, 21.034, 1.353, 14, 19, 21.034679910804403, ATLAS-ZTF
334.19412, 86.93249, c, 59849.364299, 21.547, 1.31, 9, 11, 21.514393726401686, ATLAS-ZTF
334.19412, 86.93249, c, 59849.37084, 20.975, 0.732, 15, 11, 20.959771852360795, ATLAS-ZTF
334.19412, 86.93249, c, 59849.375025, -21.341, 1.055, -11, 11, nan, ATLAS-ZTF
334.19412, 86.93249, c, 59849.387104, -22.505, 3.158, -4, 11, nan, ATLAS-ZTF
334.19412, 86.93249, o, 59851.42233, 20.424, 0.653, 25, 16, 20.405149978319905, ATLAS-ZTF
334.19412, 86.93249, o, 59851.425505, 19.856, 0.449, 42, 19, 19.841876774005247, ATLAS-ZTF
334.19412, 86.93249, o, 59851.430948, 20.555, 0.697, 22, 15, 20.543943297944484, ATLAS-ZTF
334.19412, 86.93249, o, 59851.440927, 20.387, 0.637, 25, 16, 20.405149978319905, ATLAS-ZTF
334.19412, 86.93249, o, 59851.54111, 25.899, 119.0, 0, 19, inf, ATLAS-ZTF
334.19412, 86.93249, o, 59851.544744, 21.872, 2.932, 6, 19, 21.95462187404089, ATLAS-ZTF
334.19412, 86.93249, o, 59851.545647, 19.986, 0.405, 37, 15, 19.97949568983251, ATLAS-ZTF
334.19412, 86.93249, o, 59851.573279, -20.462, 0.791, -24, 19, nan, ATLAS-ZTF
334.19412, 86.93249, o, 59851.573731, 23.321, 9.0, 2, 15, 23.147425010840045, ATLAS-ZTF
334.19412, 86.93249, o, 59851.601734, 19.757, 0.343, 45, 16, 19.76696871556164, ATLAS-ZTF
334.19412, 86.93249, o, 59851.602186, 22.691, 5.217, 3, 16, 22.707196863200842, ATLAS-ZTF
334.19412, 86.93249, o, 59851.615389, -23.699, 16.0, -1, 19, nan, ATLAS-ZTF
334.19412, 86.93249, o, 59853.294402, -20.683, 0.936, -19, 18, nan, ATLAS-ZTF
334.19412, 86.93249, o, 59853.297183, 22.145, 3.786, 5, 19, 22.15257498915995, ATLAS-ZTF
334.19412, 86.93249, o, 59853.302768, -20.067, 0.5, -34, 17, nan, ATLAS-ZTF
334.19412, 86.93249, o, 59853.313877, 21.301, 1.476, 11, 16, 21.296518287104437, ATLAS-ZTF
334.19412, 86.93249, c, 59853.471178, -21.464, 1.176, -9, 11, nan, ATLAS-ZTF
334.19412, 86.93249, c, 59853.474451, -20.899, 0.713, -16, 11, nan, ATLAS-ZTF
334.19412, 86.93249, c, 59853.479588, -20.326, 0.421, -27, 11, nan, ATLAS-ZTF
334.19412, 86.93249, o, 59857.388108, 18.206, 0.5, 190, 95, 18.203115997617928, ATLAS-ZTF
334.19412, 86.93249, o, 59857.391348, 20.559, 1.038, 22, 22, 20.543943297944484, ATLAS-ZTF
334.19412, 86.93249, o, 59857.406605, -16.563, 1.58, -861, 1361, nan, ATLAS-ZTF
334.19412, 86.93249, c, 59857.510271, 21.942, 1.971, 6, 12, 21.95462187404089, ATLAS-ZTF
334.19412, 86.93249, c, 59857.513045, 20.232, 0.417, 29, 12, 20.24400500525261, ATLAS-ZTF
334.19412, 86.93249, c, 59857.518616, 24.899, 28.5, 0, 11, inf, ATLAS-ZTF
334.19412, 86.93249, c, 59857.528823, 21.715, 1.6, 8, 12, 21.64227503252014, ATLAS-ZTF
334.19412, 86.93249, o, 59859.390572, 15.756, 1.05, 1809, 1900, 15.756403582850464, ATLAS-ZTF
334.19412, 86.93249, o, 59859.475193, 20.609, 12.676, 21, 263, 20.5944517631652, ATLAS-ZTF
334.19412, 86.93249, o, 59859.478392, 19.887, 4.574, 40, 184, 19.894850021680092, ATLAS-ZTF
334.19412, 86.93249, o, 59859.484291, 18.015, 0.86, 226, 194, 18.014728902131495, ATLAS-ZTF
334.19412, 86.93249, o, 59859.519209, -18.906, 1.534, -99, 152, nan, ATLAS-ZTF
334.19412, 86.93249, o, 59861.280124, 19.57, 3.109, 54, 168, 19.569015600442576, ATLAS-ZTF
334.19412, 86.93249, o, 59861.282913, 19.885, 3.513, 40, 142, 19.894850021680092, ATLAS-ZTF
334.19412, 86.93249, o, 59861.288994, -18.274, 0.573, -178, 102, nan, ATLAS-ZTF
334.19412, 86.93249, o, 59861.299163, -18.921, 1.002, -98, 98, nan, ATLAS-ZTF
334.19412, 86.93249, o, 59861.383066, 23.581, 121.25, 1, 163, 23.9, ATLAS-ZTF
334.19412, 86.93249, o, 59861.3863, 18.946, 2.078, 96, 199, 18.944321917401076, ATLAS-ZTF
334.19412, 86.93249, o, 59861.410357, -17.988, 0.459, -232, 106, nan, ATLAS-ZTF
334.19412, 86.93249, o, 59861.415911, -18.036, 0.935, -222, 207, nan, ATLAS-ZTF
334.19412, 86.93249, o, 59863.302641, -20.449, 1.617, -24, 39, nan, ATLAS-ZTF
334.19412, 86.93249, o, 59863.305812, 20.074, 1.567, 34, 53, 20.07130270739436, ATLAS-ZTF
334.19412, 86.93249, o, 59863.311787, -20.65, 2.146, -20, 43, nan, ATLAS-ZTF
334.19412, 86.93249, o, 59863.322193, 21.526, 3.603, 9, 32, 21.514393726401686, ATLAS-ZTF
334.19412, 86.93249, o, 59863.392923, -19.304, 1.077, -69, 74, nan, ATLAS-ZTF
334.19412, 86.93249, o, 59863.397488, 20.257, 1.296, 29, 37, 20.24400500525261, ATLAS-ZTF
334.19412, 86.93249, o, 59863.457095, -18.876, 0.435, -102, 44, nan, ATLAS-ZTF
334.19412, 86.93249, o, 59865.272191, -17.73, 0.628, -294, 184, nan, ATLAS-ZTF
334.19412, 86.93249, o, 59865.280514, 18.85, 4.171, 105, 437, 18.847026752325153, ATLAS-ZTF
334.19412, 86.93249, o, 59865.286126, 18.855, 1.465, 104, 153, 18.85741665175305, ATLAS-ZTF
334.19412, 86.93249, o, 59865.296751, -20.554, 1.656, -22, 36, nan, ATLAS-ZTF
334.19412, 86.93249, o, 59865.400005, -21.769, 3.208, -7, 23, nan, ATLAS-ZTF
334.19412, 86.93249, o, 59867.321608, 21.216, 1.99, 12, 24, 21.202046884880936, ATLAS-ZTF
334.19412, 86.93249, o, 59867.325232, -20.183, 0.708, -31, 22, nan, ATLAS-ZTF
334.19412, 86.93249, o, 59867.331147, 20.876, 1.566, 16, 25, 20.889700043360186, ATLAS-ZTF
334.19412, 86.93249, o, 59867.342057, -21.981, 4.579, -6, 27, nan, ATLAS-ZTF
334.19412, 86.93249, o, 59867.388913, -23.632, 17.455, -1, 22, nan, ATLAS-ZTF
334.19412, 86.93249, o, 59867.392088, 19.674, 0.358, 49, 18, 19.674509799928714, ATLAS-ZTF
334.19412, 86.93249, o, 59867.397984, -21.041, 1.866, -14, 26, nan, ATLAS-ZTF
334.19412, 86.93249, o, 59867.409314, 20.508, 0.959, 23, 22, 20.495680409956016, ATLAS-ZTF
334.19412, 86.93249, o, 59867.497791, 19.791, 0.692, 44, 30, 19.79136830878453, ATLAS-ZTF
334.19412, 86.93249, o, 59867.501965, -19.801, 0.696, -44, 30, nan, ATLAS-ZTF
334.19412, 86.93249, o, 59867.508308, 21.363, 3.354, 10, 35, 21.4, ATLAS-ZTF
334.19412, 86.93249, o, 59867.518757, 21.511, 4.682, 9, 42, 21.514393726401686, ATLAS-ZTF
334.19412, 86.93249, o, 59869.21729, -21.262, 1.209, -11, 14, nan, ATLAS-ZTF
334.19412, 86.93249, o, 59869.221444, 20.805, 1.198, 17, 21, 20.823877696554312, ATLAS-ZTF
334.19412, 86.93249, o, 59869.231633, 19.842, 0.49, 42, 21, 19.841876774005247, ATLAS-ZTF
334.19412, 86.93249, o, 59869.238106, 20.262, 0.638, 28, 18, 20.28210492164445, ATLAS-ZTF
334.19412, 86.93249, o, 59869.366211, -21.845, 2.18, -7, 14, nan, ATLAS-ZTF
334.19412, 86.93249, o, 59869.368992, 20.132, 0.449, 32, 14, 20.137125054200233, ATLAS-ZTF
334.19412, 86.93249, o, 59869.37642, -21.459, 1.446, -10, 14, nan, ATLAS-ZTF
334.19412, 86.93249, o, 59869.501166, 21.171, 1.235, 12, 15, 21.202046884880936, ATLAS-ZTF
334.19412, 86.93249, o, 59869.527678, 19.959, 0.391, 38, 15, 19.950541008457975, ATLAS-ZTF
334.19412, 86.93249, o, 59869.543357, 21.816, 2.542, 7, 17, 21.787254899964356, ATLAS-ZTF
334.19412, 86.93249, o, 59869.545601, -20.123, 0.56, -32, 18, nan, ATLAS-ZTF
334.19412, 86.93249, c, 59871.293946, 21.412, 1.661, 10, 16, 21.4, ATLAS-ZTF
334.19412, 86.93249, c, 59871.297603, 21.165, 1.442, 12, 18, 21.202046884880936, ATLAS-ZTF
334.19412, 86.93249, c, 59871.304431, -22.978, 6.8, -2, 16, nan, ATLAS-ZTF
334.19412, 86.93249, c, 59871.324119, -20.662, 0.801, -20, 16, nan, ATLAS-ZTF
334.19412, 86.93249, c, 59871.350546, 20.337, 0.452, 27, 12, 20.32159058960253, ATLAS-ZTF
334.19412, 86.93249, c, 59871.35372, 21.131, 0.869, 13, 11, 21.115141619232908, ATLAS-ZTF
334.19412, 86.93249, c, 59871.359624, 20.971, 0.828, 15, 12, 20.959771852360795, ATLAS-ZTF
334.19412, 86.93249, c, 59871.370117, 21.223, 0.897, 12, 11, 21.202046884880936, ATLAS-ZTF
334.19412, 86.93249, c, 59871.42014, 23.352, 8.222, 2, 14, 23.147425010840045, ATLAS-ZTF
334.19412, 86.93249, c, 59871.42331, -20.782, 0.823, -18, 14, nan, ATLAS-ZTF
334.19412, 86.93249, c, 59871.430113, -21.457, 1.327, -10, 13, nan, ATLAS-ZTF
334.19480470000002, 86.931470599999997, zg, 59733.450324099998, 19.9201813, 0.114023395, 334.5231980511352, 35.13143485580375, 26.2312469, ATLAS-ZTF
334.18734410000002, 86.9313334, zg, 59735.429606500002, 19.5868416, 0.088274546, 377.0628276132921, 30.656663907099393, 26.0278759, ATLAS-ZTF
334.19497660000002, 86.931430500000005, zg, 59737.327986099997, 19.8790855, 0.110458158, 352.13211888143513, 35.82441577781337, 26.2458496, ATLAS-ZTF
334.1968167, 86.931439999999995, zg, 59757.3486921, 19.4190674, 0.0777738541, 511.19354357178156, 36.6180034343338, 26.1905308, ATLAS-ZTF
334.18771859999998, 86.931099500000002, zg, 59761.3102315, 19.4813595, 0.081500262, 497.37184810989663, 37.33497672338468, 26.2230625, ATLAS-ZTF
334.1963892, 86.931412600000002, zg, 59765.407083300001, 20.0570602, 0.126777232, 307.6100497889741, 35.91843992741858, 26.2770615, ATLAS-ZTF
334.18961899999999, 86.9310835, zg, 59793.279861100003, 19.666832, 0.0938254148, 403.35596141641815, 34.85657034010301, 26.1810532, ATLAS-ZTF
334.1952071, 86.931431900000007, zg, 59798.388425899997, 19.8759537, 0.110191278, 332.6479412864419, 33.76041216437804, 26.1809158, ATLAS-ZTF
334.1958358, 86.931405600000005, zg, 59840.3203125, 19.4776382, 0.0812720582, 517.6058784844245, 38.74504220868232, 26.2626362, ATLAS-ZTF
334.19077909999999, 86.931480100000002, zg, 59840.434213, 19.4937592, 0.0822657868, 504.71786813923575, 38.2422658031769, 26.2513809, ATLAS-ZTF
334.19115040000003, 86.931230900000003, zg, 59847.320324100001, 19.6734619, 0.0943022296, 438.10624107848554, 38.05196433012008, 26.2774105, ATLAS-ZTF
334.19389690000003, 86.931181100000003, zg, 59857.453761600002, 19.6453476, 0.092298016, 415.4588359994431, 35.317995406591756, 26.1916676, ATLAS-ZTF
334.19453240000001, 86.931539999999998, zg, 59870.344884300001, 19.5702229, 0.0871670321, 468.45677040142084, 37.60949129640529, 26.2468967, ATLAS-ZTF
334.19480470000002, 86.931470599999997, zg, 59733.450324099998, 19.9201813, 0.114023395, 334.5231980511352, 35.13143485580375, 26.2312469, ATLAS-ZTF
334.19497660000002, 86.931430500000005, zg, 59737.327986099997, 19.8790855, 0.110458158, 352.13211888143513, 35.82441577781337, 26.2458496, ATLAS-ZTF
334.1968167, 86.931439999999995, zg, 59757.3486921, 19.4190674, 0.0777738541, 511.19354357178156, 36.6180034343338, 26.1905308, ATLAS-ZTF
334.19672539999999, 86.931793499999998, zg, 59763.402800900003, 19.7066231, 0.0967270285, 432.9867434814046, 38.57430644138647, 26.2978096, ATLAS-ZTF
334.1963892, 86.931412600000002, zg, 59765.407083300001, 20.0570602, 0.126777232, 307.6100497889741, 35.91843992741858, 26.2770615, ATLAS-ZTF
334.19556849999998, 86.931609600000002, zg, 59768.4304051, 19.8406601, 0.107229672, 361.0869891390238, 35.661737389949714, 26.2346897, ATLAS-ZTF
334.1952071, 86.931431900000007, zg, 59798.388425899997, 19.8759537, 0.110191278, 332.6479412864419, 33.76041216437804, 26.1809158, ATLAS-ZTF
334.2002311, 86.9317061, zg, 59829.387384299996, 20.1212521, 0.133247793, 258.43356585507814, 31.716453901415765, 26.1521244, ATLAS-ZTF
334.1958358, 86.931405600000005, zg, 59840.3203125, 19.4776382, 0.0812720582, 517.6058784844245, 38.74504220868232, 26.2626362, ATLAS-ZTF
334.19453240000001, 86.931539999999998, zg, 59870.344884300001, 19.5702229, 0.0871670321, 468.45677040142084, 37.60949129640529, 26.2468967, ATLAS-ZTF
334.1706969, 86.930453999999997, zr, 59707.411435200003, 16.9275341, 0.0165291913, 5053.167334029156, 76.92915569089438, 26.1864433, ATLAS-ZTF
334.17139709999998, 86.930447700000002, zr, 59707.451088000002, 16.8230286, 0.0158600137, 5489.958733614181, 80.19518953681057, 26.1719513, ATLAS-ZTF
334.16727939999998, 86.930332100000001, zr, 59709.416400499998, 17.1931038, 0.018577598, 3426.5626759961465, 58.63054362329353, 26.0302505, ATLAS-ZTF
334.16696030000003, 86.930368000000001, zr, 59731.432962999999, 17.306427, 0.0196272265, 3544.19688875793, 64.06966516488576, 26.1802216, ATLAS-ZTF
334.17718789999998, 86.930607800000004, zr, 59733.348564799999, 17.6135712, 0.0231193863, 2694.431828264947, 57.37453538315946, 26.1897392, ATLAS-ZTF
334.17247730000003, 86.930503999999999, zr, 59737.452627300001, 17.3543091, 0.0201064758, 3463.479648067408, 64.13930881412698, 26.2030907, ATLAS-ZTF
334.16961149999997, 86.930418099999997, zr, 59739.457002299998, 17.2871284, 0.0194402505, 3647.189425319573, 65.30340955606108, 26.1920242, ATLAS-ZTF
334.16846939999999, 86.930349199999995, zr, 59742.384074100002, 17.1567383, 0.0182645395, 4005.5758500390393, 67.38284862627569, 26.1634007, ATLAS-ZTF
334.17506700000001, 86.930523600000001, zr, 59748.346678200003, 17.4807758, 0.0214834288, 3082.1425422323646, 60.986259431452574, 26.2029076, ATLAS-ZTF
334.1718133, 86.930484300000003, zr, 59750.370000000003, 17.2767639, 0.0193412527, 3663.300287114962, 65.25785569143564, 26.1864452, ATLAS-ZTF
334.1663145, 86.930418000000003, zr, 59752.386851900003, 17.2764435, 0.0193382036, 3158.6466123891205, 56.25910881772476, 26.0251961, ATLAS-ZTF
334.1748321, 86.930676599999998, zr, 59755.370138899998, 17.5324574, 0.0220957324, 2940.0814366278096, 59.83336686502737, 26.2033558, ATLAS-ZTF
334.16782599999999, 86.930388899999997, zr, 59763.351574100001, 17.1882572, 0.0185352284, 4065.522416289831, 69.40487589988666, 26.2110481, ATLAS-ZTF
334.16869910000003, 86.930365399999999, zr, 59772.370347199998, 17.1846504, 0.0185038373, 3875.432348251995, 66.04769125773682, 26.1554508, ATLAS-ZTF
334.17175559999998, 86.930485200000007, zr, 59774.302673600003, 17.5181923, 0.0219237115, 2721.51442139485, 54.9541378064683, 26.1052189, ATLAS-ZTF
334.17113649999999, 86.930435900000006, zr, 59774.3785995, 17.4754143, 0.0214216057, 2876.5518061974913, 56.75444762543651, 26.1225948, ATLAS-ZTF
334.17239289999998, 86.9304688, zr, 59776.392754599998, 17.4136639, 0.020731993, 3145.108555492747, 60.05544281471335, 26.157753, ATLAS-ZTF
334.16819199999998, 86.930376499999994, zr, 59789.344490700001, 17.1309891, 0.0180495065, 2717.525074528744, 45.17670708747017, 25.716423, ATLAS-ZTF
334.17619500000001, 86.930624300000005, zr, 59793.227500000001, 17.4601784, 0.021247657, 2894.999946249143, 56.65461426389784, 26.1142998, ATLAS-ZTF
334.17367130000002, 86.930471100000005, zr, 59798.349803199999, 17.7456055, 0.024962455, 2244.8567872595295, 51.612110094361306, 26.1235771, ATLAS-ZTF
334.1714399, 86.930456100000001, zr, 59801.346539400001, 17.2735786, 0.0193110276, 3578.6698959531323, 63.650629710220706, 26.1578827, ATLAS-ZTF
334.16986379999997, 86.930431600000006, zr, 59803.390381899997, 17.2586555, 0.0191706661, 3562.749435982377, 62.90688247832428, 26.1381187, ATLAS-ZTF
334.1705341, 86.930404499999995, zr, 59806.363472199999, 17.1330929, 0.0180668738, 4025.93538204865, 66.99239295481652, 26.1452599, ATLAS-ZTF
334.17123720000001, 86.930429899999993, zr, 59810.289907400002, 17.133831, 0.0180729758, 3643.2703550865676, 60.64524391079437, 26.0375595, ATLAS-ZTF
334.17310600000002, 86.930530700000006, zr, 59812.322326399997, 17.3454857, 0.0200164914, 3207.918159350854, 59.140761786473355, 26.1110439, ATLAS-ZTF
334.17236050000002, 86.930434099999999, zr, 59814.254386599998, 17.2757034, 0.019331187, 3491.9064482867047, 62.17228111442942, 26.1333599, ATLAS-ZTF
334.16909980000003, 86.930352299999996, zr, 59816.316064799998, 17.1001701, 0.0177991707, 3967.21337994175, 65.03707608114414, 26.096384, ATLAS-ZTF
334.1779191, 86.930592099999998, zr, 59824.304814800002, 17.5684929, 0.0225408114, 2629.0373739073802, 54.58106246166774, 26.1179848, ATLAS-ZTF
334.17094930000002, 86.930461800000003, zr, 59826.283240700002, 17.033102, 0.0172798838, 4318.503540622179, 68.7305434274099, 26.1214352, ATLAS-ZTF
334.17920090000001, 86.9306883, zr, 59829.446169000003, 17.767498, 0.025290722, 2224.979018758858, 51.82780639777843, 26.1358128, ATLAS-ZTF
334.1683511, 86.930341499999997, zr, 59842.399641199998, 17.2386742, 0.0189858694, 3946.8316300886017, 69.01679205709497, 26.2292957, ATLAS-ZTF
334.17396289999999, 86.930710500000004, zr, 59844.299085600003, 17.4750824, 0.0214177947, 3150.6552170594514, 62.151456600358905, 26.2210846, ATLAS-ZTF
334.17098579999998, 86.930456800000002, zr, 59847.240925899998, 17.2945385, 0.0195116363, 3662.3995333988732, 65.81654675215293, 26.2039528, ATLAS-ZTF
334.17170750000002, 86.930427600000002, zr, 59857.380868100001, 17.1720238, 0.0183947813, 3891.7516659859903, 65.93491168112116, 26.1473866, ATLAS-ZTF
334.17048149999999, 86.930467500000006, zr, 59861.278946799997, 17.4640083, 0.0212911479, 2997.959212930402, 58.78959614770169, 26.1560726, ATLAS-ZTF
334.168769, 86.930364999999995, zr, 59867.201770799998, 17.1558666, 0.0182571728, 3959.276571136226, 66.57712638248866, 26.1499062, ATLAS-ZTF
334.1729646, 86.930432699999997, zr, 59870.3870255, 17.3633881, 0.0201998651, 3374.8161598465763, 62.78765584812322, 26.1840134, ATLAS-ZTF
334.17032330000001, 86.9305181, zr, 59872.361979200003, 17.2967682, 0.0195332114, 3612.633626205441, 64.99399764157225, 26.191328, ATLAS-ZTF
334.190001, 86.931113100000005, zr, 59707.411435200003, 17.739645, 0.0248742364, 2391.7694810856765, 54.79548275732765, 26.1864433, ATLAS-ZTF
334.18978010000001, 86.931040499999995, zr, 59709.416400499998, 18.3600616, 0.0372318588, 1169.7028821194322, 40.11122808115759, 26.0302505, ATLAS-ZTF
334.19244350000002, 86.931332299999994, zr, 59737.452627300001, 18.2825089, 0.0352792442, 1473.1016637010562, 47.866059082660165, 26.2030907, ATLAS-ZTF
334.191215, 86.931367399999999, zr, 59739.457002299998, 18.3202133, 0.0362115502, 1408.3946283759108, 46.97287661896288, 26.1920242, ATLAS-ZTF
334.19636910000003, 86.931414200000006, zr, 59750.370000000003, 18.3628292, 0.0373040996, 1347.2444401131822, 46.28908989060042, 26.1864452, ATLAS-ZTF
334.19049339999998, 86.931292799999994, zr, 59755.370138899998, 18.3987617, 0.0382583216, 1323.846525671782, 46.64866650502517, 26.2033558, ATLAS-ZTF
334.19275140000002, 86.931382600000006, zr, 59759.349120400002, 18.4043941, 0.0384107046, 1257.5484318659328, 44.48900306069848, 26.1532059, ATLAS-ZTF
334.1987307, 86.931461499999997, zr, 59763.351574100001, 18.5410995, 0.0423538759, 1169.444026884856, 45.61926457791044, 26.2110481, ATLAS-ZTF
334.18887119999999, 86.931205599999998, zr, 59765.367349499997, 18.2765388, 0.0351345129, 1491.1110891590945, 48.2524775058635, 26.2103138, ATLAS-ZTF
334.19498520000002, 86.9313121, zr, 59772.370347199998, 18.7843513, 0.0506617166, 888.0548695085431, 41.437675125068104, 26.1554508, ATLAS-ZTF
334.18808189999999, 86.9311644, zr, 59772.4240278, 18.5854511, 0.0437394157, 1047.9762488856293, 42.21823735162866, 26.1363297, ATLAS-ZTF
334.19133419999997, 86.931272199999995, zr, 59774.3785995, 18.5385647, 0.0422762968, 1080.4683259139672, 42.07117661652794, 26.1225948, ATLAS-ZTF
334.1884675, 86.931230600000006, zr, 59787.3446759, 18.2383766, 0.03422755, 1389.9137138702138, 43.816666450555, 26.0958462, ATLAS-ZTF
334.18582609999999, 86.931083400000006, zr, 59793.227500000001, 18.2794609, 0.0352052487, 1361.24268821878, 44.1386104375828, 26.1142998, ATLAS-ZTF
334.18667349999998, 86.931084400000003, zr, 59798.349803199999, 18.1493034, 0.0322288089, 1547.7808891116513, 45.94406475131224, 26.1235771, ATLAS-ZTF
334.19006439999998, 86.931119300000006, zr, 59803.390381899997, 18.2127972, 0.0336369462, 1479.5464354188475, 45.83749130818778, 26.1381187, ATLAS-ZTF
334.19023019999997, 86.9310945, zr, 59806.363472199999, 18.3929634, 0.0381022505, 1261.5910518803248, 44.27360723225685, 26.1452599, ATLAS-ZTF
334.18815269999999, 86.931132599999998, zr, 59812.322326399997, 18.1307755, 0.0318330154, 1556.3503224692822, 45.63108752000809, 26.1110439, ATLAS-ZTF
334.18655239999998, 86.931126399999997, zr, 59816.316064799998, 18.6168499, 0.0447536036, 981.3267557720508, 40.449888690669574, 26.096384, ATLAS-ZTF
334.19191180000001, 86.931298400000003, zr, 59818.402708299996, 18.1261559, 0.0317353755, 1603.7872627691872, 46.877676900749265, 26.1390228, ATLAS-ZTF
334.19818809999998, 86.931529299999994, zr, 59822.253958300003, 18.4093742, 0.0385460928, 1270.348970596488, 45.10026385267785, 26.1691818, ATLAS-ZTF
334.19220819999998, 86.931209199999998, zr, 59824.304814800002, 18.3788605, 0.0377260372, 1246.3778433014895, 43.30784648755695, 26.1179848, ATLAS-ZTF
334.19113650000003, 86.931360299999994, zr, 59829.446169000003, 18.5989113, 0.0441707447, 1034.5717133222638, 42.08923200933458, 26.1358128, ATLAS-ZTF
334.1946322, 86.931291700000003, zr, 59844.299085600003, 18.462307, 0.0400227793, 1269.1444063705537, 46.78363515317588, 26.2210846, ATLAS-ZTF
334.19575650000002, 86.931405699999999, zr, 59847.240925899998, 18.5345345, 0.0421533734, 1168.8729814138612, 45.38113312126873, 26.2039528, ATLAS-ZTF
334.19005950000002, 86.931268200000005, zr, 59849.181307899999, 18.2723541, 0.0350335352, 1392.7025154436187, 44.93844120155489, 26.132, ATLAS-ZTF
334.19410060000001, 86.931259100000005, zr, 59853.267708300002, 18.3198624, 0.0362027399, 1434.1383191582763, 47.81984456406377, 26.21134, ATLAS-ZTF
334.1962532, 86.931430399999996, zr, 59857.380868100001, 18.4968719, 0.0410253331, 1148.698039893728, 43.404391887673604, 26.1473866, ATLAS-ZTF
334.19159980000001, 86.931376099999994, zr, 59865.319826400002, 18.4606781, 0.039976269, 1221.0773064072814, 44.959461291619434, 26.177536, ATLAS-ZTF
334.18777540000002, 86.931200099999998, zr, 59867.201770799998, 18.2878418, 0.0354092047, 1395.808247048115, 45.52160987639278, 26.1499062, ATLAS-ZTF
334.19412240000003, 86.931437399999993, zr, 59870.3870255, 18.5024548, 0.0411901623, 1182.016230581369, 44.84278977297894, 26.1840134, ATLAS-ZTF
334.18943810000002, 86.931198699999996, zr, 59872.361979200003, 18.2799015, 0.0352159441, 1460.7321904293622, 47.37897008296831, 26.191328, ATLAS-ZTF
334.20453780000003, 86.9341936, zr, 59824.304814800002, 20.5985603, 0.197319865, 161.3503084602658, 29.323532680924558, 26.1179848, ATLAS-ZTF
