MJD,m,dm,uJy,duJy,F,err,chi/N,RA,Dec,x,y,maj,min,phi,apfit,mag5sig,Sky,Obs
59353.533735,-20.733,0.431,-18,8,o,0,2.19,318.75355,21.9101,2475.57,9600.6,1.81,1.63,-68.8,-0.439,19.7,20.66,01a59353o0616o
59353.536957,21.827,1.33,7,9,o,0,1.43,318.75355,21.9101,2457.98,9563.31,1.8,1.64,-65.2,-0.437,19.72,20.66,01a59353o0623o
59353.544814,-20.835,0.604,-17,10,o,0,1.85,318.75355,21.9101,2518.6,9640.04,1.91,1.74,-62.7,-0.437,19.64,20.66,01a59353o0640o
59353.554836,20.69,0.469,19,9,o,0,1.23,318.75355,21.9101,2543.04,9522.75,1.8,1.6,-66.8,-0.426,19.74,20.73,01a59353o0661o
59357.53465,-20.636,0.825,-20,17,o,0,0.91,318.75355,21.9101,2486.41,9608.93,1.94,1.82,-26.5,-0.407,19.18,19.68,01a59357o0431o
59357.540185,20.853,0.897,17,15,o,0,1.11,318.75355,21.9101,2463.2,9563.5,1.86,1.7,-67.9,-0.43,19.25,19.73,01a59357o0443o
59357.547764,-21.271,1.109,-11,12,o,0,1.5,318.75355,21.9101,2521.65,9642.29,1.81,1.64,-65.7,-0.435,19.38,19.92,01a59357o0459o
59357.551462,-20.811,0.704,-17,12,o,0,1.82,318.75355,21.9101,2542.45,9524.58,1.8,1.66,-58.0,-0.43,19.4,20.01,01a59357o0467o
59359.530136,-20.915,2.208,-16,34,o,0,0.89,318.75355,21.9101,10033.11,820.46,1.98,1.5,-52.5,-0.564,18.6,18.93,02a59359o0620o
59359.531965,21.699,2.866,8,22,o,0,1.02,318.75355,21.9101,154.89,813.72,1.92,1.66,-57.8,-0.532,18.58,18.92,02a59359o0624o
59359.535267,21.44,2.754,10,27,o,0,0.75,318.75355,21.9101,10051.97,859.22,1.96,1.48,-57.5,-0.555,18.7,19.01,02a59359o0631o
59359.536185,-21.499,2.485,-9,23,o,0,1.39,318.75355,21.9101,175.27,853.96,1.95,1.68,-61.9,-0.515,18.63,18.95,02a59359o0633o
59359.544158,-22.098,6.49,-5,34,o,0,0.89,318.75355,21.9101,117.84,772.31,2.11,1.66,-53.8,-0.496,18.47,18.79,02a59359o0649o
59359.545093,-19.268,0.572,-71,41,o,0,1.01,318.75355,21.9101,9996.38,782.51,1.86,1.49,-58.4,-0.571,18.16,18.39,02a59359o0651o
59359.5479,-20.17,1.805,-31,56,o,0,0.64,318.75355,21.9101,9975.78,900.54,2.0,1.53,-54.2,-0.56,18.48,18.85,02a59359o0657o
59359.554085,-19.336,0.425,-67,28,o,0,1.04,318.75355,21.9101,98.69,889.54,1.93,1.67,-60.5,-0.511,18.69,19.05,02a59359o0669o
59361.567754,20.85,1.149,17,19,o,0,1.3,318.75355,21.9101,6117.6,2984.68,2.11,2.03,-64.2,-0.402,18.85,19.08,01a59361o0468o
59361.572883,-22.3,5.326,-4,23,o,0,1.46,318.75355,21.9101,6097.54,2946.28,2.09,1.97,-67.1,-0.403,18.62,18.72,01a59361o0479o
59361.577472,21.0,1.233,14,18,o,0,2.06,318.75355,21.9101,6155.94,3025.18,2.02,1.92,-68.8,-0.412,18.67,18.71,01a59361o0488o
59361.587431,21.578,3.103,8,26,o,0,1.26,318.75355,21.9101,6174.81,2907.9,2.11,2.0,-74.1,-0.409,18.59,18.73,01a59361o0509o
59363.563895,20.795,1.153,18,20,o,0,1.19,318.75355,21.9101,7046.13,5439.65,2.31,1.84,39.4,-0.441,18.98,19.56,02a59363o0676o
59363.567388,23.668,14.091,1,18,o,0,1.37,318.75355,21.9101,7069.16,5475.0,2.4,1.88,42.4,-0.43,18.96,19.56,02a59363o0683o
59363.570839,-22.474,3.886,-4,14,o,0,2.07,318.75355,21.9101,7011.2,5399.3,2.31,1.83,42.7,-0.439,18.99,19.56,02a59363o0690o
59363.582412,21.499,1.788,9,16,o,0,1.21,318.75355,21.9101,6993.31,5517.32,2.34,1.83,41.4,-0.437,19.0,19.58,02a59363o0714o
59367.535587,-21.259,1.183,-11,14,o,0,1.43,318.75355,21.9101,7043.62,5437.18,2.27,1.87,44.0,-0.447,19.34,20.21,02a59367o0618o
59367.537443,-21.464,1.697,-9,16,o,0,1.53,318.75355,21.9101,7061.46,5477.92,2.23,1.85,42.2,-0.448,19.37,20.21,02a59367o0622o
59367.543634,23.508,9.231,1,13,o,0,1.02,318.75355,21.9101,7006.19,5398.49,2.31,1.87,43.2,-0.445,19.37,20.25,02a59367o0634o
59367.557472,-21.31,1.363,-11,15,o,0,1.16,318.75355,21.9101,6983.08,5515.24,2.31,1.83,39.3,-0.444,19.39,20.32,02a59367o0661o
59369.544611,20.833,0.582,17,10,o,0,1.13,318.75355,21.9101,8230.8,9304.2,1.83,1.72,86.9,-0.389,19.75,20.67,01a59369o0630o
59369.546925,21.851,1.133,7,8,o,0,1.92,318.75355,21.9101,8211.69,9263.14,1.88,1.76,88.3,-0.387,19.73,20.66,01a59369o0635o
59369.550154,-22.863,2.949,-3,8,o,0,1.79,318.75355,21.9101,8270.01,9340.78,1.87,1.75,-87.4,-0.386,19.71,20.62,01a59369o0642o
59369.560311,-21.038,0.672,-14,9,o,0,0.97,318.75355,21.9101,8290.21,9224.34,1.93,1.79,88.2,-0.387,19.69,20.57,01a59369o0664o
59371.552057,-22.266,3.024,-4,14,o,0,1.64,318.75355,21.9101,4498.54,9520.81,2.14,2.11,45.9,-0.424,19.61,20.97,02a59371o0655o
59371.554355,20.961,0.841,15,13,o,0,1.18,318.75355,21.9101,4517.83,9560.64,2.17,2.15,54.2,-0.419,19.58,20.96,02a59371o0660o
59371.560631,-20.927,0.829,-16,13,o,0,1.08,318.75355,21.9101,4463.58,9478.97,2.53,2.43,53.1,-0.402,19.5,20.96,02a59371o0673o
59371.568169,-22.025,2.0,-6,11,o,0,1.57,318.75355,21.9101,4445.35,9596.58,2.31,2.2,52.5,-0.412,19.53,20.96,02a59371o0689o
59377.519512,21.333,0.59,11,6,c,0,1.62,318.75355,21.9101,7449.59,6858.19,2.27,2.11,-78.1,-0.395,19.98,21.78,01a59377o0588c
59377.521825,-22.363,1.761,-4,7,c,0,1.23,318.75355,21.9101,7430.42,6818.84,2.31,2.13,-80.0,-0.392,19.96,21.78,01a59377o0593c
59377.52459,-21.424,0.686,-10,7,c,0,1.7,318.75355,21.9101,7489.41,6896.8,2.39,2.23,-74.9,-0.386,19.92,21.8,01a59377o0599c
59377.530695,-22.376,1.867,-4,8,c,0,1.24,318.75355,21.9101,7506.02,6781.93,2.31,2.15,-83.2,-0.395,20.0,21.83,01a59377o0611c
59381.509131,21.844,1.475,7,10,c,0,1.5,318.75355,21.9101,7444.63,6856.3,2.62,2.46,-83.5,-0.382,19.48,21.47,01a59381o0555c
59381.518372,-24.284,9.143,-1,6,c,0,1.58,318.75355,21.9101,7428.6,6818.89,2.42,2.27,-82.8,-0.386,19.98,22.02,01a59381o0572c
59381.521173,-23.341,4.375,-2,7,c,0,0.93,318.75355,21.9101,7487.28,6896.06,2.49,2.32,-82.5,-0.383,19.97,22.03,01a59381o0578c
59381.526302,-21.485,0.791,-9,7,c,0,1.61,318.75355,21.9101,7504.99,6779.44,2.43,2.28,-86.7,-0.383,19.89,21.93,01a59381o0589c
59383.495357,23.247,6.0,2,11,o,0,1.07,318.75355,21.9101,3171.17,5631.47,2.06,1.72,38.8,-0.453,19.61,20.75,02a59383o0521o
59383.497249,21.375,1.0,10,10,o,0,2.58,318.75355,21.9101,3188.21,5672.96,2.04,1.73,36.4,-0.453,19.62,20.75,02a59383o0525o
59383.50252,-21.219,1.556,-12,18,o,0,1.69,318.75355,21.9101,3134.04,5594.27,2.09,1.73,37.4,-0.448,18.65,19.65,02a59383o0536o
59383.50905,20.745,1.409,18,26,o,0,1.08,318.75355,21.9101,3110.78,5710.86,2.1,1.74,38.0,-0.446,18.71,19.75,02a59383o0550o
59385.576557,-22.752,2.579,-3,7,c,0,1.87,318.75355,21.9101,2133.68,7221.68,2.13,1.97,-79.1,-0.401,20.0,22.09,01a59385o0486c
59385.606447,23.709,6.6,1,8,c,0,1.5,318.75355,21.9101,2161.58,7253.06,2.19,2.01,-66.9,-0.399,19.91,21.89,01a59385o0548c
59385.610368,-22.709,2.649,-3,8,c,0,1.59,318.75355,21.9101,2102.92,7175.39,2.18,2.05,-66.5,-0.402,19.82,21.53,01a59385o0555c
59385.615781,-20.602,0.502,-21,10,c,0,1.71,318.75355,21.9101,2084.08,7290.64,2.2,2.08,-62.4,-0.398,19.46,20.56,01a59385o0566c
59385.618547,-21.193,1.245,-12,15,c,0,1.15,318.75355,21.9101,2124.8,7233.84,2.23,2.06,-74.2,-0.397,19.13,19.9,01a59385o0572c
59387.492503,-21.087,1.463,-13,20,o,0,1.26,318.75355,21.9101,10436.5,9202.17,2.87,1.97,-52.2,-0.415,19.2,19.76,02a59387o0530o
59387.495703,19.841,0.405,42,17,o,0,1.66,318.75355,21.9101,10459.09,9241.69,3.05,1.95,-50.0,-0.407,19.22,19.75,02a59387o0537o
59387.497989,21.979,3.418,6,20,o,0,1.62,318.75355,21.9101,256.78,9203.42,2.39,1.5,-49.8,-0.537,19.17,19.72,02a59387o0542o
59387.498447,-20.568,0.994,-22,21,o,0,0.82,318.75355,21.9101,10396.98,9164.51,2.87,1.98,-49.9,-0.413,19.17,19.73,02a59387o0543o
59387.500274,19.446,0.31,60,19,o,0,0.98,318.75355,21.9101,276.11,9243.01,2.35,1.49,-48.9,-0.526,19.15,19.7,02a59387o0547o
59387.503036,19.873,0.483,41,20,o,0,1.47,318.75355,21.9101,216.29,9162.29,2.26,1.5,-49.3,-0.534,19.15,19.7,02a59387o0553o
59387.503492,21.843,2.705,7,18,o,0,1.6,318.75355,21.9101,10378.07,9281.78,3.06,2.07,-50.3,-0.385,19.12,19.72,02a59387o0554o
59387.52649,-19.959,0.504,-38,19,o,0,1.07,318.75355,21.9101,193.32,9282.9,2.63,1.57,-46.7,-0.517,19.23,19.86,02a59387o0600o
59389.493214,20.708,1.197,19,23,o,0,0.68,318.75355,21.9101,8412.89,3381.7,2.07,1.87,-73.6,-0.418,19.04,19.18,01a59389o0526o
59389.495056,21.347,1.689,10,18,o,0,1.47,318.75355,21.9101,8394.27,3343.35,2.02,1.82,-72.6,-0.431,19.04,19.19,01a59389o0530o
59389.498744,20.303,0.707,28,19,o,0,1.26,318.75355,21.9101,8452.2,3420.21,2.06,1.85,-72.6,-0.419,19.04,19.19,01a59389o0538o
59389.510762,-20.119,0.612,-32,20,o,0,0.9,318.75355,21.9101,8474.64,3304.83,2.05,1.89,-71.5,-0.413,18.88,19.05,01a59389o0562o
59391.472895,23.254,12.737,2,23,o,0,1.2,318.75355,21.9101,253.37,9203.32,1.96,1.61,-45.1,-0.581,18.91,19.34,02a59391o0485o
59391.478697,-21.258,2.289,-11,26,o,0,1.46,318.75355,21.9101,269.8,9243.27,2.13,1.63,-44.1,-0.52,18.91,19.36,02a59391o0495o
59391.480985,-20.28,0.935,-28,26,o,0,1.12,318.75355,21.9101,10438.64,9203.48,2.99,1.97,-51.3,-0.384,18.98,19.37,02a59391o0500o
59391.481944,-20.214,0.723,-30,22,o,0,1.8,318.75355,21.9101,213.79,9162.99,2.08,1.63,-46.6,-0.538,18.87,19.31,02a59391o0502o
59391.48286,22.285,6.581,4,29,o,0,0.72,318.75355,21.9101,10457.4,9243.21,3.03,1.96,-51.5,-0.387,18.89,19.33,02a59391o0504o
59391.48608,20.237,0.84,29,24,o,0,1.41,318.75355,21.9101,10395.93,9164.3,2.96,1.94,-52.1,-0.399,18.99,19.39,02a59391o0511o
59391.492049,22.182,4.162,5,20,o,0,1.52,318.75355,21.9101,10384.79,9283.01,2.71,2.01,-50.8,-0.415,18.95,19.39,02a59391o0522o
59391.49308,-22.415,5.054,-4,20,o,0,1.89,318.75355,21.9101,200.95,9280.7,2.24,1.52,-49.7,-0.551,18.96,19.39,02a59391o0524o
59393.523952,-20.226,0.507,-30,15,o,0,1.03,318.75355,21.9101,9611.73,5330.11,2.03,1.93,86.5,-0.439,19.44,19.99,01a59393o0586o
59393.528677,25.081,38.0,0,13,o,0,1.12,318.75355,21.9101,9592.0,5290.74,2.08,1.92,-85.4,-0.435,19.4,20.0,01a59393o0596o
59393.535187,20.753,0.981,18,18,o,0,0.96,318.75355,21.9101,9651.6,5367.87,2.05,1.95,-79.0,-0.435,19.43,20.01,01a59393o0610o
59393.548365,21.283,1.089,11,12,o,0,0.66,318.75355,21.9101,862.65,5354.95,1.77,1.66,-80.8,-0.437,19.43,20.02,01a59393o0635o
59397.510924,-20.912,0.613,-16,10,o,0,1.85,318.75355,21.9101,9609.39,5330.25,2.14,2.08,-82.7,-0.427,19.67,20.76,01a59397o0562o
59397.513314,21.65,1.085,8,9,o,0,2.12,318.75355,21.9101,9588.65,5289.88,2.07,1.93,87.3,-0.432,19.72,20.76,01a59397o0567o
59397.516077,-21.339,0.926,-11,10,o,0,1.35,318.75355,21.9101,9647.97,5367.85,2.11,1.97,84.6,-0.42,19.71,20.76,01a59397o0573o
59397.521144,26.398,118.0,0,12,o,0,1.3,318.75355,21.9101,9666.91,5250.4,2.27,2.15,9.9,-0.413,19.65,20.75,01a59397o0584o
59401.487688,21.791,1.221,7,8,o,0,1.56,318.75355,21.9101,8314.27,1432.51,2.02,1.88,-54.0,-0.415,19.76,20.88,01a59401o0518o
59401.48999,-21.59,1.131,-8,10,o,0,1.25,318.75355,21.9101,8294.06,1392.88,2.01,1.84,-70.9,-0.428,19.73,20.84,01a59401o0523o
59401.518891,20.47,0.438,24,10,o,0,2.12,318.75355,21.9101,8352.55,1470.02,2.18,1.93,-21.5,-0.392,19.33,20.48,01a59401o0577o
59401.522115,20.827,0.749,17,13,o,0,1.49,318.75355,21.9101,8371.62,1351.45,2.05,1.9,-39.2,-0.413,19.65,20.76,01a59401o0584o
59403.483098,21.026,0.563,14,8,c,0,1.78,318.75355,21.9101,6986.04,3511.49,2.42,2.37,-87.6,-0.393,19.74,21.72,02a59403o0503c
59403.485383,21.278,0.652,11,7,c,0,1.94,318.75355,21.9101,7005.31,3549.53,2.42,2.35,65.3,-0.391,19.71,21.72,02a59403o0508c
59403.488127,-21.049,0.604,-14,8,c,0,1.39,318.75355,21.9101,6947.33,3471.09,2.4,2.35,73.6,-0.394,19.71,21.73,02a59403o0514c
59403.493681,-21.715,1.051,-8,8,c,0,1.69,318.75355,21.9101,6928.42,3590.1,2.42,2.38,79.3,-0.39,19.74,21.72,02a59403o0526c
59405.44315,21.268,0.821,11,9,o,0,1.44,318.75355,21.9101,8319.36,1438.26,2.07,1.81,-69.1,-0.427,19.8,21.01,01a59405o0419o
59405.461103,21.491,0.881,9,8,o,0,1.29,318.75355,21.9101,8298.81,1394.92,2.05,1.79,-70.6,-0.424,19.87,21.08,01a59405o0452o
59405.46634,21.957,1.589,6,10,o,0,0.84,318.75355,21.9101,8357.19,1472.56,2.09,1.87,-66.4,-0.414,19.84,21.07,01a59405o0463o
59405.469563,-21.614,0.99,-8,8,o,0,1.54,318.75355,21.9101,8376.98,1355.65,2.08,1.84,-65.6,-0.424,19.84,21.05,01a59405o0470o
59407.460214,16.914,0.63,623,392,c,0,1.14,318.75355,21.9101,6984.93,3508.61,2.4,2.32,45.1,-0.389,15.94,17.51,02a59407o0452c
59407.475012,17.338,0.702,421,296,c,0,1.38,318.75355,21.9101,6928.64,3587.43,2.41,2.33,44.7,-0.397,15.99,17.5,02a59407o0481c
59409.447413,20.616,0.662,21,14,o,0,1.34,318.75355,21.9101,9713.44,7277.34,2.44,1.96,-89.8,-0.402,19.01,20.47,01a59409o0436o
59409.465452,-22.353,2.905,-4,12,o,0,1.75,318.75355,21.9101,9697.81,7237.9,2.33,1.96,7.5,-0.396,19.53,20.98,01a59409o0470o
59409.467296,26.461,159.0,0,15,o,0,1.48,318.75355,21.9101,9755.38,7316.53,2.04,1.97,87.8,-0.416,19.41,20.87,01a59409o0474o
59409.472802,21.329,1.126,11,12,o,0,1.3,318.75355,21.9101,9773.12,7199.35,2.22,2.08,66.9,-0.408,19.56,20.95,01a59409o0485o
59413.435209,-22.476,2.395,-4,9,o,0,1.71,318.75355,21.9101,9712.85,7277.48,2.23,1.88,-88.8,-0.412,19.7,20.81,01a59413o0411o
59413.455381,20.876,0.557,16,9,o,0,1.81,318.75355,21.9101,9695.0,7237.42,2.26,1.96,87.0,-0.408,19.75,21.05,01a59413o0449o
59413.457684,-21.647,1.118,-8,9,o,0,1.4,318.75355,21.9101,9753.95,7315.78,2.19,1.86,84.8,-0.413,19.8,21.07,01a59413o0454o
59413.460639,21.438,0.962,10,9,o,0,1.84,318.75355,21.9101,9772.34,7198.88,2.2,1.94,82.6,-0.41,19.75,21.02,01a59413o0460o
59415.437436,-21.099,1.016,-13,13,o,0,2.17,318.75355,21.9101,5113.84,5547.89,2.2,1.94,39.2,-0.434,19.23,19.97,02a59415o0406o
59415.439729,22.194,3.087,5,15,o,0,1.16,318.75355,21.9101,5132.97,5586.3,2.25,1.88,38.3,-0.428,19.23,19.97,02a59415o0411o
59415.442473,-21.097,0.957,-13,13,o,0,2.28,318.75355,21.9101,5075.35,5509.2,2.27,2.0,39.9,-0.435,19.2,19.98,02a59415o0417o
59415.447519,-21.756,1.859,-7,13,o,0,1.46,318.75355,21.9101,5056.41,5625.41,2.2,1.85,42.3,-0.437,19.25,19.99,02a59415o0428o
59417.511392,-21.121,10.279,-13,133,o,0,1.38,318.75355,21.9101,6404.0,7478.46,2.04,2.02,-63.1,-0.415,16.38,16.38,01a59417o0580o
59417.53996,18.514,0.787,143,112,o,0,1.54,318.75355,21.9101,6428.6,7511.45,2.33,2.24,-74.6,-0.398,16.9,17.03,01a59417o0638o
59417.543102,21.22,10.71,12,126,o,0,1.3,318.75355,21.9101,6370.45,7434.37,2.29,2.2,-73.9,-0.402,16.73,16.72,01a59417o0644o
59417.548781,19.024,0.826,89,74,o,0,0.76,318.75355,21.9101,6353.3,7551.25,3.64,3.56,-87.8,-0.376,17.54,18.05,01a59417o0655o
59419.482244,-20.779,1.466,-18,26,o,0,1.36,318.75355,21.9101,6306.65,9388.06,2.11,2.03,68.0,-0.467,18.6,18.86,02a59419o0519o
59419.516348,-20.104,0.914,-33,30,o,0,1.04,318.75355,21.9101,6282.39,9354.6,2.17,2.08,-77.8,-0.448,18.62,18.88,02a59419o0590o
59419.519563,-20.68,1.092,-19,21,o,0,1.78,318.75355,21.9101,6341.4,9433.36,2.16,2.05,-81.1,-0.455,18.63,18.88,02a59419o0597o
59421.427493,21.477,1.605,9,15,o,0,0.94,318.75355,21.9101,4161.23,3093.48,2.02,1.99,66.3,-0.398,19.08,19.53,01a59421o0006o
59421.429335,-20.595,0.757,-21,16,o,0,1.03,318.75355,21.9101,4140.7,3054.36,1.98,1.96,29.1,-0.399,19.1,19.53,01a59421o0010o
59421.432566,-21.226,1.489,-12,18,o,0,0.94,318.75355,21.9101,4199.74,3132.36,2.12,2.08,72.9,-0.399,19.02,19.47,01a59421o0017o
59421.437655,-21.029,1.146,-14,16,o,0,2.18,318.75355,21.9101,4218.8,3016.17,2.11,2.08,53.4,-0.398,19.03,19.51,01a59421o0028o
59425.482519,-21.795,1.615,-7,11,o,0,1.26,318.75355,21.9101,5008.14,3618.18,1.89,1.84,-21.1,-0.409,19.64,20.51,01a59425o0526o
59425.504545,25.952,53.0,0,8,o,0,2.11,318.75355,21.9101,5031.86,3652.63,1.96,1.88,-19.7,-0.402,19.59,20.49,01a59425o0572o
59425.508374,-20.611,0.389,-21,8,o,0,4.69,318.75355,21.9101,4974.1,3576.19,1.97,1.94,-30.9,-0.406,19.56,20.48,01a59425o0580o
59425.517283,22.149,2.323,5,12,o,0,1.59,318.75355,21.9101,4957.21,3689.98,2.04,1.94,-21.0,-0.402,19.55,20.45,01a59425o0598o
59429.400029,-21.686,0.787,-8,6,c,0,1.27,318.75355,21.9101,5524.11,6954.23,2.18,2.06,-79.2,-0.39,19.97,21.93,01a59429o0358c
59429.401871,-22.443,1.723,-4,7,c,0,1.66,318.75355,21.9101,5504.78,6915.16,2.2,2.04,-78.9,-0.389,19.95,21.9,01a59429o0362c
59429.4047,-22.11,1.344,-5,7,c,0,1.18,318.75355,21.9101,5562.97,6991.5,2.19,2.04,-76.2,-0.39,19.98,21.86,01a59429o0368c
59429.410307,23.878,7.385,1,8,c,0,1.01,318.75355,21.9101,5579.56,6871.81,2.19,1.96,-81.6,-0.398,20.01,21.88,01a59429o0380c
59431.390874,20.738,0.631,18,12,o,0,1.91,318.75355,21.9101,8367.81,7369.41,2.36,2.22,-66.6,-0.434,19.53,20.86,02a59431o0339o
59431.394073,22.606,3.28,3,11,o,0,1.27,318.75355,21.9101,8387.68,7407.63,2.38,2.22,-69.8,-0.435,19.53,20.84,02a59431o0346o
59431.397274,-20.726,0.679,-19,13,o,0,1.3,318.75355,21.9101,8328.81,7331.62,2.42,2.3,-77.7,-0.438,19.44,20.83,02a59431o0353o
59431.43254,-21.79,1.463,-7,10,o,0,1.43,318.75355,21.9101,2277.69,3113.91,2.06,2.01,-25.8,-0.451,19.6,21.0,02a59431o0425o
59433.382102,23.395,4.571,2,7,c,0,1.44,318.75355,21.9101,234.37,3330.32,2.4,2.27,66.8,-0.375,19.7,21.86,01a59433o0324c
59433.384866,-21.242,0.783,-12,9,c,0,1.07,318.75355,21.9101,214.28,3292.44,2.36,2.21,75.0,-0.382,19.7,21.86,01a59433o0330c
59433.387634,-23.823,8.429,-1,9,c,0,1.43,318.75355,21.9101,10377.88,3309.51,2.85,2.59,-80.3,-0.357,19.7,21.85,01a59433o0336c
59433.389935,-21.118,0.671,-13,9,c,0,1.23,318.75355,21.9101,10358.44,3270.03,2.89,2.68,-81.5,-0.347,19.67,21.86,01a59433o0341c
59433.39278,-21.325,0.818,-11,9,c,0,1.3,318.75355,21.9101,10418.23,3348.24,2.99,2.6,-80.8,-0.35,19.77,21.93,01a59433o0347c
59433.394162,-21.152,0.608,-13,8,c,0,1.27,318.75355,21.9101,274.57,3370.1,2.47,2.3,77.6,-0.372,19.84,21.81,01a59433o0350c
59433.397938,-21.738,1.0,-7,7,c,0,1.92,318.75355,21.9101,10435.65,3227.35,2.85,2.48,-75.4,-0.354,19.88,21.83,01a59433o0358c
59433.427158,-22.292,1.391,-4,6,c,0,2.14,318.75355,21.9101,292.2,3254.88,2.38,2.25,73.5,-0.38,19.84,21.78,01a59433o0418c
59435.388894,-20.845,0.641,-17,11,o,0,2.16,318.75355,21.9101,8446.88,9321.98,2.59,2.02,-55.8,-0.431,19.67,21.08,02a59435o0338o
59435.391842,-20.921,0.704,-16,11,o,0,1.81,318.75355,21.9101,8467.44,9357.06,2.69,2.03,-55.7,-0.426,19.66,21.1,02a59435o0344o
59435.39461,21.434,1.056,10,10,o,0,2.57,318.75355,21.9101,8407.78,9280.37,2.77,2.0,-56.2,-0.426,19.65,21.1,02a59435o0350o
59435.39978,21.302,1.075,11,12,o,0,1.56,318.75355,21.9101,8389.99,9401.99,2.72,2.05,-57.4,-0.422,19.65,21.09,02a59435o0361o
59437.38245,-21.983,1.243,-6,7,c,0,1.01,318.75355,21.9101,240.11,3338.18,2.1,2.08,-70.3,-0.395,19.99,21.82,01a59437o0206c
59437.383374,23.208,4.278,2,8,c,0,1.17,318.75355,21.9101,10383.91,3314.37,2.35,2.22,-70.9,-0.422,19.97,21.8,01a59437o0208c
59437.384295,24.671,12.667,0,6,c,0,1.26,318.75355,21.9101,220.08,3299.39,2.16,2.09,-58.1,-0.391,19.97,21.8,01a59437o0210c
59437.470651,-20.654,0.411,-20,8,c,0,1.24,318.75355,21.9101,10273.65,7165.97,2.4,2.22,40.6,-0.407,19.93,21.67,01a59437o0240c
59437.471112,-21.476,0.77,-9,7,c,0,1.17,318.75355,21.9101,188.5,7336.24,2.2,2.03,-53.4,-0.407,19.92,21.72,01a59437o0241c
59437.478125,-21.283,0.625,-11,7,c,0,1.97,318.75355,21.9101,10258.42,7279.47,2.37,2.13,46.9,-0.394,19.95,21.69,01a59437o0255c
59437.485948,-21.64,0.961,-8,8,c,0,1.35,318.75355,21.9101,132.14,7250.77,2.15,1.94,-51.4,-0.409,19.97,21.77,01a59437o0271c
59437.489048,-21.099,0.585,-13,8,c,0,1.23,318.75355,21.9101,114.02,7368.7,2.2,1.95,-47.3,-0.41,19.99,21.76,01a59437o0277c
59439.365845,21.697,2.409,8,18,o,0,1.05,318.75355,21.9101,8446.24,9321.93,3.98,3.72,-47.3,-0.385,19.08,21.18,02a59439o0283o
59439.369094,21.595,1.521,8,13,o,0,1.23,318.75355,21.9101,8465.23,9362.87,2.88,2.54,-57.6,-0.401,19.48,21.18,02a59439o0290o
59439.374644,-21.705,2.409,-8,18,o,0,1.18,318.75355,21.9101,8404.12,9285.67,3.82,3.65,-55.1,-0.406,18.99,21.09,02a59439o0302o
59441.467738,20.514,0.352,23,8,c,0,0.95,318.75355,21.9101,6119.25,1076.81,2.38,2.35,65.9,-0.421,19.93,22.0,01a59441o0507c
59441.471024,23.463,5.286,2,8,c,0,1.02,318.75355,21.9101,6139.82,1115.08,2.41,2.37,68.9,-0.418,19.9,22.0,01a59441o0514c
59441.502506,21.65,0.773,8,6,c,0,2.6,318.75355,21.9101,6087.68,1033.23,2.39,2.36,66.2,-0.415,19.87,21.91,01a59441o0577c
59441.510395,21.056,0.608,14,8,c,0,1.14,318.75355,21.9101,6070.61,1150.73,2.49,2.46,-15.9,-0.412,19.83,21.91,01a59441o0592c
59443.387908,19.932,0.379,39,15,o,0,1.37,318.75355,21.9101,6476.15,9427.87,2.16,1.96,-60.5,-0.454,19.39,20.21,02a59443o0344o
59443.391131,20.276,0.506,28,14,o,0,1.22,318.75355,21.9101,6495.69,9471.02,2.16,1.91,-55.6,-0.456,19.41,20.22,02a59443o0351o
59443.394204,22.416,3.703,4,14,o,0,1.66,318.75355,21.9101,6437.63,9392.84,2.11,1.95,-60.1,-0.458,19.39,20.25,02a59443o0357o
59443.418652,20.041,0.331,35,12,o,0,1.5,318.75355,21.9101,4173.96,1061.22,1.94,1.82,-67.4,-0.484,19.4,20.32,02a59443o0408o
59445.351891,19.885,0.39,40,16,o,0,0.79,318.75355,21.9101,4405.97,9487.91,2.01,1.89,-54.9,-0.416,19.35,19.93,01a59445o0246o
59445.35505,20.282,0.369,28,10,o,0,2.07,318.75355,21.9101,4385.42,9449.28,1.96,1.88,-48.8,-0.415,19.37,19.92,01a59445o0252o
59445.357947,19.787,0.33,44,15,o,0,1.08,318.75355,21.9101,4441.99,9525.76,1.97,1.86,-54.0,-0.421,19.37,19.93,01a59445o0258o
59445.365787,20.492,0.557,23,13,o,0,1.03,318.75355,21.9101,4462.22,9407.29,1.89,1.82,-61.7,-0.424,19.4,19.95,01a59445o0275o
59447.402456,19.629,0.417,51,21,o,0,0.99,318.75355,21.9101,4118.4,1142.92,1.95,1.81,-57.0,-0.488,18.89,19.16,02a59447o0276o
59447.435007,19.004,0.211,91,19,o,0,1.24,318.75355,21.9101,4091.32,1105.97,1.95,1.81,-54.9,-0.489,18.85,19.15,02a59447o0345o
59447.437831,19.457,0.34,60,20,o,0,1.39,318.75355,21.9101,4153.89,1183.92,1.91,1.84,-55.6,-0.491,18.85,19.14,02a59447o0351o
59447.443773,19.806,0.437,43,19,o,0,1.26,318.75355,21.9101,4175.01,1068.9,1.98,1.83,-53.1,-0.481,18.83,19.14,02a59447o0364o
59449.437376,19.463,0.354,60,21,o,0,1.52,318.75355,21.9101,9967.02,783.38,2.02,1.74,-66.2,-0.498,18.92,19.38,01a59449o0339o
59449.441539,19.573,0.363,54,20,o,0,1.78,318.75355,21.9101,9987.88,822.31,2.05,1.75,-55.0,-0.487,18.99,19.31,01a59449o0348o
59449.444803,19.242,0.339,73,25,o,0,1.12,318.75355,21.9101,90.08,859.21,1.71,1.67,40.0,-0.509,18.98,19.11,01a59449o0355o
59449.451896,19.535,0.385,56,21,o,0,2.04,318.75355,21.9101,9930.19,743.92,2.02,1.79,-54.9,-0.493,18.98,19.13,01a59449o0370o
59449.454657,19.841,0.539,42,23,o,0,1.33,318.75355,21.9101,111.74,896.91,1.82,1.76,45.3,-0.485,18.94,19.18,01a59449o0376o
59449.457423,19.04,0.231,88,20,o,0,1.18,318.75355,21.9101,9912.14,863.49,2.02,1.8,-54.2,-0.475,18.95,19.07,01a59449o0382o
59449.457883,19.492,0.466,58,27,o,0,1.53,318.75355,21.9101,52.74,817.32,1.78,1.75,48.4,-0.494,18.98,19.1,01a59449o0383o
59449.46589,-21.656,3.657,-8,29,o,0,1.0,318.75355,21.9101,36.97,933.25,1.85,1.81,20.5,-0.481,18.93,19.18,01a59449o0400o
59451.417959,19.995,0.487,36,18,o,0,0.72,318.75355,21.9101,1591.34,5239.36,2.03,2.01,-54.0,-0.455,19.16,19.8,02a59451o0400o
59451.42163,19.501,0.283,58,16,o,0,1.11,318.75355,21.9101,1572.37,5200.96,1.96,1.91,-38.4,-0.463,19.22,19.8,02a59451o0408o
59451.42972,20.048,0.41,35,14,o,0,1.35,318.75355,21.9101,1630.89,5280.08,2.06,2.03,-6.2,-0.443,19.15,19.79,02a59451o0424o
59451.444869,19.205,0.202,76,15,o,0,1.82,318.75355,21.9101,1648.13,5160.51,2.11,2.07,85.8,-0.451,19.13,19.76,02a59451o0455o
59453.417565,19.123,0.153,82,12,o,0,1.6,318.75355,21.9101,9961.07,784.62,2.09,1.88,-60.3,-0.483,19.64,20.53,01a59453o0413o
59453.420791,19.234,0.183,74,14,o,0,1.36,318.75355,21.9101,9981.46,823.29,2.03,1.73,-59.3,-0.494,19.65,20.52,01a59453o0420o
59453.42766,19.156,0.171,79,14,o,0,1.32,318.75355,21.9101,9923.24,746.27,2.08,1.87,-55.9,-0.484,19.66,20.54,01a59453o0434o
59453.460806,19.104,0.161,83,13,o,0,1.92,318.75355,21.9101,9912.03,859.43,2.23,1.92,-54.2,-0.489,19.5,20.43,01a59453o0498o
59453.464956,19.356,0.259,66,17,o,0,0.91,318.75355,21.9101,93.91,850.84,1.8,1.75,29.7,-0.49,19.62,20.43,01a59453o0507o
59453.50117,19.142,0.202,80,16,o,0,1.4,318.75355,21.9101,121.02,886.07,1.94,1.91,10.3,-0.483,19.51,20.3,01a59453o0580o
59453.51347,19.675,0.391,49,19,o,0,1.6,318.75355,21.9101,62.22,804.09,1.93,1.89,-16.2,-0.498,19.47,20.24,01a59453o0601o
59453.516593,21.789,1.975,7,14,o,0,2.99,318.75355,21.9101,45.72,921.66,1.96,1.94,7.6,-0.487,19.47,20.21,01a59453o0606o
59457.422384,19.656,0.171,50,8,o,0,1.58,318.75355,21.9101,7016.58,5419.69,2.09,1.93,-63.4,-0.426,19.75,21.2,01a59457o0406o
59457.427015,19.545,0.138,55,8,o,0,5.47,318.75355,21.9101,7036.13,5456.88,1.95,1.88,-32.1,-0.409,19.74,21.1,01a59457o0415o
59457.432476,19.635,0.163,51,8,o,0,2.08,318.75355,21.9101,6978.14,5380.59,1.98,1.85,-56.7,-0.431,19.78,21.12,01a59457o0426o
59457.460624,19.384,0.137,64,9,o,0,1.53,318.75355,21.9101,6967.35,5493.27,2.17,2.05,55.0,-0.394,19.66,20.99,01a59457o0484o
59461.413453,19.568,0.166,54,9,o,0,1.78,318.75355,21.9101,7017.28,5421.87,2.08,2.0,-53.6,-0.418,19.74,20.96,01a59461o0424o
59461.416676,20.068,0.27,34,9,o,0,3.25,318.75355,21.9101,7037.45,5460.79,2.04,1.94,-53.2,-0.428,19.72,20.93,01a59461o0431o
59461.424257,20.247,0.332,29,10,o,0,3.88,318.75355,21.9101,6978.89,5383.17,2.01,1.85,-44.4,-0.442,19.5,20.72,01a59461o0446o
59461.45564,19.708,0.204,48,10,o,0,2.95,318.75355,21.9101,6965.92,5494.8,2.12,1.97,-55.5,-0.426,19.7,20.93,01a59461o0509o
59465.414217,19.761,0.208,45,9,o,0,1.29,318.75355,21.9101,4505.27,9519.35,1.97,1.8,-51.9,-0.422,19.79,20.96,01a59465o0432o
59465.41715,19.737,0.197,46,9,o,0,3.54,318.75355,21.9101,4525.39,9559.0,1.95,1.72,-49.2,-0.452,19.42,20.53,01a59465o0438o
59465.423179,19.803,0.377,44,16,o,0,1.33,318.75355,21.9101,4463.85,9480.59,2.1,1.91,-33.8,-0.444,19.05,20.39,01a59465o0451o
59465.456461,20.003,0.27,36,10,o,0,2.13,318.75355,21.9101,4450.31,9594.18,2.11,1.9,-52.1,-0.421,19.68,20.8,01a59465o0521o
59467.410926,20.871,0.474,16,8,c,0,1.34,318.75355,21.9101,6116.6,3001.57,2.33,2.28,67.6,-0.4,19.75,21.69,02a59467o0412c
59467.41413,-22.003,1.298,-6,8,c,0,1.14,318.75355,21.9101,6100.06,2963.19,2.36,2.28,68.8,-0.399,19.78,21.68,02a59467o0419c
59467.423534,20.847,0.485,17,8,c,0,1.33,318.75355,21.9101,6160.94,3041.51,2.4,2.3,61.9,-0.4,19.71,21.69,02a59467o0438c
59467.459562,24.945,20.333,0,8,c,0,1.71,318.75355,21.9101,6181.59,2925.07,2.39,2.3,62.8,-0.4,19.69,21.59,02a59467o0510c
59469.359012,20.233,0.42,29,12,o,0,1.15,318.75355,21.9101,4505.71,9529.31,2.7,2.66,-69.2,-0.466,19.46,21.2,01a59469o0218o
59469.364092,21.351,0.984,10,10,o,0,1.5,318.75355,21.9101,4527.27,9567.31,2.73,2.67,-57.3,-0.469,19.46,21.19,01a59469o0229o
59469.367785,20.787,0.731,18,13,o,0,1.11,318.75355,21.9101,4466.97,9490.36,2.7,2.66,-54.4,-0.471,19.47,21.18,01a59469o0237o
59469.379061,20.389,0.426,25,11,o,0,1.9,318.75355,21.9101,4452.0,9605.71,2.72,2.69,-47.8,-0.464,19.44,21.11,01a59469o0260o
59475.359187,21.592,3.055,8,26,o,0,1.07,318.75355,21.9101,8218.66,9321.95,2.58,2.48,-87.2,-0.416,18.71,19.33,02a59475o0326o
59475.364464,-21.558,3.016,-9,26,o,0,0.98,318.75355,21.9101,8199.21,9284.48,2.45,2.34,-78.7,-0.43,18.72,19.13,02a59475o0337o
59475.368133,-20.238,0.957,-29,28,o,0,1.09,318.75355,21.9101,8257.81,9364.33,2.6,2.46,-66.2,-0.427,18.6,19.07,02a59475o0345o
59475.379156,20.59,1.674,21,35,o,0,0.58,318.75355,21.9101,8277.58,9248.66,2.59,2.46,-62.5,-0.424,18.62,19.12,02a59475o0369o
59479.35224,-22.545,7.179,-4,25,o,0,0.84,318.75355,21.9101,8221.39,9320.99,2.35,2.15,-60.7,-0.445,18.94,19.46,02a59479o0313o
59479.355511,20.62,1.098,20,22,o,0,1.24,318.75355,21.9101,8202.45,9280.94,2.25,2.14,-66.1,-0.448,18.98,19.46,02a59479o0320o
59479.361023,22.997,8.316,2,19,o,0,1.51,318.75355,21.9101,8261.22,9360.78,2.31,2.14,-56.9,-0.441,18.96,19.45,02a59479o0332o
59479.374104,21.326,2.267,11,24,o,0,0.72,318.75355,21.9101,8278.2,9246.89,2.31,2.08,-57.2,-0.451,18.96,19.44,02a59479o0359o
59481.43011,-21.033,1.423,-14,20,o,0,0.97,318.75355,21.9101,10454.06,9055.69,3.08,2.91,78.1,-0.364,18.9,20.0,01a59481o0500o
59481.431034,21.649,2.455,8,20,o,0,1.38,318.75355,21.9101,279.85,9299.01,2.94,2.51,-49.6,-0.503,18.99,20.04,01a59481o0502o
59481.435201,-21.428,2.038,-10,20,o,0,1.15,318.75355,21.9101,300.23,9337.36,2.97,2.53,-49.6,-0.503,18.95,20.03,01a59481o0511o
59481.436582,21.071,1.328,14,18,o,0,1.69,318.75355,21.9101,10474.71,9095.18,3.12,2.94,67.3,-0.355,18.92,19.97,01a59481o0514o
59481.439812,20.819,1.071,17,18,o,0,1.9,318.75355,21.9101,10410.82,9019.08,3.12,2.95,84.3,-0.365,18.85,19.94,01a59481o0521o
59481.441199,20.455,0.96,24,23,o,0,1.31,318.75355,21.9101,237.91,9259.04,3.05,2.61,-47.8,-0.488,18.91,20.0,01a59481o0524o
59481.449738,-23.457,13.714,-2,21,o,0,1.46,318.75355,21.9101,10392.43,9137.23,3.19,3.04,77.0,-0.363,18.8,19.89,01a59481o0542o
59481.461805,23.093,11.818,2,25,o,0,0.87,318.75355,21.9101,217.9,9373.24,3.05,2.52,-47.7,-0.504,18.86,19.88,01a59481o0568o
59485.323832,-21.589,1.455,-8,12,o,0,1.6,318.75355,21.9101,10440.52,9059.86,3.03,2.91,-89.0,-0.365,19.41,21.07,01a59485o0270o
59485.325214,20.86,0.71,16,12,o,0,1.61,318.75355,21.9101,260.34,9315.52,2.84,2.38,-46.8,-0.511,19.5,21.11,01a59485o0273o
59485.327056,23.309,6.111,2,10,o,0,3.01,318.75355,21.9101,10463.86,9098.25,3.08,2.9,-87.0,-0.361,19.43,21.08,01a59485o0277o
59485.335387,22.93,5.385,2,13,o,0,1.28,318.75355,21.9101,10403.29,9019.27,3.03,2.86,80.7,-0.37,19.42,21.07,01a59485o0294o
59485.340452,20.432,0.557,24,14,o,0,1.66,318.75355,21.9101,286.21,9352.9,2.86,2.35,-47.5,-0.515,19.44,21.09,01a59485o0304o
59485.343231,-24.295,19.0,-1,13,o,0,1.42,318.75355,21.9101,225.63,9274.22,2.95,2.48,-47.0,-0.49,19.42,21.09,01a59485o0310o
59485.346337,-21.495,1.4,-9,13,o,0,1.64,318.75355,21.9101,10388.64,9135.41,3.07,2.88,40.2,-0.384,19.22,21.15,01a59485o0316o
59485.349596,-21.462,1.415,-9,13,o,0,1.41,318.75355,21.9101,208.95,9390.16,2.93,2.51,-49.0,-0.502,19.43,21.08,01a59485o0323o
59487.356206,21.452,0.987,10,9,o,0,1.75,318.75355,21.9101,7442.61,6878.34,2.47,2.02,41.2,-0.439,19.64,20.95,02a59487o0350o
59487.35941,21.078,0.818,14,11,o,0,1.91,318.75355,21.9101,7425.74,6839.15,2.58,2.17,41.6,-0.422,19.53,20.95,02a59487o0357o
59487.374745,23.81,12.333,1,13,o,0,0.99,318.75355,21.9101,7480.94,6917.3,2.42,2.0,41.4,-0.442,19.6,20.86,02a59487o0390o
59487.387419,20.702,0.561,19,11,o,0,1.58,318.75355,21.9101,7501.9,6802.79,2.46,1.97,41.0,-0.441,19.58,20.83,02a59487o0417o
59489.423461,19.369,0.45,65,29,o,0,0.98,318.75355,21.9101,8847.83,3284.95,2.88,2.73,-57.9,-0.461,18.5,19.93,01a59489o0323o
59491.329273,22.059,1.849,6,10,o,0,2.27,318.75355,21.9101,8421.43,3403.44,2.11,1.98,39.8,-0.424,19.61,20.94,02a59491o0293o
59491.334806,20.537,0.522,22,12,o,0,0.99,318.75355,21.9101,8402.89,3363.18,2.05,1.93,38.4,-0.43,19.63,20.9,02a59491o0305o
59491.342648,20.725,0.551,19,10,o,0,1.99,318.75355,21.9101,8459.33,3438.42,2.18,1.97,43.5,-0.418,19.56,20.87,02a59491o0322o
59491.346319,20.597,0.514,21,11,o,0,1.17,318.75355,21.9101,8479.17,3324.33,2.11,1.95,41.6,-0.424,19.59,20.85,02a59491o0330o
59493.306138,20.541,0.634,22,14,o,0,1.67,318.75355,21.9101,8819.57,3294.9,2.83,2.54,-62.2,-0.485,19.34,20.77,01a59493o0241o
59493.309488,-22.5,3.81,-4,14,o,0,1.38,318.75355,21.9101,8840.16,3333.2,2.79,2.45,-64.1,-0.502,19.3,20.72,01a59493o0248o
59493.314997,22.743,5.533,3,16,o,0,1.5,318.75355,21.9101,8781.63,3255.95,2.78,2.45,-63.1,-0.504,19.19,20.53,01a59493o0259o
59493.325219,21.774,2.677,7,19,o,0,0.96,318.75355,21.9101,8764.75,3372.09,2.77,2.49,-64.1,-0.498,19.01,20.41,01a59493o0281o
59497.31513,22.507,3.947,4,14,o,0,1.21,318.75355,21.9101,6899.91,3458.93,2.93,2.76,-58.1,-0.462,19.23,20.73,01a59497o0272o
59497.318355,-23.351,8.333,-2,14,o,0,1.2,318.75355,21.9101,6920.61,3497.61,2.89,2.72,-57.8,-0.464,19.25,20.67,01a59497o0279o
59497.323467,-21.917,2.176,-6,14,o,0,1.08,318.75355,21.9101,6862.89,3421.31,2.89,2.72,-57.5,-0.459,19.27,20.65,01a59497o0290o
59497.336884,20.997,1.0,14,14,o,0,1.45,318.75355,21.9101,6849.74,3535.28,2.94,2.8,-51.1,-0.452,19.2,20.63,01a59497o0319o
59501.264887,20.385,0.709,26,18,o,0,1.09,318.75355,21.9101,6887.53,3471.39,2.67,2.52,-57.7,-0.49,19.15,20.18,01a59501o0165o
59501.268207,-21.574,1.698,-8,14,o,0,1.88,318.75355,21.9101,6908.27,3509.79,2.68,2.52,-51.5,-0.488,19.14,20.17,01a59501o0172o
59501.28451,20.632,0.756,20,15,o,0,1.45,318.75355,21.9101,6851.59,3432.58,2.7,2.57,-59.8,-0.483,19.12,20.18,01a59501o0203o
59501.290269,22.873,4.875,3,13,o,0,2.37,318.75355,21.9101,6837.54,3550.82,2.68,2.53,-59.4,-0.488,19.12,20.14,01a59501o0215o
59505.31712,19.692,0.615,48,30,o,0,0.96,318.75355,21.9101,5084.67,5549.3,2.68,2.48,-48.9,-0.5,18.71,19.42,01a59505o0287o
59505.324314,-20.69,1.458,-19,28,o,0,1.13,318.75355,21.9101,5106.87,5588.52,2.69,2.49,-48.8,-0.497,18.75,19.49,01a59505o0302o
59505.33265,-20.617,1.538,-21,32,o,0,1.17,318.75355,21.9101,5049.59,5513.69,2.76,2.56,-51.3,-0.493,18.66,19.42,01a59505o0320o
59505.342002,-21.358,2.933,-10,30,o,0,1.27,318.75355,21.9101,5035.51,5631.72,2.76,2.62,-49.7,-0.483,18.65,19.37,01a59505o0340o
59507.367471,20.943,1.37,15,21,o,0,1.38,318.75355,21.9101,8328.27,1463.96,2.0,1.84,-54.1,-0.455,18.61,18.96,02a59507o0397o
59507.372061,-20.905,1.455,-16,23,o,0,1.18,318.75355,21.9101,8309.96,1424.88,1.99,1.85,-59.2,-0.454,18.64,18.92,02a59507o0407o
59507.379447,-21.327,2.436,-11,26,o,0,0.95,318.75355,21.9101,8369.11,1501.42,2.04,1.85,-54.4,-0.453,18.55,18.85,02a59507o0423o
59507.391429,20.667,1.323,20,26,o,0,1.06,318.75355,21.9101,8389.71,1381.84,2.04,1.82,-53.5,-0.465,18.5,18.8,02a59507o0449o
59509.286118,-22.362,4.333,-4,18,o,0,1.57,318.75355,21.9101,5077.73,5553.18,2.7,2.64,-31.0,-0.47,18.95,19.89,01a59509o0219o
59509.289343,-22.378,4.917,-4,20,o,0,1.33,318.75355,21.9101,5098.49,5592.13,2.66,2.6,-48.7,-0.48,18.95,19.81,01a59509o0226o
59509.295893,21.837,4.121,7,28,o,0,0.78,318.75355,21.9101,5040.17,5517.45,2.75,2.61,-33.2,-0.483,18.76,19.68,01a59509o0240o
59509.305978,23.261,12.273,2,22,o,0,0.98,318.75355,21.9101,5026.47,5635.04,2.67,2.55,-52.5,-0.482,18.97,19.78,01a59509o0261o
59511.281683,22.908,5.481,2,14,o,0,1.21,318.75355,21.9101,8331.65,1458.43,2.05,1.78,-54.5,-0.456,19.37,20.22,02a59511o0209o
59511.284891,-21.629,1.549,-8,12,o,0,1.1,318.75355,21.9101,8311.79,1419.74,2.12,1.85,-57.1,-0.451,19.31,20.17,02a59511o0216o
59511.294449,-21.949,2.22,-6,13,o,0,1.87,318.75355,21.9101,8369.61,1499.28,2.16,1.88,-55.9,-0.451,19.27,20.1,02a59511o0236o
59511.318782,20.646,0.887,20,18,o,0,1.2,318.75355,21.9101,8392.62,1383.0,2.13,1.82,-52.6,-0.456,19.21,19.96,02a59511o0288o
59513.274796,20.534,0.642,22,14,o,0,1.31,318.75355,21.9101,4139.25,1205.33,3.04,2.93,-70.6,-0.444,19.25,20.98,01a59513o0204o
59513.278559,22.944,5.417,2,13,o,0,1.49,318.75355,21.9101,4159.36,1244.74,3.01,2.92,-56.8,-0.442,19.32,20.86,01a59513o0212o
59513.284121,20.857,0.868,16,14,o,0,1.5,318.75355,21.9101,4101.31,1167.49,3.16,3.06,-51.0,-0.423,19.23,20.86,01a59513o0224o
59513.298479,21.693,1.833,8,14,o,0,1.11,318.75355,21.9101,4089.52,1286.65,2.85,2.7,-53.5,-0.469,19.32,20.81,01a59513o0255o
59515.306155,23.633,9.25,1,12,c,0,1.19,318.75355,21.9101,9706.79,7306.17,2.69,2.67,57.6,-0.4,19.68,21.46,02a59515o0270c
59515.309367,21.714,1.298,8,10,c,0,1.74,318.75355,21.9101,9687.58,7267.54,2.69,2.64,-51.5,-0.406,19.68,21.47,02a59515o0277c
59515.315856,21.853,1.488,7,10,c,0,1.46,318.75355,21.9101,9749.0,7345.12,2.7,2.66,-47.2,-0.402,19.65,21.44,02a59515o0291c
59515.325955,-20.344,0.344,-26,9,c,0,1.22,318.75355,21.9101,9769.05,7228.08,2.72,2.65,-37.8,-0.401,19.66,21.44,02a59515o0313c
59517.270605,20.428,0.546,24,13,o,0,1.52,318.75355,21.9101,4138.97,1207.26,2.69,2.58,-48.0,-0.489,19.34,20.75,01a59517o0200o
59517.2743,21.456,1.556,10,15,o,0,1.56,318.75355,21.9101,4159.57,1245.53,2.67,2.56,-52.9,-0.493,19.09,20.5,01a59517o0208o
59517.281747,20.368,0.637,26,16,o,0,1.65,318.75355,21.9101,4101.01,1168.12,2.7,2.57,-50.0,-0.492,18.98,20.36,01a59517o0224o
59517.294393,21.569,1.556,9,13,o,0,1.71,318.75355,21.9101,4089.68,1286.42,2.79,2.69,-53.9,-0.478,19.31,20.79,01a59517o0251o
59519.297315,-21.424,0.969,-10,10,c,0,1.52,318.75355,21.9101,9708.4,7307.77,2.59,2.58,-80.4,-0.409,19.71,21.5,02a59519o0246c
59519.302835,20.931,0.556,15,9,c,0,2.65,318.75355,21.9101,9690.12,7266.48,2.63,2.61,48.6,-0.41,19.71,21.49,02a59519o0258c
59519.306501,-20.37,0.365,-26,9,c,0,1.11,318.75355,21.9101,9749.14,7345.54,2.63,2.61,70.4,-0.405,19.71,21.48,02a59519o0266c
59519.321183,22.406,2.654,4,10,c,0,1.26,318.75355,21.9101,9768.63,7229.99,2.58,2.58,61.6,-0.412,19.69,21.43,02a59519o0298c
59521.309256,-22.09,2.724,-5,14,o,0,1.18,318.75355,21.9101,8393.75,7305.37,2.83,2.76,83.2,-0.447,19.26,20.65,01a59521o0285o
59521.31299,24.245,20.0,1,15,o,0,0.99,318.75355,21.9101,8415.24,7344.11,2.82,2.74,77.8,-0.448,19.26,20.63,01a59521o0293o
59521.319459,-20.847,0.914,-17,15,o,0,1.17,318.75355,21.9101,8355.18,7270.18,2.82,2.69,57.3,-0.446,19.29,20.64,01a59521o0307o
59521.334998,21.888,2.118,6,14,o,0,1.66,318.75355,21.9101,8341.14,7390.48,2.93,2.76,48.9,-0.429,19.23,20.58,01a59521o0340o
59523.297635,21.407,1.118,10,11,c,0,1.07,318.75355,21.9101,4167.73,3099.27,2.98,2.93,77.3,-0.382,19.4,21.44,02a59523o0258c
59523.301299,-22.566,3.176,-3,11,c,0,0.9,318.75355,21.9101,4148.36,3061.3,3.06,2.97,77.6,-0.372,19.35,21.41,02a59523o0266c
59523.307271,-20.927,0.85,-16,13,c,0,1.05,318.75355,21.9101,4206.11,3138.18,3.46,3.39,69.3,-0.367,19.2,21.38,02a59523o0279c
59523.318775,-20.202,0.439,-30,13,c,0,1.18,318.75355,21.9101,4227.06,3021.39,3.3,3.26,-60.0,-0.394,19.24,21.31,02a59523o0304c
59525.206834,-23.578,10.286,-1,14,o,0,1.62,318.75355,21.9101,8374.68,7294.19,2.95,2.84,-64.0,-0.441,19.25,20.71,01a59525o0061o
59525.212842,-23.094,7.545,-2,16,o,0,1.04,318.75355,21.9101,8397.95,7333.31,2.93,2.85,-48.9,-0.437,19.27,20.73,01a59525o0074o
59525.216069,-21.166,1.238,-12,15,o,0,1.02,318.75355,21.9101,8336.47,7259.08,3.02,2.88,-61.9,-0.424,19.28,20.75,01a59525o0081o
59525.233761,-22.059,2.833,-6,15,o,0,1.35,318.75355,21.9101,8321.97,7374.76,2.81,2.74,35.7,-0.449,19.1,20.82,01a59525o0118o
59527.229897,21.227,4.0,12,47,o,0,0.83,318.75355,21.9101,4170.36,3095.31,2.04,1.92,45.5,-0.447,17.88,18.5,02a59527o0110o
59527.233556,21.867,8.762,6,57,o,0,1.17,318.75355,21.9101,4150.54,3056.68,2.0,1.88,44.0,-0.45,17.78,18.64,02a59527o0118o
59527.243709,23.483,8.692,2,13,o,0,1.01,318.75355,21.9101,4210.03,3135.02,2.04,1.94,45.1,-0.455,19.36,20.4,02a59527o0140o
59527.249826,-21.47,1.903,-9,18,o,0,1.28,318.75355,21.9101,4227.5,3016.98,2.11,1.98,42.8,-0.445,18.92,19.83,02a59527o0153o
59529.281164,-21.416,1.596,-10,16,o,0,1.7,318.75355,21.9101,8521.0,9244.88,2.9,2.8,73.2,-0.447,19.11,20.4,01a59529o0197o
59529.284386,20.121,0.488,32,16,o,0,1.73,318.75355,21.9101,8542.1,9285.35,2.94,2.8,64.2,-0.445,19.16,20.39,01a59529o0204o
59529.291317,21.557,1.848,9,16,o,0,1.56,318.75355,21.9101,8481.16,9210.0,2.88,2.79,78.8,-0.45,19.14,20.38,01a59529o0219o
59529.302872,20.566,0.769,22,17,o,0,1.4,318.75355,21.9101,8462.43,9330.21,3.0,2.83,-62.3,-0.452,19.06,20.33,01a59529o0244o
59531.278915,18.866,2.224,103,229,o,0,0.81,318.75355,21.9101,5515.71,6966.2,2.0,1.82,-4.2,-0.509,16.43,16.82,02a59531o0203o
59531.283053,-17.031,1.347,-559,754,o,0,0.94,318.75355,21.9101,5496.56,6927.03,2.15,1.86,10.6,-0.526,15.84,16.14,02a59531o0212o
59535.222151,21.565,2.309,9,20,o,0,1.15,318.75355,21.9101,5528.7,6968.88,2.2,1.89,42.5,-0.444,19.02,19.43,02a59535o0096o
59535.225354,-20.149,0.622,-32,20,o,0,1.17,318.75355,21.9101,5509.31,6929.81,2.25,1.87,42.4,-0.44,18.91,19.34,02a59535o0103o
59535.235296,-21.64,2.183,-8,18,o,0,1.56,318.75355,21.9101,5564.72,7007.26,2.28,1.9,42.5,-0.441,18.84,19.29,02a59535o0124o
59535.243158,17.532,0.429,352,151,o,0,2.21,318.75355,21.9101,5584.89,6889.67,2.32,1.86,44.0,-0.429,16.71,16.56,02a59535o0141o
59537.288118,-20.983,2.012,-15,30,o,0,1.44,318.75355,21.9101,6545.24,9403.85,2.74,2.66,-74.2,-0.498,18.53,19.04,01a59537o0241o
59537.291345,19.56,0.577,54,31,o,0,1.25,318.75355,21.9101,6566.08,9444.35,2.75,2.62,-55.1,-0.509,18.52,19.03,01a59537o0248o
59537.29828,20.953,3.343,15,50,o,0,1.01,318.75355,21.9101,6506.92,9367.49,2.69,2.64,81.0,-0.514,18.1,18.65,01a59537o0263o
59537.309791,-20.381,1.792,-26,46,o,0,1.86,318.75355,21.9101,6487.2,9488.05,2.77,2.64,-58.7,-0.516,18.06,18.7,01a59537o0288o
59539.267077,21.178,1.306,12,16,o,0,1.2,318.75355,21.9101,240.71,3318.72,2.1,1.92,-51.6,-0.426,18.97,19.56,02a59539o0195o
59539.270279,-21.288,1.405,-11,16,o,0,1.6,318.75355,21.9101,222.13,3280.71,2.06,1.84,-52.9,-0.431,18.94,19.53,02a59539o0202o
59539.274398,20.483,0.792,23,18,o,0,2.21,318.75355,21.9101,10392.89,3332.14,2.33,1.86,-50.4,-0.469,18.93,19.48,02a59539o0211o
59539.276242,-20.768,1.0,-18,18,o,0,1.31,318.75355,21.9101,281.78,3357.63,2.07,1.86,-51.8,-0.433,18.92,19.43,02a59539o0215o
59539.277624,-21.772,2.719,-7,19,o,0,1.27,318.75355,21.9101,10372.8,3291.34,2.31,1.84,-49.8,-0.478,19.02,19.55,02a59539o0218o
59539.283164,19.865,0.462,41,19,o,0,1.73,318.75355,21.9101,10432.44,3370.02,2.34,1.85,-51.3,-0.495,19.0,19.53,02a59539o0230o
59539.286841,-21.581,2.367,-8,20,o,0,1.88,318.75355,21.9101,301.63,3239.21,2.09,1.9,-53.0,-0.424,18.66,19.1,02a59539o0238o
59539.293784,20.147,0.62,32,20,o,0,1.42,318.75355,21.9101,10452.94,3253.47,2.3,1.81,-48.4,-0.482,18.97,19.46,02a59539o0253o
59541.197078,-21.704,2.618,-8,20,o,0,1.1,318.75355,21.9101,6528.41,9392.58,2.8,2.61,50.6,-0.467,18.65,19.9,01a59541o0046o
59541.200787,-20.657,0.844,-20,17,o,0,0.91,318.75355,21.9101,6550.34,9430.64,2.75,2.61,52.6,-0.467,19.14,20.49,01a59541o0054o
59541.206878,22.507,3.476,4,12,o,0,1.1,318.75355,21.9101,6491.56,9354.2,2.71,2.66,-82.8,-0.477,19.4,20.81,01a59541o0067o
59541.217124,-20.489,0.509,-23,12,o,0,1.63,318.75355,21.9101,6477.92,9475.16,2.97,2.88,-54.8,-0.456,19.28,20.81,01a59541o0089o
59543.199255,21.892,1.767,6,11,o,0,1.69,318.75355,21.9101,244.3,3323.35,2.28,1.9,-54.2,-0.419,19.4,20.44,02a59543o0050o
59543.202941,-22.004,1.944,-6,11,o,0,1.2,318.75355,21.9101,224.33,3281.7,2.32,1.85,-53.0,-0.428,19.51,20.65,02a59543o0058o
59543.206149,-20.879,0.717,-16,12,o,0,1.63,318.75355,21.9101,10396.98,3329.53,2.3,1.86,-54.5,-0.485,19.58,20.75,02a59543o0065o
59543.208922,21.715,1.581,8,12,o,0,1.07,318.75355,21.9101,285.73,3359.09,2.22,1.82,-54.2,-0.439,19.54,20.74,02a59543o0071o
59543.209378,21.628,1.806,8,15,o,0,0.95,318.75355,21.9101,10378.4,3289.16,2.38,1.85,-56.9,-0.468,19.56,20.78,02a59543o0072o
59543.215803,21.326,1.206,11,13,o,0,1.08,318.75355,21.9101,10436.04,3369.55,2.32,1.84,-57.0,-0.474,19.57,20.79,02a59543o0086o
59543.219512,23.77,9.0,1,10,o,0,2.04,318.75355,21.9101,305.34,3241.22,2.24,1.82,-53.4,-0.444,19.53,20.75,02a59543o0094o
59543.226857,-21.131,0.831,-13,11,o,0,1.73,318.75355,21.9101,10458.78,3255.65,2.36,1.77,-53.5,-0.478,19.58,20.79,02a59543o0110o
59545.256771,20.519,0.86,22,19,o,0,1.3,318.75355,21.9101,8968.07,5245.68,2.75,2.66,-74.8,-0.464,19.02,20.17,01a59545o0176o
59545.260002,21.896,3.071,6,20,o,0,1.08,318.75355,21.9101,8988.97,5284.21,2.81,2.73,-78.9,-0.458,18.89,20.02,01a59545o0183o
59545.267382,-21.095,1.125,-13,15,o,0,1.24,318.75355,21.9101,8928.2,5211.61,2.83,2.71,-71.8,-0.456,19.11,20.32,01a59545o0199o
59545.278914,22.681,5.412,3,17,o,0,1.37,318.75355,21.9101,8913.18,5332.4,2.77,2.69,-80.9,-0.457,19.15,20.36,01a59545o0224o
59551.192558,20.652,1.281,20,26,o,0,0.97,318.75355,21.9101,4394.04,9492.02,2.17,1.97,-59.8,-0.437,18.84,19.2,02a59551o0015o
59551.195761,21.196,1.342,12,16,o,0,1.21,318.75355,21.9101,4376.42,9452.34,2.17,1.95,-63.8,-0.434,19.21,19.99,02a59551o0022o
59551.203174,22.547,3.771,4,13,o,0,2.18,318.75355,21.9101,4434.84,9531.34,2.2,1.87,-54.6,-0.446,19.57,20.7,02a59551o0038o
