atlas-norm,2024mzw,ATLAS2024mzw,200.85071,-14.527785,0.098,0.09903676054921777,60488.82150000008
++++++++++++++++++++++++++++++++++++++++++++++++++++++++++++++++
mu,-434.0,-434.0
hostMass,nan,nan
++++++++++++++++++++++++++++++++++++++++++++++++++++++++++++++++
++++++++++++++++++++++++++++++++++++++++++++++++++++++++++++++++
zp,nan,nan,nan,nan,nan,nan,nan,nan,nan,nan,nan,nan,nan,nan,nan,nan,nan,nan,nan,nan,nan,nan,nan,nan,nan,nan,nan,nan,nan,nan,nan,nan,nan,nan,nan,nan,nan,nan,nan
filter,o,o,o,o,o,o,o,o,o,o,c,c,o,o,c,c,c,c,c,c,c,c,c,c,o,o,o,o,o,o,o,o,o,o,o,o,o,o,o
mjd,60697.307118,60697.310282,60698.613577,60698.615405,60699.250865,60699.264151,60699.292395,60700.056518,60700.059687,60700.065129,60705.323928,60705.347922,60708.044341,60708.05429,60709.294292,60709.30336,60710.305168,60710.306978,60710.31015,60710.322465,60711.293318,60711.318133,60712.572095,60712.618055,60714.58602,60715.283661,60715.285473,60715.288646,60716.513034,60716.525087,60717.027565,60717.039337,60718.296874,60718.305497,60718.509965,60718.518136,60719.255389,60720.107993,60720.13335
flux,31.0,-66.0,-114.0,-332.0,16.0,37.0,-32.0,19.0,20.0,-22.0,27.0,23.0,-43.0,23.0,14.0,12.0,-26.0,-30.0,-10.0,-14.0,-28.0,-18.0,12.0,16.0,-23.0,-23.0,21.0,-16.0,-24.0,29.0,-29.0,30.0,58.0,58.0,32.0,-62.0,-42.0,37.0,35.0
dflux,28.0,28.0,82.0,252.0,16.0,14.0,16.0,16.0,16.0,16.0,9.0,10.0,23.0,19.0,12.0,11.0,12.0,13.0,10.0,11.0,10.0,11.0,10.0,12.0,11.0,16.0,16.0,15.0,20.0,22.0,25.0,26.0,32.0,23.0,31.0,27.0,31.0,20.0,27.0
mag,20.182,-19.343,-18.757,-17.597,20.892,19.987,-20.144,20.679,20.619,-20.546,20.306,20.501,-19.805,20.496,21.059,21.248,-20.366,-20.208,-21.356,-21.037,-20.28,-20.741,21.157,20.865,-20.492,-20.504,20.606,-20.892,-20.464,20.246,-20.26,20.199,19.501,19.485,20.121,-19.428,-19.832,19.99,20.048
dmag,0.901,0.429,0.722,0.759,0.982,0.374,0.491,0.814,0.763,0.713,0.344,0.449,0.54,0.824,0.853,0.921,0.46,0.426,0.911,0.765,0.365,0.583,0.785,0.725,0.492,0.719,0.764,0.918,0.861,0.761,0.865,0.863,0.548,0.389,0.965,0.445,0.734,0.549,0.78
