ATLAS,2024jih,ATLAS2024jih,249.97834000000003,37.18251999999999,0.031099999999999992,nan,ATLAS+ZTF,salt
++++++++++++++++++++++++++++++++++++++++++++++++++++++++++++++++
mu,nan,nan
hostMass,nan,nan
++++++++++++++++++++++++++++++++++++++++++++++++++++++++++++++++
zp,23.9,23.9,23.9,23.9,23.9,23.9,23.9,23.9,23.9,23.9,23.9,23.9,23.9,23.9,23.9,23.9,23.9,23.9,23.9,23.9,23.9,23.9,23.9,23.9,23.9,23.9,23.9,23.9,23.9,23.9,23.9,23.9,23.9,23.9,23.9,23.9,23.9,23.9,23.9,23.9,23.9,23.9,23.9,23.9,23.9,23.9,23.9,23.9,23.9,23.9,23.9,23.9,23.9,23.9,23.9,23.9,23.9,23.9,23.9,23.9
filter,o,o,o,o,o,o,o,o,o,o,o,o,o,o,o,o,o,o,o,o,o,o,o,o,o,o,o,o,o,o,o,o,o,o,o,o,o,o,o,o,o,o,o,o,o,o,o,o,o,o,o,o,o,o,c,c,o,o,o,o
mjd,60363.55575,60365.525526,60365.534197,60365.571052,60370.585107,60400.522392,60401.562549,60408.539477,60417.341096,60430.505138,60435.413958,60450.534799,60451.439322,60452.484605,60452.511997,60453.505369,60454.436022,60455.466886,60458.424882,60458.430304,60460.501523,60475.404311,60475.411701,60475.44731,60477.415724,60479.407497,60479.443082,60481.397851,60481.406565,60481.413798,60482.400899,60484.383784,60484.387016,60484.392563,60485.381629,60485.407574,60486.400869,60489.4049,60497.388936,60506.313281,60507.360888,60507.367256,60507.389229,60509.361506,60509.370151,60510.395569,60511.382721,60512.362071,60513.348059,60513.400277,60515.353304,60515.383654,60521.377993,60525.352127,60530.304631,60531.312608,60533.298991,60534.371249,60545.337051,60545.347723
flux,29.0,90.0,92.0,418.0,83.0,32.0,43.0,49.0,56.0,189.0,968.0,29.0,81.0,32.0,67.0,35.0,35.0,38.0,100.0,214.0,94.0,54.0,46.0,51.0,46.0,25.0,42.0,92.0,72.0,108.0,34.0,55.0,47.0,43.0,68.0,43.0,70.0,47.0,20.0,18.0,30.0,49.0,21.0,38.0,24.0,21.0,46.0,22.0,23.0,45.0,23.0,48.0,61.0,17.0,16.0,40.0,22.0,18.0,112.0,51.0
dflux,28.0,34.0,34.0,370.0,57.0,14.0,14.0,24.0,52.0,101.0,503.0,19.0,42.0,20.0,21.0,24.0,26.0,21.0,26.0,97.0,18.0,23.0,12.0,14.0,18.0,14.0,16.0,24.0,26.0,93.0,31.0,17.0,22.0,21.0,16.0,19.0,16.0,13.0,13.0,16.0,16.0,16.0,14.0,17.0,18.0,19.0,38.0,18.0,18.0,26.0,16.0,19.0,52.0,14.0,11.0,12.0,14.0,16.0,23.0,28.0
mag,20.26,19.017,18.991,17.348,19.102,20.127,19.813,19.684,19.534,18.209,16.435,20.236,19.126,20.155,19.329,20.026,20.051,19.958,18.895,18.074,18.964,19.566,19.736,19.64,19.736,20.407,19.829,18.985,19.25,18.818,20.058,19.548,19.71,19.82,19.313,19.818,19.28,19.713,20.657,20.759,20.188,19.672,20.616,19.957,20.45,20.584,19.738,20.519,20.517,19.777,20.497,19.698,19.439,20.817,20.916,19.897,20.532,20.733,18.776,19.635
dmag,0.995,0.385,0.365,0.886,0.682,0.426,0.325,0.502,0.929,0.536,0.519,0.639,0.523,0.636,0.309,0.689,0.762,0.552,0.255,0.455,0.195,0.418,0.253,0.285,0.387,0.56,0.38,0.262,0.358,0.862,0.888,0.309,0.462,0.483,0.23,0.433,0.228,0.272,0.659,0.871,0.511,0.32,0.696,0.459,0.77,0.897,0.833,0.817,0.784,0.594,0.686,0.4,0.85,0.82,0.713,0.308,0.612,0.844,0.204,0.553
