ATLAS-ZTF,2022dsu,ATLAS-ZTF2022dsu,211.37819918981475,15.720979567901233,0.07,None,0.0706166952638092,2022-02-27 08:54:00.999,salt
++++++++++++++++++++++++++++++++++++++++++++++++++++++++++++++++
mu,37.789604547008494,0.1376894977307294
hostMass,10.258346269556945,0.0036019101922798984
t0,59645.17422002109,0.3409030347065709
x0,0.0002918821972575315,1.2790907016850378e-05
x1,-1.1106731334971365,0.4326856327553907
c,0.2927662571408353,0.03723478883343406
chisquare,1.9695363168476172,0.0
++++++++++++++++++++++++++++++++++++++++++++++++++++++++++++++++
zp,23.9,23.9,23.9,23.9,23.9,23.9,23.9,23.9,23.9,23.9,23.9,23.9,23.9,23.9,23.9,23.9,23.9,23.9,23.9,23.9,23.9,23.9,23.9,23.9,23.9,23.9,23.9,23.9,23.9,26.2077,26.2513,26.1886,26.2378,26.1637,26.1233,26.1049
filter,c,c,c,c,c,c,c,o,o,o,o,c,c,o,o,c,c,c,c,o,o,o,c,c,c,o,o,o,o,ZTF_g,ZTF_g,ZTF_r,ZTF_g,ZTF_r,ZTF_r,ZTF_r
mjd,59636.549305,59636.551131,59636.554803,59640.636317,59640.643381,59640.652907,59640.657806,59642.512391,59642.515192,59642.520667,59642.555431,59643.32796,59643.3713,59646.637148,59646.642892,59648.574736,59648.579887,59648.588628,59648.612806,59650.461405,59650.474827,59650.482548,59651.31236,59651.315186,59651.331153,59651.472443,59654.444558,59663.295849,59666.591555,59637.37084490014,59639.40067130001,59639.45840279991,59641.38453700021,59641.41687500011,59671.48589120014,59675.35094910022
flux,47.0,47.0,48.0,66.0,57.0,82.0,116.0,70.0,91.0,62.0,80.0,147.0,79.0,90.0,70.0,64.0,65.0,68.0,81.0,79.0,79.0,76.0,61.0,68.0,62.0,87.0,127.0,78.0,75.0,393.705922515929,461.168121881534,469.263642668184,581.267430775179,705.358424954695,289.447940430152,199.274707812624
dflux,8.0,9.0,8.0,10.0,12.0,11.0,15.0,12.0,10.0,12.0,10.0,51.0,10.0,17.0,12.0,12.0,12.0,12.0,11.0,14.0,14.0,15.0,8.0,10.0,10.0,15.0,23.0,15.0,15.0,43.5572783389169,39.3947431734605,36.0614617642454,24.7241244128844,26.2072344098799,22.205375640326,22.6668541398525
mag,19.718,19.71,19.693,19.357,19.515,19.117,18.741,19.284,19.005,19.428,19.136,18.479,19.16,19.008,19.279,19.386,19.369,19.312,19.128,19.152,19.152,19.194,19.429,19.316,19.413,19.054,18.641,19.174,19.206,19.71977013017809,19.591651802063417,19.510057731239726,19.326860026218544,19.042675354954817,19.96937384078278,20.356269547459153
dmag,0.172,0.182,0.165,0.153,0.209,0.138,0.131,0.177,0.106,0.187,0.128,0.344,0.121,0.187,0.175,0.18,0.19,0.17,0.131,0.173,0.182,0.194,0.132,0.145,0.158,0.177,0.181,0.193,0.193,0.1201193870063187,0.09274773539450192,0.08343547437723593,0.046181629289396356,0.04033997783079756,0.0832936666855144,0.12349898518377303
