ATLAS,2020aejj,ATLAS2020aejj,75.26626999999999,-38.4486,0.056,None,0.05497684269452702,2020-12-22 09:14:24.000,salt
++++++++++++++++++++++++++++++++++++++++++++++++++++++++++++++++
mu,37.696512751076504,1.1861972295860832
hostMass,nan,nan
t0,59215.6334062461,3.224484490976465
x0,0.0009125450948540741,0.00042971711898880224
x1,1.321109016528903,2.51090558830694
c,0.033550701657612515,0.3352479273614473
chisquare,2.4432407952325104,0.0
++++++++++++++++++++++++++++++++++++++++++++++++++++++++++++++++
zp,23.9,23.9,23.9,23.9,23.9,23.9,23.9,23.9,23.9,23.9,23.9,23.9,23.9
filter,o,o,o,o,o,o,o,o,o,o,o,o,o
mjd,59159.489368,59205.380858,59205.384999,59205.391876,59205.400149,59205.403392,59205.40385,59205.411674,59205.429154,59207.347248,59207.356007,59207.388346,59209.443666
flux,749.0,123.0,131.0,93.0,91.0,84.0,79.0,97.0,87.0,130.0,123.0,122.0,156.0
dflux,287.0,12.0,13.0,15.0,16.0,16.0,12.0,14.0,15.0,25.0,19.0,14.0,25.0
mag,16.714,18.678,18.605,18.981,19.002,19.084,19.152,18.933,19.055,18.613,18.671,18.688,18.419
dmag,0.384,0.1,0.098,0.161,0.175,0.192,0.156,0.149,0.176,0.19,0.152,0.118,0.162
