ATLAS,2019so,ATLAS2019so,190.65175,-40.74633,0.015,None,0.015211664066782956,2019-01-14 14:41:16.000,salt
++++++++++++++++++++++++++++++++++++++++++++++++++++++++++++++++
mu,43.913520446223195,0.3870348594710559
hostMass,nan,nan
t0,58509.29826933959,0.13205668764567235
x0,6.05301619998569,0.8594589900732827
x1,-1.6837489823353669,0.15992780268373197
c,-5.41310860104534,0.11884658099481608
chisquare,6.273957089114575,0.0
++++++++++++++++++++++++++++++++++++++++++++++++++++++++++++++++
zp,23.9,23.9,23.9,23.9,23.9,23.9,23.9,23.9,23.9,23.9,23.9,23.9,23.9,23.9,23.9,23.9,23.9,23.9,23.9,23.9,23.9,23.9,23.9,23.9,23.9,23.9,23.9,23.9,23.9,23.9,23.9,23.9
filter,o,o,o,o,o,o,o,o,o,o,o,o,o,o,o,o,o,o,o,o,o,o,o,o,o,o,o,o,o,o,o,o
mjd,58497.612224,58497.623211,58497.632357,58497.643817,58499.575048,58499.582911,58499.590286,58503.61705,58503.627827,58503.629668,58503.641754,58507.537572,58507.54448,58507.551699,58507.554461,58507.557237,58507.563687,58507.565527,58507.573571,58511.574754,58511.593677,58519.59217,58519.614153,58523.575915,58523.586233,58523.588994,58527.548288,58531.561109,58539.577586,58543.519696,58543.52585,58543.550191
flux,137.0,146.0,119.0,168.0,288.0,242.0,269.0,661.0,570.0,668.0,648.0,877.0,786.0,758.0,718.0,747.0,768.0,766.0,766.0,731.0,768.0,542.0,544.0,364.0,363.0,385.0,216.0,170.0,138.0,76.0,126.0,132.0
dflux,17.0,19.0,16.0,19.0,20.0,19.0,18.0,38.0,57.0,63.0,60.0,43.0,44.0,36.0,40.0,37.0,42.0,35.0,35.0,28.0,25.0,18.0,17.0,20.0,16.0,17.0,18.0,33.0,26.0,17.0,17.0,19.0
mag,18.558,18.49,18.709,18.335,17.753,17.943,17.827,16.85,17.01,16.838,16.87,16.542,16.662,16.701,16.76,16.717,16.687,16.69,16.689,16.74,16.686,17.065,17.061,17.496,17.501,17.436,18.063,18.321,18.55,19.196,18.646,18.594
dmag,0.123,0.127,0.135,0.112,0.071,0.079,0.069,0.057,0.099,0.094,0.092,0.049,0.056,0.048,0.055,0.05,0.055,0.046,0.045,0.038,0.032,0.034,0.031,0.055,0.046,0.045,0.084,0.194,0.191,0.225,0.137,0.146
