ATLAS,2024luo,ATLAS2024luo,10.073999999999996,2.7566300000000004,0.016999999999999998,nan,ATLAS+ZTF,salt
++++++++++++++++++++++++++++++++++++++++++++++++++++++++++++++++
mu,nan,nan
hostMass,nan,nan
++++++++++++++++++++++++++++++++++++++++++++++++++++++++++++++++
zp,23.9,23.9,23.9,23.9,23.9,23.9,23.9,23.9,23.9,23.9,23.9,23.9,23.9,23.9,23.9,23.9,23.9,23.9,23.9,23.9,23.9,23.9,23.9,23.9,23.9,23.9,23.9,23.9,23.9,23.9,23.9,23.9,23.9,23.9,23.9,23.9,23.9,23.9,23.9,23.9,23.9,23.9,23.9,23.9,23.9,23.9,23.9,23.9,23.9,23.9,23.9,23.9,23.9,23.9,23.9,23.9,23.9,23.9,23.9,23.9,23.9
filter,o,o,o,o,o,o,o,o,o,c,c,c,c,o,o,o,o,o,o,o,o,o,o,o,o,o,o,o,o,o,c,c,c,o,o,c,c,c,o,o,o,o,o,o,o,o,o,o,o,o,c,c,c,o,o,o,o,o,c,c,c
mjd,60479.400978,60479.404164,60511.353017,60511.357533,60512.591038,60513.067394,60514.567562,60514.569477,60514.588389,60519.207551,60519.21076,60519.213019,60519.215297,60520.551051,60524.601245,60524.626386,60525.055168,60526.449979,60526.487647,60526.491181,60528.436422,60528.469164,60528.474755,60529.013476,60529.015285,60529.045669,60530.450791,60530.45709,60530.490875,60530.504555,60532.590883,60532.601713,60532.627121,60534.525408,60534.536811,60536.530053,60536.535479,60536.55773,60537.04663,60537.048434,60538.512856,60538.51584,60538.52677,60540.491561,60540.954954,60540.965006,60546.439896,60546.619243,60552.112445,60555.235788,60557.07511,60557.093439,60560.951563,60564.960728,60567.247693,60568.911909,60575.227569,60575.23272,60580.413291,60580.415098,60580.418263
flux,84.0,91.0,139.0,289.0,90.0,69.0,82.0,132.0,62.0,37.0,61.0,40.0,46.0,57.0,48.0,61.0,32.0,32.0,58.0,67.0,16.0,32.0,20.0,38.0,61.0,33.0,33.0,23.0,33.0,30.0,44.0,13.0,67.0,34.0,40.0,26.0,52.0,49.0,55.0,56.0,37.0,18.0,24.0,63.0,65.0,56.0,33.0,34.0,16.0,26.0,46.0,53.0,19.0,37.0,37.0,121.0,37.0,40.0,20.0,44.0,32.0
dflux,22.0,23.0,28.0,70.0,24.0,50.0,30.0,29.0,25.0,13.0,14.0,13.0,14.0,13.0,12.0,21.0,13.0,14.0,14.0,13.0,15.0,16.0,13.0,16.0,16.0,16.0,13.0,12.0,12.0,13.0,11.0,10.0,15.0,12.0,12.0,11.0,12.0,11.0,16.0,15.0,13.0,14.0,11.0,24.0,36.0,34.0,18.0,23.0,16.0,13.0,14.0,18.0,11.0,20.0,18.0,66.0,24.0,22.0,13.0,11.0,12.0
mag,19.087,19.001,18.543,17.747,19.012,19.302,19.113,18.596,19.427,19.973,19.438,19.902,19.736,19.504,19.692,19.429,20.122,20.127,19.487,19.338,20.908,20.135,20.667,19.959,19.437,20.117,20.105,20.511,20.092,20.188,19.794,21.144,19.337,20.056,19.901,20.35,19.599,19.674,19.544,19.535,19.978,20.733,20.428,19.399,19.361,19.533,20.107,20.055,20.862,20.368,19.748,19.588,20.681,19.987,19.983,18.695,19.969,19.909,20.632,19.787,20.132
dmag,0.256,0.254,0.201,0.242,0.266,0.718,0.363,0.216,0.402,0.36,0.229,0.336,0.293,0.231,0.246,0.34,0.4,0.447,0.239,0.198,0.971,0.486,0.643,0.421,0.256,0.492,0.392,0.538,0.37,0.431,0.25,0.833,0.222,0.343,0.306,0.409,0.219,0.226,0.286,0.268,0.339,0.735,0.455,0.374,0.544,0.612,0.563,0.661,0.966,0.496,0.308,0.333,0.556,0.535,0.49,0.543,0.629,0.567,0.619,0.245,0.382
