ATLAS,2022dsu,ATLAS2022dsu,211.37820000000005,15.72098,0.07000000000000002,nan,ATLAS+ZTF,salt
++++++++++++++++++++++++++++++++++++++++++++++++++++++++++++++++
mu,nan,nan
hostMass,nan,nan
++++++++++++++++++++++++++++++++++++++++++++++++++++++++++++++++
zp,23.9,23.9,23.9,23.9,23.9,23.9,23.9,23.9,23.9,23.9,23.9,23.9,23.9,23.9,23.9,23.9,23.9,23.9,23.9,23.9,23.9,23.9,23.9,23.9,23.9,23.9,23.9,23.9,23.9,23.9,23.9,23.9,23.9,23.9,23.9,23.9,23.9,23.9,23.9,23.9,23.9,23.9,23.9,23.9,23.9,23.9,23.9,23.9,23.9,23.9,23.9,23.9,23.9,23.9,23.9,23.9,23.9,23.9,23.9,23.9,23.9,23.9,23.9,23.9,23.9,23.9,23.9,23.9,23.9,23.9,23.9,23.9,23.9,23.9,23.9,23.9,23.9,23.9,23.9,23.9,23.9,23.9,23.9,23.9,23.9,23.9,23.9,23.9,23.9,23.9,23.9,23.9,23.9,23.9,23.9,23.9,23.9,23.9,23.9,23.9,23.9,23.9,23.9,23.9,23.9,23.9,23.9,23.9,23.9,23.9,23.9,23.9,23.9,23.9,23.9,23.9,23.9,23.9,23.9,23.9,23.9,23.9,23.9,23.9,23.9,23.9,23.9,23.9,23.9,23.9,23.9,23.9,23.9,23.9,23.9,23.9,23.9,23.9,23.9,23.9,23.9,23.9,23.9,23.9,23.9,23.9,23.9,23.9,23.9,23.9,23.9,23.9,23.9,23.9,23.9,23.9,23.9,23.9,23.9,23.9,23.9,23.9,23.9,23.9,23.9,23.9,23.9,23.9,23.9,23.9,23.9,23.9,23.9,23.9,23.9,23.9,23.9,23.9
filter,o,c,o,o,o,o,o,o,c,c,o,c,o,o,o,o,o,o,o,o,o,o,o,o,o,o,o,o,o,o,o,o,o,o,o,o,o,o,o,o,o,o,o,o,o,c,o,o,o,o,o,o,o,o,c,o,o,o,o,o,o,o,o,o,o,o,o,o,o,o,o,o,o,o,o,o,o,o,o,o,o,o,o,o,o,o,o,o,o,o,o,o,c,c,c,o,o,o,o,o,o,o,c,c,c,c,c,c,c,c,o,o,o,o,o,o,c,c,o,o,o,o,c,c,c,c,c,c,o,o,c,c,o,o,o,o,o,o,o,o,o,o,o,o,o,o,o,o,c,c,c,o,o,o,o,o,o,o,o,o,o,o,o,o,o,o,o,c,c,o,c,o,c,c,o,o,o,o
mjd,59557.640846,59591.585907,59593.6441,59597.53924,59598.117812,59603.626498,59610.626364,59610.674131,59613.596965,59617.525873,59619.66956,59620.612971,59622.514244,59624.604277,59624.612121,59626.541712,59627.270453,59627.273193,59628.522815,59628.556944,59631.554432,59631.599168,59632.538943,59632.542129,59632.635408,59632.638507,59632.661066,59633.513215,59633.515046,59633.517786,59634.549032,59634.584302,59634.597364,59634.626978,59634.629754,59634.640073,59635.327227,59635.334468,59635.340367,59635.541768,59635.543588,59635.548714,59635.574959,59636.500456,59636.528067,59636.564831,59638.519026,59638.521851,59638.527341,59638.537823,59646.632442,59649.121934,59649.124711,59650.478019,59651.321128,59651.470161,59651.475634,59651.489912,59653.486625,59653.489369,59653.499604,59654.437837,59654.446409,59654.45292,59654.497337,59654.508338,59655.184031,59655.204937,59659.302217,59659.33067,59659.335795,59659.520611,59659.527467,59659.556269,59660.458877,59660.463892,59660.470433,59660.546129,59660.549373,59660.555323,59660.565434,59661.0919,59662.510054,59662.51465,59662.530804,59662.542283,59663.29302,59663.338681,59664.488174,59664.49,59664.494795,59664.530476,59666.516621,59666.548958,59666.557054,59666.601646,59666.604835,59666.610356,59667.234737,59667.240399,59667.265276,59667.530072,59668.457061,59668.538265,59668.544819,59669.516264,59670.431814,59670.433642,59670.437299,59670.442387,59670.446928,59670.44875,59670.454293,59670.464328,59672.438835,59672.4747,59672.956815,59672.973245,59675.212935,59675.214287,59675.217009,59675.226518,59676.516525,59677.448795,59677.476967,59677.489228,59678.411486,59678.437664,59679.204632,59679.21186,59680.376655,59681.417191,59682.414417,59682.417601,59683.401383,59688.503735,59688.509269,59689.502612,59689.531297,59690.45349,59691.202391,59691.211067,59692.374256,59692.402582,59695.15393,59695.356127,59695.362506,59695.368989,59698.422971,59698.446155,59698.624764,59699.426036,59700.938173,59705.355127,59708.342344,59710.472023,59711.12283,59711.136,59711.332282,59711.346119,59716.391371,59716.403602,59716.407296,59716.432653,59717.405215,59719.406808,59720.397442,59722.389368,59725.376671,59727.341508,59729.336489,59730.356548,59730.377239,59730.382728,59731.348575,59734.346077,59735.317434,59736.322764
flux,21.0,12.0,19.0,38.0,47.0,33.0,21.0,90.0,10.0,11.0,44.0,12.0,13.0,13.0,14.0,50.0,38.0,45.0,164.0,626.0,51.0,59.0,66.0,22.0,21.0,31.0,20.0,26.0,28.0,24.0,28.0,27.0,30.0,44.0,46.0,16.0,41.0,46.0,26.0,39.0,60.0,67.0,60.0,59.0,45.0,43.0,28.0,62.0,21.0,36.0,33.0,141.0,397.0,69.0,48.0,69.0,68.0,76.0,56.0,87.0,72.0,87.0,55.0,51.0,73.0,46.0,101.0,168.0,36.0,107.0,65.0,50.0,81.0,35.0,57.0,25.0,69.0,30.0,79.0,54.0,39.0,63.0,50.0,40.0,18.0,32.0,54.0,37.0,44.0,39.0,40.0,36.0,23.0,17.0,36.0,65.0,60.0,28.0,22.0,51.0,18.0,60.0,36.0,40.0,32.0,31.0,22.0,17.0,43.0,35.0,24.0,34.0,40.0,27.0,25.0,14.0,34.0,39.0,34.0,28.0,25.0,42.0,37.0,10.0,28.0,15.0,30.0,28.0,22.0,39.0,26.0,24.0,22.0,28.0,76.0,81.0,28.0,28.0,41.0,38.0,19.0,33.0,30.0,19.0,14.0,20.0,25.0,26.0,18.0,12.0,57.0,35.0,12.0,67.0,14.0,37.0,2657.0,48.0,42.0,53.0,70.0,35.0,38.0,42.0,36.0,21.0,15.0,17.0,10.0,170.0,10.0,19.0,21.0,16.0,16.0,17.0,31.0,25.0
dflux,16.0,10.0,15.0,25.0,46.0,16.0,11.0,61.0,9.0,10.0,27.0,8.0,12.0,13.0,14.0,30.0,37.0,35.0,94.0,319.0,23.0,21.0,21.0,21.0,17.0,14.0,17.0,15.0,15.0,17.0,16.0,16.0,13.0,13.0,15.0,14.0,11.0,13.0,10.0,12.0,15.0,15.0,15.0,14.0,13.0,9.0,16.0,15.0,13.0,13.0,22.0,57.0,128.0,13.0,9.0,17.0,16.0,20.0,24.0,25.0,23.0,18.0,22.0,24.0,71.0,38.0,49.0,89.0,32.0,35.0,44.0,33.0,32.0,33.0,22.0,20.0,24.0,18.0,17.0,20.0,24.0,22.0,16.0,17.0,14.0,15.0,16.0,17.0,14.0,15.0,14.0,14.0,9.0,9.0,10.0,14.0,17.0,16.0,13.0,15.0,10.0,19.0,10.0,10.0,19.0,9.0,11.0,11.0,12.0,10.0,13.0,12.0,12.0,12.0,13.0,12.0,10.0,9.0,12.0,15.0,17.0,12.0,10.0,9.0,9.0,11.0,13.0,14.0,13.0,14.0,20.0,23.0,20.0,21.0,24.0,24.0,25.0,17.0,18.0,12.0,16.0,16.0,16.0,12.0,13.0,13.0,12.0,12.0,10.0,11.0,30.0,29.0,10.0,32.0,13.0,22.0,2419.0,32.0,24.0,22.0,32.0,27.0,36.0,26.0,19.0,14.0,13.0,11.0,7.0,167.0,8.0,16.0,10.0,12.0,14.0,13.0,12.0,15.0
mag,20.589,21.226,20.694,19.949,19.717,20.096,20.598,19.018,21.361,21.286,19.799,21.156,21.122,21.132,21.05,19.647,19.962,19.76,18.364,16.909,19.623,19.467,19.351,20.551,20.593,20.159,20.624,20.371,20.284,20.451,20.289,20.339,20.206,19.794,19.749,20.865,19.869,19.744,20.348,19.923,19.453,19.336,19.449,19.478,19.767,19.825,20.29,19.415,20.577,20.0,20.115,18.53,17.403,19.308,19.703,19.298,19.32,19.202,19.527,19.054,19.253,19.055,19.54,19.635,19.236,19.735,18.887,18.337,20.015,18.828,19.36,19.663,19.132,20.036,19.504,20.399,19.298,20.221,19.16,19.572,19.935,19.396,19.659,19.883,20.742,20.131,19.566,19.98,19.796,19.921,19.891,20.015,20.495,20.796,19.996,19.363,19.46,20.3,20.525,19.628,20.783,19.446,20.006,19.903,20.145,20.169,20.533,20.811,19.827,20.044,20.437,20.063,19.893,20.32,20.406,21.043,20.082,19.934,20.063,20.291,20.396,19.847,19.971,21.419,20.283,20.935,20.197,20.27,20.544,19.92,20.36,20.456,20.57,20.304,19.192,19.132,20.264,20.292,19.879,19.956,20.709,20.099,20.219,20.711,21.06,20.66,20.414,20.358,20.744,21.19,19.516,20.046,21.16,19.34,21.077,19.979,15.339,19.695,19.834,19.585,19.281,20.033,19.956,19.85,20.026,20.576,20.938,20.804,21.417,18.322,21.41,20.714,20.608,20.884,20.866,20.837,20.178,20.403
dmag,0.758,0.868,0.8,0.663,0.975,0.472,0.511,0.678,0.889,0.894,0.617,0.67,0.96,0.984,0.986,0.588,0.983,0.763,0.571,0.509,0.449,0.361,0.323,0.976,0.81,0.463,0.834,0.568,0.549,0.719,0.562,0.587,0.426,0.299,0.331,0.858,0.263,0.287,0.383,0.309,0.244,0.22,0.241,0.233,0.286,0.213,0.588,0.247,0.602,0.347,0.663,0.409,0.323,0.195,0.188,0.242,0.234,0.261,0.436,0.287,0.318,0.206,0.405,0.465,0.969,0.83,0.488,0.528,0.893,0.329,0.669,0.674,0.392,0.951,0.379,0.776,0.35,0.62,0.216,0.364,0.63,0.348,0.315,0.417,0.784,0.477,0.288,0.471,0.31,0.377,0.353,0.404,0.401,0.5,0.275,0.221,0.287,0.589,0.592,0.293,0.581,0.308,0.287,0.25,0.586,0.288,0.507,0.634,0.27,0.296,0.53,0.346,0.3,0.444,0.507,0.872,0.29,0.234,0.355,0.531,0.682,0.289,0.282,0.915,0.31,0.71,0.42,0.481,0.588,0.364,0.773,0.956,0.917,0.775,0.311,0.3,0.879,0.625,0.441,0.312,0.853,0.481,0.532,0.607,0.945,0.644,0.476,0.471,0.543,0.925,0.523,0.827,0.792,0.479,0.975,0.602,0.91,0.664,0.577,0.408,0.46,0.756,0.944,0.631,0.546,0.656,0.841,0.617,0.757,0.983,0.857,0.879,0.496,0.763,0.86,0.78,0.403,0.589
