ZTF,2024sag,ZTF2024sag,83.87009166666665,-17.80099722222222,0.01,nan,ATLAS+ZTF,salt
++++++++++++++++++++++++++++++++++++++++++++++++++++++++++++++++
mu,nan,nan
hostMass,nan,nan
++++++++++++++++++++++++++++++++++++++++++++++++++++++++++++++++
zp,26.2388,25.9204,25.7446,26.2026,26.2364,25.6478,26.2307,26.2822,26.2216,26.2973,26.2397,26.2857,26.2831,26.2745,26.2865,26.2104,25.8459,26.2839,26.2299,26.0187,26.2565,26.2972,26.2694,26.2356,26.2905
filter,ZTF_r,ZTF_r,ZTF_g,ZTF_g,ZTF_r,ZTF_r,ZTF_g,ZTF_r,ZTF_g,ZTF_r,ZTF_r,ZTF_r,ZTF_r,ZTF_r,ZTF_r,ZTF_r,ZTF_g,ZTF_r,ZTF_g,ZTF_r,ZTF_g,ZTF_r,ZTF_r,ZTF_g,ZTF_r
mjd,60564.46585649997,60566.4774536998,60566.486550900154,60571.476967600174,60574.47549769981,60591.50061339978,60594.46090279985,60594.53679399984,60595.424641199876,60595.48228010023,60597.38140049996,60598.42025459977,60600.444629599806,60603.393668999895,60608.41863430012,60610.364618100226,60610.43924769992,60614.44031250011,60614.482152800076,60616.420509300195,60619.41697920021,60619.4323148001,60625.356944399886,60625.397338000126,60627.35817130003
flux,6385.81784310543,3785.60411381353,1211.02301105536,1556.82172541134,2889.63964103872,812.081454951764,779.402886981485,1186.27044137902,791.965727091979,1285.62768992942,1163.05617391087,1173.76513633475,962.855341554671,910.255470623273,794.251574914509,640.103168738611,373.915975182291,587.955687142058,553.533535381903,464.17917301362,442.885184453886,456.077992695559,370.602547890366,503.301234327199,475.513715628359
dflux,55.4430482746004,42.5933647271658,30.7720618710635,84.3744814788921,98.7233949645418,39.373156281128,40.4456194152269,84.2424529383883,32.2230278005433,38.3758734328045,58.4402114373618,55.1401712442251,101.743795356514,78.3368974051719,40.0386305218792,40.7955191340009,37.1861351443419,36.1950163880242,32.6217459311068,34.3688815318335,48.4771342592335,46.0027142719588,43.1305024648316,29.9089689243647,57.1060893948086
mag,16.725758684919896,16.97506201276094,18.036719011507728,18.222002791159845,17.584290783823548,18.373801017839586,19.00129497468201,18.59674072724066,18.97483403105435,18.524511955705808,18.57569827244293,18.61174698557012,18.824197389882503,18.876591755705284,19.036604788353067,19.194775057216404,19.41396494914102,19.36053851114844,19.372040156519972,19.351985873876117,19.640772119098127,19.64960220857476,19.847128998087037,19.481030011277003,19.59759237959347
dmag,0.00942659598080807,0.012216057669127253,0.027588527520556825,0.05884323670732476,0.037093747831924845,0.052641100236223794,0.05634219997968651,0.07710306009704833,0.04417578528114085,0.03240913018727117,0.05455510644684962,0.05100482064364842,0.11472847213984876,0.09343882945644581,0.054732520676829835,0.06919692680642145,0.10797702136590176,0.06683877813204045,0.06398638629084737,0.08039037760775201,0.1188420421720868,0.10951375247705872,0.12635732895557736,0.0645205061967193,0.13038982206070157
