ATLAS,2020abpe,ATLAS2020abpe,24.102330000000002,22.0498,0.04999999999999999,nan,ATLAS+ZTF,salt
++++++++++++++++++++++++++++++++++++++++++++++++++++++++++++++++
mu,nan,nan
hostMass,nan,nan
++++++++++++++++++++++++++++++++++++++++++++++++++++++++++++++++
zp,23.9,23.9,23.9,23.9,23.9,23.9,23.9,23.9,23.9,23.9,23.9,23.9,23.9,23.9,23.9,23.9,23.9,23.9,23.9,23.9,23.9,23.9,23.9,23.9,23.9,23.9,23.9,23.9,23.9,23.9,23.9,23.9,23.9,23.9,23.9,23.9,23.9,23.9,23.9,23.9,23.9,23.9,23.9
filter,o,o,o,o,o,o,o,o,c,o,c,o,o,o,o,o,o,c,o,o,o,c,o,o,o,o,o,o,c,c,o,o,c,c,c,c,c,c,o,o,c,c,c
mjd,59093.463672,59093.468808,59095.45963,59095.464724,59105.488508,59105.502261,59109.450929,59109.461867,59111.455988,59113.562455,59115.539327,59117.44036,59119.415319,59119.423024,59121.446375,59121.452825,59137.464129,59143.368029,59147.418411,59147.425238,59157.420058,59163.398695,59183.410076,59185.417992,59185.434134,59187.410589,59187.420228,59187.431685,59199.359337,59199.362551,59217.315498,59217.326582,59219.300302,59219.303517,59219.319666,59221.249742,59223.235379,59223.23858,59235.302311,59243.2761,59251.265703,59251.268902,59251.284526
flux,25.0,28.0,36.0,70.0,21.0,14.0,14.0,16.0,24.0,68.0,13.0,27.0,27.0,24.0,16.0,29.0,15.0,14.0,16.0,18.0,23.0,10.0,46.0,34.0,72.0,64.0,40.0,58.0,73.0,57.0,37.0,39.0,18.0,23.0,29.0,8.0,16.0,24.0,60.0,32.0,21.0,26.0,16.0
dflux,21.0,18.0,25.0,27.0,11.0,8.0,9.0,10.0,15.0,34.0,10.0,9.0,22.0,23.0,14.0,14.0,10.0,11.0,15.0,12.0,13.0,8.0,45.0,18.0,18.0,18.0,14.0,16.0,34.0,20.0,11.0,12.0,10.0,8.0,11.0,7.0,11.0,11.0,22.0,27.0,12.0,13.0,12.0
mag,20.413,20.262,20.024,19.279,20.585,21.04,21.005,20.876,20.445,19.322,21.124,20.329,20.319,20.464,20.918,20.233,20.984,21.0,20.854,20.738,20.484,21.424,19.744,20.079,19.256,19.383,19.888,19.484,19.241,19.515,19.991,19.924,20.737,20.512,20.254,21.624,20.891,20.467,19.447,20.146,20.581,20.379,20.919
dmag,0.837,0.629,0.696,0.377,0.528,0.561,0.612,0.595,0.638,0.498,0.817,0.331,0.831,0.978,0.901,0.496,0.668,0.74,0.911,0.637,0.552,0.808,0.98,0.528,0.246,0.272,0.353,0.282,0.472,0.345,0.297,0.299,0.56,0.351,0.372,0.885,0.663,0.476,0.356,0.842,0.549,0.513,0.783
