ATLAS-ZTF,2020ust,ATLAS-ZTF2020ust,24.742276549999996,48.880537750000016,0.0746452175272362,1.4343689648949054e-06,0.07327053560547991,2020-10-01 07:40:02.001,salt
++++++++++++++++++++++++++++++++++++++++++++++++++++++++++++++++
mu,38.13122674290962,0.12688807859055656
hostMass,9.713044464381188,0.011633111137429543
t0,59133.912980315275,0.42084921801870223
x0,0.00034105741818227984,1.3458971376569193e-05
x1,1.080797427920308,0.393541560868092
c,0.2339149373459867,0.03461316321041333
chisquare,95.74268663546952,0.0
++++++++++++++++++++++++++++++++++++++++++++++++++++++++++++++++
zp,23.9,23.9,23.9,23.9,23.9,23.9,23.9,23.9,23.9,23.9,23.9,23.9,23.9,23.9,23.9,23.9,23.9,23.9,23.9,23.9,23.9,23.9,23.9,23.9,23.9,23.9,23.9,23.9,23.9,23.9,23.9,23.9,23.9,23.9,23.9,23.9,23.9,23.9,23.9,23.9,23.9,23.9,23.9,23.9,23.9,23.9,23.9,23.9,23.9,23.9,23.9,23.9,23.9,23.9,23.9,23.9,23.9,23.9,23.9,23.9,23.9,23.9,23.9,23.9,23.9,23.9,23.9,23.9,23.9,23.9,23.9,23.9,23.9,23.9,23.9,23.9,23.9,23.9,23.9,23.9,23.9,23.9,23.9,23.9,23.9,23.9,23.9,23.9,23.9,23.9,23.9,23.9,23.9,23.9,23.9,23.9,23.9,23.9
filter,c,c,c,c,c,c,c,c,c,c,c,c,o,o,o,o,o,o,o,o,o,o,o,o,o,o,o,o,o,o,o,o,o,o,o,o,o,o,o,o,o,o,o,o,o,o,o,o,o,o,o,o,o,o,o,o,o,o,o,o,o,o,o,o,o,o,o,o,o,o,o,o,o,o,ZTF_g,ZTF_g,ZTF_g,ZTF_g,ZTF_g,ZTF_g,ZTF_g,ZTF_g,ZTF_g,ZTF_r,ZTF_r,ZTF_r,ZTF_r,ZTF_r,ZTF_r,ZTF_r,ZTF_r,ZTF_r,ZTF_r,ZTF_r,ZTF_r,ZTF_r,ZTF_r,ZTF_r
mjd,59136.464762,59136.468459,59136.474406,59136.521879,59140.441881,59140.445081,59140.450576,59140.460968,59144.43884,59144.442039,59144.449843,59144.4836,59106.484127,59106.508995,59114.467028,59114.482841,59118.45946,59120.499869,59122.488668,59122.491896,59122.497486,59122.532868,59126.429634,59126.432872,59126.436108,59126.447585,59130.46411,59130.467346,59130.472886,59130.483144,59131.6131,59131.616325,59131.626448,59131.636002,59132.471195,59132.476771,59132.480886,59132.491428,59134.478403,59134.481234,59134.487884,59134.498315,59138.446289,59138.449518,59138.455051,59138.490371,59142.329997,59142.341101,59142.346219,59146.441858,59146.445079,59146.450608,59146.462121,59148.412752,59148.415531,59148.421034,59154.428094,59154.448381,59156.44248,59156.44616,59156.451654,59156.463596,59162.395993,59162.399228,59162.406138,59170.378326,59170.41039,59170.415957,59180.36359,59180.366792,59180.376008,59180.37921,59180.395253,59182.326517,59125.41504629981,59129.314641200006,59131.33078699978,59134.26076389989,59136.38834490022,59138.23701390019,59140.28497690009,59142.389895800035,59144.35577550018,59123.31946759997,59125.32291670004,59126.33706020005,59129.25987270009,59134.32559029991,59136.306041699834,59140.257685199846,59144.24491900019,59150.28225689987,59152.21721060015,59158.21959490003,59164.302789399866,59166.33194439998,59168.14071760001,59170.25630789995
flux,102.0,108.0,102.0,90.0,77.0,91.0,88.0,74.0,74.0,65.0,62.0,57.0,14.0,11.0,29.0,-22.0,20.0,25.0,69.0,52.0,-189.0,40.0,65.0,76.0,63.0,65.0,86.0,63.0,94.0,108.0,61.0,103.0,71.0,112.0,97.0,96.0,74.0,100.0,92.0,77.0,83.0,75.0,92.0,48.0,62.0,92.0,101.0,62.0,81.0,74.0,60.0,59.0,60.0,65.0,48.0,36.0,43.0,53.0,29.0,38.0,59.0,80.0,57.0,43.0,85.0,33.0,23.0,32.0,38.0,49.0,67.0,58.0,30.0,46.0,60.38930062135216,70.13099490348411,85.59760236009333,80.47415033525782,80.16714180601721,78.98663275499705,68.8328893481396,58.3266723778465,54.30167173319407,43.583288894485094,67.11147747237996,67.61215836111177,83.82971699415269,98.46965129959295,95.12529136336485,88.72949300634517,70.8592905792056,58.94964580369275,54.86810991883379,46.61353076184753,39.60591034191905,41.85652792684533,34.92258636079993,35.87005148269217
dflux,11.0,12.0,12.0,12.0,13.0,14.0,15.0,14.0,10.0,11.0,10.0,9.0,10.0,10.0,15.0,18.0,12.0,23.0,18.0,19.0,48.0,19.0,20.0,22.0,19.0,22.0,12.0,15.0,15.0,14.0,18.0,19.0,19.0,25.0,17.0,18.0,16.0,15.0,11.0,11.0,11.0,11.0,34.0,31.0,34.0,12.0,25.0,16.0,20.0,11.0,13.0,12.0,9.0,20.0,19.0,26.0,27.0,29.0,22.0,20.0,18.0,26.0,12.0,13.0,11.0,11.0,13.0,14.0,24.0,22.0,28.0,27.0,27.0,39.0,14.421792397641147,10.494161105457536,7.9640286440638866,8.539801035761412,7.898594393041722,7.290734464006597,6.415026132930917,7.097625716281359,7.085443917774702,11.938058876860273,7.986095229966228,10.012602633324104,7.362393317455396,7.415550342683549,6.1271258536286455,7.604993767337422,5.871339419360838,9.258393883567281,8.166635039991412,6.754575454028352,9.931397421055111,6.32478253458733,4.356858025769024,5.095813754891576
mag,18.878499570595203,18.816440611282623,18.878499570595203,19.014393726401686,19.183773187068795,19.002396519197266,19.038793319624578,19.226920700672558,19.226920700672558,19.36771660839286,19.419020776254364,19.51031286081877,21.034679910804403,21.296518287104437,20.24400500525261,nan,20.647425010840045,20.405149978319905,19.30287727315686,19.609991640913,nan,19.894850021680092,19.36771660839286,19.197966019298022,19.401648626366043,19.36771660839286,19.06375387189108,19.401648626366043,18.967180366000754,18.816440611282623,19.43667541247308,18.86790693823707,19.27185412820231,18.776954943324544,18.933070664334387,18.944321917401076,19.226920700672558,18.9,18.99053043163611,19.183773187068795,19.102304769059813,19.21234684152075,18.99053043163611,19.69689690656103,19.419020776254364,18.99053043163611,18.889196565543394,19.419020776254364,19.128787452803373,19.226920700672558,19.45462187404089,19.47286997089464,19.45462187404089,19.36771660839286,19.69689690656103,20.00924374808178,19.816328861051034,19.589310325998028,20.24400500525261,19.950541008457975,19.47286997089464,19.14227503252014,19.51031286081877,19.816328861051034,19.076452685714266,20.10371515030528,20.495680409956016,20.137125054200233,19.950541008457975,19.674509799928714,19.334812993247933,19.491430016092657,20.207196863200842,19.743105420796063,19.4476,19.285225,19.068846,19.135859,19.140009,19.156116,19.30551,19.485332,19.562967,19.8017,19.333008,19.324938,19.091505,18.916744,18.95426,19.02983,19.274008,19.473797,19.5517,19.72872,19.9056,19.845592,20.042234,20.01317
dmag,0.11708919855254904,0.12063735608444445,0.1277336711482353,0.14476482730133333,0.18330611249194806,0.16703633919384617,0.1850686712659091,0.20540955225189192,0.1467211087513514,0.1837399731132308,0.1751187427032258,0.1714320323305263,0.7755258605428572,0.9870329134181819,0.5615876921172415,0.8883296220763638,0.651441722856,0.9988773083792002,0.28323553167652177,0.39671130558538464,0.27574252819301587,0.515724697261,0.33407267838769233,0.3142920592726316,0.32744425222920637,0.3674799462264616,0.1514980750827907,0.2585086201809524,0.17325577735531916,0.14074358209851853,0.32038117517508197,0.20028143582951458,0.2905491252174648,0.2423518314196429,0.19028366475175257,0.20357553839250003,0.23475377400216219,0.162860430714,0.12981628535173914,0.15510517210857144,0.14389275002843377,0.1592413100314667,0.40125033654173914,0.7012046322408334,0.5954037251909677,0.14161776583826088,0.2687465853366337,0.2801899883251613,0.2680830135209877,0.1613932196264865,0.2352428443646667,0.22082770266305088,0.162860430714,0.33407267838769233,0.4297705810508334,0.7841428145488889,0.6817413378725582,0.5940820743026416,0.8236619484386207,0.571440107768421,0.33124155399457633,0.35286426654700004,0.22857604310736843,0.3282458293460465,0.14050703826305885,0.36191206825333333,0.6136769852991304,0.47500958958250006,0.6857281293221053,0.48747339805551027,0.45374050348179107,0.5054289229055172,0.9771625842840002,0.9205154779486957,0.259288681646284,0.16246583506279938,0.10101724810270055,0.11521676373525899,0.10697387615478204,0.10021713916349557,0.10118747292122618,0.1321205015448341,0.141670094912049,0.2973979951018296,0.1291998485565152,0.16078535941440902,0.09535540933535515,0.08176459832051051,0.06993347694457275,0.09305831455141886,0.08996316115963697,0.1705213542892542,0.16160227401849547,0.15732957787922622,0.2722542582864707,0.16406151501713298,0.13545384206956695,0.15424314317110469
