ATLAS-ZTF,2022zwa,ATLAS-ZTF2022zwa,117.90250730000001,27.380435399999993,0.026810000000000004,0.00077749,0.02701894593351107,2022-11-10 10:57:06.912,salt
++++++++++++++++++++++++++++++++++++++++++++++++++++++++++++++++
mu,36.20145100622929,0.06352424771049199
hostMass,9.692165546182327,0.0011796125169757118
t0,59908.20063172024,0.18731916883552913
x0,0.0010133024334473024,2.0654907119476074e-05
x1,1.6073978103106967,0.21701329258567492
c,0.5117896458790058,0.016586453157011072
chisquare,180.64192765616298,0.0
++++++++++++++++++++++++++++++++++++++++++++++++++++++++++++++++
zp,23.9,23.9,23.9,23.9,23.9,23.9,23.9,23.9,23.9,23.9,23.9,23.9,23.9,23.9,23.9,23.9,23.9,23.9,23.9,23.9,23.9,23.9,23.9,23.9,23.9,23.9,23.9,23.9,23.9,23.9,23.9,23.9,23.9,23.9,23.9,23.9,23.9,23.9,23.9,23.9,23.9,23.9,23.9,23.9,23.9,23.9,23.9,23.9,23.9,23.9,23.9,23.9,23.9,23.9,23.9,23.9,23.9,23.9,23.9,23.9,23.9,23.9,23.9,23.9,23.9,23.9,23.9,23.9,23.9,23.9,23.9
filter,c,c,c,c,c,c,c,c,c,c,c,c,c,c,c,c,o,o,o,o,o,o,o,o,o,o,o,o,o,o,o,o,o,o,o,o,o,o,o,o,o,o,o,o,o,o,o,o,ZTF_g,ZTF_g,ZTF_g,ZTF_g,ZTF_g,ZTF_g,ZTF_g,ZTF_g,ZTF_g,ZTF_g,ZTF_g,ZTF_r,ZTF_r,ZTF_r,ZTF_r,ZTF_r,ZTF_r,ZTF_r,ZTF_r,ZTF_r,ZTF_r,ZTF_r,ZTF_r
mjd,59881.579329,59881.582498,59885.593363,59903.595433,59903.598206,59903.631728,59904.568902,59904.570751,59904.573523,59907.53003,59907.559796,59907.562108,59907.565377,59907.651871,59908.408434,59908.427138,59875.6206,59876.54375,59876.580311,59876.590149,59880.597907,59889.590271,59890.570602,59890.573769,59890.583753,59891.538682,59891.540988,59893.521448,59893.524162,59893.527325,59899.612181,59899.616338,59899.638849,59902.528034,59906.534257,59906.536575,59906.539736,59906.54516,59909.52778,59909.530494,59909.533804,59909.53923,59913.489532,59913.49134,59914.519329,59914.52117,59914.524334,59914.529768,59893.4563310002,59899.432384300046,59901.42273150012,59903.39163189987,59905.40251159994,59908.41434030002,59910.42224540003,59930.369004600216,59933.351793999784,59935.35374999978,59937.37418980012,59893.47365739988,59901.443101900164,59903.426122699864,59905.43777780002,59908.483657400124,59910.403182900045,59914.40309030004,59930.33664349979,59933.38081019977,59935.31056710007,59937.339548599906,59956.30995369982
flux,20.0,-15.0,-13.0,294.0,268.0,287.0,300.0,292.0,291.0,328.0,339.0,314.0,347.0,317.0,316.0,311.0,-11.0,44.0,21.0,36.0,-29.0,18.0,66.0,47.0,-121.0,67.0,69.0,56.0,119.0,84.0,270.0,264.0,270.0,240.0,353.0,354.0,369.0,357.0,354.0,348.0,372.0,348.0,341.0,379.0,318.0,289.0,318.0,312.0,60.571677307288056,198.12496370392418,214.43713688864557,273.71462306973467,287.7578632746907,272.5461176540524,263.3998965153378,82.78842109592274,76.63020722739184,64.35685310607174,52.61912233992023,94.53277353047864,326.22887616267985,360.0310856047531,387.68303793934035,402.4204107422666,402.3092332340474,354.7143841009363,195.0261286867808,200.91316722846793,199.2278278779029,187.63540976300035,84.84307491585986
dflux,9.0,10.0,11.0,12.0,11.0,10.0,9.0,10.0,10.0,10.0,10.0,10.0,10.0,13.0,12.0,10.0,10.0,12.0,10.0,10.0,10.0,15.0,25.0,23.0,21.0,31.0,46.0,31.0,26.0,26.0,14.0,13.0,14.0,25.0,14.0,15.0,14.0,14.0,15.0,14.0,13.0,16.0,14.0,14.0,12.0,12.0,13.0,12.0,10.933746331862352,23.31319420512097,20.700448638006616,12.574006740838305,30.060391135367517,14.24229487032667,13.594019382874128,7.740477784646475,10.005155888663626,7.483734847252752,10.040390205465162,12.610562375794775,11.95814160352705,15.977251761466283,13.988517451913236,26.317611272532062,14.438455570089593,14.664337590170131,8.809722290304611,9.288043900458806,11.794118272036743,10.386138960783317,9.625334693205865
mag,20.647425010840045,nan,nan,17.729131673969604,17.829663014928027,17.755295258165017,17.707196863200842,17.73654287137895,17.74026752753523,17.6103153907208,17.57450075449229,17.657675879816964,17.549176313022816,17.64735184445562,17.65078229345399,17.668099027432906,nan,19.79136830878453,20.5944517631652,20.00924374808178,nan,20.761818737241732,19.351140161145327,19.719755355160704,nan,19.334812993247933,19.30287727315686,19.529529932484497,18.711132596518674,19.089301784845293,17.82159058960253,17.84599018282542,17.82159058960253,17.949471895720983,17.53056323653044,17.52749184493553,17.482434084602346,17.518329459719517,17.52749184493553,17.546051890133548,17.473642650295254,17.546051890133548,17.568114052518755,17.453401975079817,17.64393220003892,17.74775539310863,17.64393220003892,17.664613514953892,19.444326,18.157652,18.07175,17.806755,17.752432,17.8114,17.848461,19.105076,19.189,19.378513,19.597141,18.961044,17.616194,17.50915,17.428808,17.3883,17.3886,17.525303,18.174768,18.142479,18.151625,18.216713,19.078459
dmag,0.4885812921420001,0.7238241365066667,0.9186998655661539,0.04431576345959184,0.044563799449104484,0.0378305297825784,0.0325720861428,0.037182746738356164,0.03731052250034365,0.0331017135597561,0.032027616659587026,0.034577586138853506,0.03128922780288185,0.044525459501198746,0.04123048878835443,0.03491113198585209,0.9870329134181819,0.2961098740254546,0.5170172403619048,0.30159339021111115,0.37439179474482764,0.9047801706333335,0.41126371392424244,0.5313177172229787,0.18843355619801655,0.5023555574262687,0.7238241365066667,0.6010325419207144,0.23721967498957985,0.33606120623523816,0.05629743283940741,0.05346428281015152,0.05629743283940741,0.11309752132916669,0.04306035939558074,0.046005771388135594,0.041193243541029816,0.0425778903827451,0.046005771388135594,0.04367904272022989,0.03794239425236559,0.04991890596597701,0.04457567996082112,0.0401063505716095,0.04097117753811321,0.0450824721699654,0.04438544233295598,0.04175908479846154,0.1959853973655184,0.12775764610322815,0.10481032747946878,0.049876963840350924,0.11342054953250577,0.05673672886145908,0.056034642410484725,0.10151319304898608,0.1417581966124032,0.12625480393042673,0.2071721205376484,0.1448359507760583,0.03979839992497084,0.04818217477207866,0.03917592043538335,0.07100530345536672,0.03896593132413912,0.04488569664527652,0.04904488700499565,0.05019265622676188,0.0642746615649471,0.060098502258364626,0.12317533717053614
