ATLAS-ZTF,2021dsi,ATLAS-ZTF2021dsi,179.87938331699988,-1.1464990880299997,0.07658298061654373,1.0006922855944561e-05,nan,2021-02-23 10:23:31.200,salt
++++++++++++++++++++++++++++++++++++++++++++++++++++++++++++++++
mu,nan,nan
hostMass,nan,nan
++++++++++++++++++++++++++++++++++++++++++++++++++++++++++++++++
zp,23.9,23.9,23.9,23.9,23.9,23.9,23.9,23.9,23.9,23.9,23.9,23.9,23.9,23.9,23.9,23.9,23.9,23.9,23.9,23.9,23.9,23.9,23.9,23.9,23.9,23.9,23.9,23.9,23.9,23.9,23.9,23.9,23.9,23.9,23.9,23.9,23.9,23.9,23.9,23.9,23.9,23.9,23.9,23.9,23.9,23.9,23.9,23.9,23.9,23.9,23.9,23.9,23.9,23.9,23.9,23.9,23.9,23.9,23.9,23.9,23.9,23.9,23.9,23.9,23.9,23.9,23.9,23.9,23.9,23.9,23.9,23.9,23.9,23.9,23.9,23.9,23.9,23.9,23.9,23.9,23.9,23.9,23.9,23.9,23.9,23.9,23.9,23.9,23.9,23.9,23.9,23.9,23.9,23.9,23.9,23.9,23.9,23.9,23.9,23.9,23.9,23.9,23.9
filter,c,c,c,c,c,c,c,c,c,c,c,c,c,c,c,c,c,o,o,o,o,o,o,o,o,o,o,o,o,o,o,o,o,o,o,o,o,o,o,o,o,o,o,o,o,o,o,o,o,o,o,o,o,o,o,o,o,o,o,o,o,o,o,o,o,o,o,o,o,o,o,o,o,o,o,o,o,o,o,o,o,o,o,o,o,o,o,o,o,o,o,o,o,o,o,o,o,o,o,o,o,o,o
mjd,59258.475181,59260.571457,59260.599938,59260.624712,59262.478619,59262.480905,59262.490051,59291.38114,59291.383882,59291.386635,59291.392827,59292.391582,59308.427255,59308.433023,59308.465642,59312.428576,59312.448307,59248.578364,59248.585736,59248.594027,59248.600015,59252.573867,59252.57986,59252.584019,59252.5877,59252.599256,59268.433188,59268.441596,59268.443462,59268.45368,59270.480251,59270.482081,59270.484826,59270.489857,59276.507991,59276.510755,59276.517202,59276.528364,59278.522867,59278.555115,59278.583879,59280.494435,59280.49767,59280.506432,59280.53527,59288.377939,59288.390234,59288.399433,59288.406481,59291.380993,59291.383776,59291.386538,59291.389308,59292.380719,59292.381411,59292.383315,59292.383496,59292.385279,59292.386266,59292.389036,59292.401954,59292.432494,59292.440599,59292.463743,59293.380904,59293.383669,59293.386429,59293.389187,59293.405216,59293.406899,59293.407356,59293.408564,59293.409021,59294.380705,59294.383511,59294.386784,59294.390907,59294.449887,59294.456046,59294.462191,59294.46877,59295.3809,59295.383663,59295.386429,59295.389199,59296.579704,59296.582933,59296.588921,59296.599546,59304.39355,59305.385363,59306.383692,59306.391487,59306.462998,59306.466265,59306.489402,59306.49815,59322.46011,59322.466206,59324.376957,59324.410966,59324.416555,59326.326951
flux,-10.0,24.0,10.0,20.0,22.0,22.0,31.0,43.0,28.0,36.0,44.0,40.0,18.0,11.0,13.0,9.0,24.0,-27.0,28.0,21.0,22.0,-15.0,-26.0,22.0,12.0,-12.0,96.0,74.0,59.0,89.0,86.0,143.0,47.0,139.0,71.0,84.0,67.0,104.0,112.0,73.0,106.0,62.0,87.0,59.0,82.0,55.0,56.0,51.0,33.0,50.0,52.0,43.0,64.0,44.0,41.0,31.0,22.0,35.0,52.0,51.0,37.0,39.0,36.0,51.0,50.0,34.0,28.0,40.0,24.0,32.0,50.0,19.0,53.0,46.0,38.0,32.0,56.0,49.0,55.0,46.0,40.0,51.0,42.0,27.0,26.0,47.0,78.0,49.0,30.0,65.0,44.0,48.0,17.0,25.0,42.0,43.0,25.0,13.0,17.0,24.0,16.0,12.0,34.0
dflux,9.0,6.0,8.0,9.0,9.0,8.0,8.0,10.0,11.0,9.0,9.0,10.0,7.0,7.0,8.0,6.0,8.0,20.0,15.0,15.0,17.0,13.0,12.0,13.0,10.0,9.0,15.0,11.0,12.0,13.0,22.0,26.0,26.0,50.0,13.0,14.0,15.0,12.0,48.0,22.0,16.0,9.0,10.0,10.0,9.0,8.0,10.0,11.0,8.0,9.0,9.0,9.0,11.0,10.0,12.0,10.0,9.0,12.0,9.0,9.0,9.0,9.0,10.0,10.0,9.0,9.0,9.0,9.0,10.0,12.0,9.0,14.0,18.0,13.0,14.0,14.0,14.0,10.0,10.0,9.0,10.0,14.0,12.0,13.0,16.0,11.0,13.0,10.0,16.0,40.0,17.0,13.0,12.0,16.0,15.0,13.0,14.0,11.0,12.0,12.0,13.0,10.0,22.0
mag,nan,20.449471895720983,21.4,20.647425010840045,20.543943297944484,20.543943297944484,20.171595765414317,19.816328861051034,20.28210492164445,20.00924374808178,19.79136830878453,19.894850021680092,20.761818737241732,21.296518287104437,21.115141619232908,21.514393726401686,20.449471895720983,nan,20.28210492164445,20.5944517631652,20.543943297944484,nan,nan,20.543943297944484,21.202046884880936,nan,18.944321917401076,19.226920700672558,19.47286997089464,19.026524983387716,19.06375387189108,18.511659906337343,19.719755355160704,18.542462999364762,19.27185412820231,19.089301784845293,19.334812993247933,18.85741665175305,18.776954943324544,19.241692849698858,18.836735336838075,19.419020776254364,19.051201868453454,19.47286997089464,19.115465369040706,19.54909327626439,19.529529932484497,19.631074559755156,20.10371515030528,19.65257498915995,19.609991640913,19.816328861051034,19.38455006504028,19.79136830878453,19.86804035820066,20.171595765414317,20.543943297944484,20.03982988912431,19.609991640913,19.631074559755156,19.97949568983251,19.92233848243375,20.00924374808178,19.631074559755156,19.65257498915995,20.07130270739436,20.28210492164445,19.894850021680092,20.449471895720983,20.137125054200233,19.65257498915995,20.703115997617928,19.589310325998028,19.743105420796063,19.950541008457975,20.137125054200233,19.529529932484497,19.674509799928714,19.54909327626439,19.743105420796063,19.894850021680092,19.631074559755156,19.841876774005247,20.32159058960253,20.362566630072955,19.719755355160704,19.1697634932738,19.674509799928714,20.207196863200842,19.36771660839286,19.79136830878453,19.69689690656103,20.823877696554312,20.405149978319905,19.841876774005247,19.816328861051034,20.405149978319905,21.115141619232908,20.823877696554312,20.449471895720983,20.889700043360186,21.202046884880936,20.07130270739436
dmag,0.9771625842840002,0.27143405119,0.8685889638080001,0.4885812921420001,0.4441648110381819,0.3948131653672728,0.2801899883251613,0.2524967918046512,0.42653922329857147,0.27143405119,0.22208240551909095,0.27143405119,0.4222307462955556,0.6909230393927274,0.6681453567753847,0.7238241365066667,0.36191206825333333,0.804249040562963,0.5816443954071429,0.7755258605428572,0.8389779764054546,0.9409713774586668,0.5011090175815386,0.6415713937218183,0.9047801706333335,0.8143021535700001,0.16964628199375,0.1613932196264865,0.22082770266305088,0.15859068159415732,0.2777464709851163,0.1974065826836364,0.6006200281651065,0.39055259164028777,0.19879676988563383,0.18095603412666666,0.2430752697223881,0.12527725439538465,0.46531551632571433,0.32720817129753427,0.16388471015245284,0.15760686843290325,0.12479726491494254,0.18402308555254238,0.11916616881512196,0.1579252661469091,0.1938814651357143,0.23417839710509808,0.2632087769115152,0.19543251685680002,0.18791588159307693,0.2272471126241861,0.186610910193125,0.24675822835454547,0.3177764501736585,0.3502374854064516,0.4441648110381819,0.37225241306057144,0.18791588159307693,0.19160050672235296,0.2640979957524325,0.2505545087907693,0.30159339021111115,0.21288945191372552,0.19543251685680002,0.28740076008352944,0.34898663724428575,0.24429064607100004,0.45239008531666675,0.40715107678500007,0.19543251685680002,0.8000161508757895,0.3687405978430189,0.3068384926495652,0.40000807543789474,0.47500958958250006,0.27143405119,0.2215788172979592,0.1974065826836364,0.21242664875739134,0.27143405119,0.29804523267921573,0.3102103442171429,0.522761876365926,0.6681453567753847,0.25410847345446813,0.18095603412666666,0.2215788172979592,0.5790593092053333,0.6681453567753847,0.4194889882027273,0.29405355545583334,0.7664020268894118,0.6948711710464001,0.3877629302714286,0.3282458293460465,0.6080122746656001,0.9186998655661539,0.7664020268894118,0.54286810238,0.8821606663675001,0.9047801706333335,0.7025351913152942
