ATLAS-ZTF,2022P,ATLAS-ZTF2022P,121.19407744499996,-3.58719147836,0.05280319626986747,0.0001300899971272793,nan,2022-01-01 10:22:04.800,salt
++++++++++++++++++++++++++++++++++++++++++++++++++++++++++++++++
mu,nan,nan
hostMass,nan,nan
++++++++++++++++++++++++++++++++++++++++++++++++++++++++++++++++
zp,23.9,23.9,23.9,23.9,23.9,23.9,23.9,23.9,23.9,23.9,23.9,23.9,23.9,23.9,23.9,23.9,23.9,23.9,23.9,23.9,23.9,23.9,23.9,23.9,23.9,23.9,23.9,23.9,23.9,23.9,23.9,23.9,23.9,23.9,23.9,23.9,23.9,23.9,23.9,23.9,23.9,23.9,23.9,23.9,23.9,23.9,23.9,23.9,23.9,23.9,23.9,23.9,23.9,23.9,23.9,23.9,23.9,23.9,23.9,23.9,23.9,23.9,23.9,23.9,23.9,23.9,23.9,23.9,23.9,23.9,23.9,23.9,23.9,23.9,23.9,23.9,23.9,23.9,23.9,23.9,23.9,23.9,23.9,23.9,23.9,23.9,23.9,23.9,23.9,23.9,23.9,23.9,23.9,23.9,23.9,23.9,23.9,23.9
filter,c,c,c,c,c,c,c,c,c,c,c,c,c,c,c,c,c,c,c,c,c,c,c,o,o,o,o,o,o,o,o,o,o,o,o,o,o,o,o,o,o,o,o,o,o,o,o,o,o,o,o,o,o,o,o,o,o,o,o,o,o,o,o,o,o,o,o,o,o,o,o,o,o,o,o,o,o,o,o,o,o,o,o,o,o,o,o,o,o,o,o,o,o,o,o,o,o,o
mjd,59586.423734,59586.445101,59586.448081,59586.451282,59590.540621,59590.543842,59590.551174,59590.579939,59612.418931,59612.4226,59612.429953,59612.440044,59616.410337,59616.413575,59616.4213,59616.432811,59636.313878,59636.316619,59636.332455,59640.298557,59640.300507,59640.303451,59640.31371,59560.502889,59560.50473,59560.507498,59560.513029,59560.514409,59580.432127,59580.436316,59580.43908,59580.444148,59584.429393,59584.446524,59584.45025,59584.453939,59588.415036,59588.417341,59588.431508,59588.439016,59592.42454,59592.426843,59592.429607,59592.438085,59600.497305,59600.501063,59600.506606,59600.521367,59604.429449,59604.436509,59604.467984,59604.473292,59605.388939,59605.391714,59605.397722,59605.408866,59606.44509,59606.448317,59606.481273,59606.486415,59607.386094,59607.388839,59607.391618,59607.417746,59608.449375,59608.453075,59608.459149,59608.49414,59610.381111,59610.382938,59610.386616,59610.391649,59614.425318,59614.430515,59614.435237,59614.465849,59618.357002,59618.358842,59618.362085,59618.367154,59620.344896,59620.348095,59620.373626,59622.383223,59628.485948,59630.422111,59630.428539,59630.440424,59632.408733,59632.411941,59632.417505,59632.429463,59634.395614,59634.401309,59634.413754,59638.304965,59638.308159,59638.315522
flux,168.0,186.0,159.0,200.0,153.0,136.0,128.0,121.0,38.0,38.0,28.0,28.0,31.0,41.0,11.0,41.0,18.0,32.0,24.0,30.0,25.0,18.0,35.0,24.0,70.0,54.0,23.0,37.0,198.0,208.0,244.0,210.0,159.0,187.0,151.0,168.0,128.0,129.0,133.0,164.0,102.0,140.0,131.0,138.0,145.0,89.0,150.0,117.0,81.0,109.0,103.0,103.0,-170.0,108.0,93.0,138.0,95.0,116.0,116.0,78.0,96.0,93.0,93.0,102.0,77.0,58.0,73.0,79.0,59.0,69.0,72.0,80.0,53.0,38.0,42.0,52.0,39.0,45.0,70.0,58.0,46.0,69.0,47.0,69.0,40.0,76.0,68.0,34.0,48.0,20.0,59.0,58.0,24.0,42.0,53.0,17.0,18.0,31.0
dflux,11.0,11.0,11.0,9.0,10.0,9.0,10.0,10.0,11.0,10.0,9.0,10.0,10.0,8.0,9.0,10.0,10.0,11.0,10.0,9.0,10.0,9.0,10.0,13.0,15.0,14.0,13.0,13.0,13.0,12.0,13.0,12.0,14.0,13.0,12.0,13.0,12.0,13.0,12.0,12.0,20.0,20.0,18.0,22.0,23.0,27.0,22.0,26.0,12.0,13.0,13.0,13.0,25.0,14.0,12.0,19.0,14.0,13.0,13.0,14.0,10.0,10.0,11.0,11.0,12.0,11.0,11.0,14.0,10.0,10.0,11.0,9.0,12.0,13.0,11.0,13.0,14.0,14.0,15.0,14.0,15.0,14.0,17.0,21.0,26.0,18.0,15.0,19.0,13.0,14.0,11.0,14.0,14.0,13.0,13.0,12.0,11.0,12.0
mag,18.33672679568534,18.226217639455207,18.39650718919887,18.147425010840045,18.438271422956,18.566152729074453,18.631975075880327,18.69303657420887,19.950541008457975,19.950541008457975,20.28210492164445,20.28210492164445,20.171595765414317,19.86804035820066,21.296518287104437,19.86804035820066,20.761818737241732,20.137125054200233,20.449471895720983,20.207196863200842,20.405149978319905,20.761818737241732,20.03982988912431,20.449471895720983,19.287254899964356,19.569015600442576,20.495680409956016,19.97949568983251,18.15833702434617,18.104841662593095,17.931525434153176,18.0944517631652,18.39650718919887,18.22039598365875,18.452557631767075,18.33672679568534,18.631975075880327,18.623525724251877,18.590370897582282,18.362890379880753,18.878499570595203,18.534679910804403,18.606821760860587,18.550302283996906,18.496579994412564,19.026524983387716,18.459771852360795,18.729535345634595,19.128787452803373,18.80643375514844,18.86790693823707,18.86790693823707,nan,18.816440611282623,18.97879262861516,18.550302283996906,18.955690986777878,18.738855026932704,18.738855026932704,19.1697634932738,18.944321917401076,18.97879262861516,18.97879262861516,18.878499570595203,19.183773187068795,19.491430016092657,19.241692849698858,19.155932271773896,19.47286997089464,19.30287727315686,19.256668758921826,19.14227503252014,19.589310325998028,19.950541008457975,19.841876774005247,19.609991640913,19.92233848243375,19.76696871556164,19.287254899964356,19.491430016092657,19.743105420796063,19.30287727315686,19.719755355160704,19.30287727315686,19.894850021680092,19.197966019298022,19.318727718234406,20.07130270739436,19.69689690656103,20.647425010840045,19.47286997089464,19.491430016092657,20.449471895720983,19.841876774005247,19.589310325998028,20.823877696554312,20.761818737241732,20.171595765414317
dmag,0.07108987054976192,0.06421020565784948,0.07511382548654089,0.048858129214200005,0.0709631506379085,0.07185019002088236,0.084823140996875,0.08973026485619835,0.3142920592726316,0.2857200538842105,0.34898663724428575,0.3877629302714286,0.3502374854064516,0.21185096678243906,0.8883296220763638,0.2648137084780488,0.6031867804222223,0.37322182038625,0.45239008531666675,0.325720861428,0.43429448190400005,0.54286810238,0.3102103442171429,0.5881071109116667,0.23265775816285716,0.28148716419703707,0.6136769852991304,0.38147488275351354,0.07128571041353536,0.06263862719769232,0.05784660107327869,0.062042068843428576,0.09559941425559748,0.0754789874966845,0.08628367190145697,0.08401530155880954,0.10178776919625002,0.10941527644868218,0.09796116133172933,0.07944411254341463,0.21288945191372552,0.15510517210857144,0.14918512737160308,0.1730883804689855,0.1722202255826207,0.32938064638786524,0.1592413100314667,0.2412747121688889,0.16084980811259258,0.12949147396220184,0.13703466662019417,0.13703466662019417,0.15966708893529413,0.14074358209851853,0.14009499416258064,0.14948541949594205,0.16000323017515788,0.12167733329206898,0.12167733329206898,0.1948757290594872,0.11309752132916669,0.11674582846881722,0.12842041131569895,0.11708919855254904,0.16920564230025975,0.20591548710965518,0.16360408564876713,0.19240894767898736,0.18402308555254238,0.1573530731536232,0.16587636461611113,0.12214532303550002,0.24582706522867928,0.3714360700494737,0.28435948219904766,0.27143405119,0.3897514581189744,0.3377845970364445,0.23265775816285716,0.2620742563213794,0.3540444145956522,0.2202943024150725,0.39271309533872345,0.33044145362260874,0.7057285330940001,0.2571480484957895,0.2395006334029412,0.6067349379541177,0.29405355545583334,0.760015343332,0.20242539410779664,0.2620742563213794,0.6333461194433334,0.33606120623523816,0.26631265399773585,0.7664020268894118,0.6635054584644445,0.420284982487742
