ATLAS-ZTF,2019ekb,ATLAS-ZTF2019ekb,213.04840190300007,40.09864282709999,0.067288,0.000167,0.06779913155533573,2019-05-03 06:41:21.000,salt
++++++++++++++++++++++++++++++++++++++++++++++++++++++++++++++++
mu,37.515186367979425,0.10232280105933377
hostMass,10.099399857836513,0.006546512989334579
t0,58617.45603080753,0.18411179604299832
x0,0.0007789533432603926,2.872444205196754e-05
x1,-0.4257053851233139,0.20140290409791262
c,0.062383253016887026,0.029859041133492564
chisquare,163.00330263059257,0.0
++++++++++++++++++++++++++++++++++++++++++++++++++++++++++++++++
zp,23.9,23.9,23.9,23.9,23.9,23.9,23.9,23.9,23.9,23.9,23.9,23.9,23.9,23.9,23.9,23.9,23.9,23.9,23.9,23.9,23.9,23.9,23.9,23.9,23.9,23.9,23.9,23.9,23.9,23.9,23.9,23.9,23.9,23.9,23.9,23.9,23.9,23.9,23.9,23.9,23.9,23.9,23.9,23.9,23.9,23.9,23.9,23.9,23.9,23.9,23.9,23.9,23.9,23.9,23.9,23.9,23.9,23.9,23.9,23.9,23.9,23.9,23.9,23.9,23.9,23.9,23.9,23.9,23.9,23.9,23.9,23.9,23.9,23.9,23.9,23.9,23.9,23.9,23.9,23.9,23.9,23.9,23.9,23.9,23.9,23.9,23.9,23.9,23.9,23.9,23.9,23.9,23.9,23.9,23.9,23.9,23.9,23.9,23.9,23.9,23.9,23.9,23.9,23.9,23.9,23.9,23.9,23.9,23.9,23.9,23.9,23.9,23.9,23.9,23.9,23.9,23.9,23.9,23.9
filter,c,c,c,c,c,c,c,c,c,c,c,c,c,c,c,c,o,o,o,o,o,o,o,o,o,o,o,o,o,o,o,o,o,o,o,o,o,o,o,o,o,o,o,o,o,o,o,o,o,o,o,o,o,o,o,o,o,o,o,o,o,o,o,o,o,o,o,o,o,o,o,o,o,o,o,o,o,o,o,o,o,o,o,o,o,o,o,o,o,o,o,o,o,o,o,o,o,o,ZTF_g,ZTF_g,ZTF_g,ZTF_g,ZTF_g,ZTF_g,ZTF_g,ZTF_g,ZTF_r,ZTF_r,ZTF_r,ZTF_r,ZTF_r,ZTF_r,ZTF_r,ZTF_r,ZTF_r,ZTF_r,ZTF_r,ZTF_r,ZTF_r
mjd,58604.481912,58604.490396,58604.498484,58604.513411,58612.403231,58612.405135,58612.410706,58612.433912,58636.407253,58636.410647,58636.416478,58636.426839,58664.306409,58664.309642,58664.314702,58664.324813,58588.510202,58588.527419,58593.550404,58594.476604,58594.495746,58596.483149,58596.490486,58596.508796,58598.42197,58598.440585,58598.471869,58598.572801,58600.507598,58600.511983,58606.49294,58606.512526,58606.518283,58606.532586,58610.461203,58610.472727,58610.477982,58610.492762,58614.395333,58614.398555,58614.404091,58614.419359,58618.39874,58618.401503,58618.407066,58618.417211,58620.369466,58620.372701,58620.378441,58622.377126,58622.379901,58622.385428,58622.395864,58626.381522,58626.384293,58626.390766,58626.401394,58630.365971,58630.369208,58630.374733,58630.384425,58634.36178,58634.364545,58634.369643,58634.379789,58642.303822,58642.306583,58642.312128,58642.323877,58644.352496,58644.355339,58644.360523,58644.371145,58646.337006,58646.339792,58646.344865,58646.354558,58648.326547,58648.329329,58648.334366,58648.344609,58650.357718,58650.36094,58650.366523,58650.377194,58654.32192,58654.325142,58654.33067,58654.341783,58656.341809,58656.345041,58656.350261,58656.362854,58658.32379,58658.327028,58660.312827,58660.316028,58660.332988,58606.384455999825,58612.286840300076,58616.259398099966,58619.2583217998,58635.2295022998,58638.19515050016,58641.20747689996,58644.20141200023,58606.27871529991,58612.24325230019,58616.171701400075,58619.32207180001,58628.29857640015,58632.2685647998,58638.21848380007,58641.281076400075,58644.2646643999,58647.24016200006,58657.26751160016,58660.224120399915,58663.19945599977
flux,38.0,33.0,33.0,21.0,150.0,175.0,150.0,150.0,75.0,81.0,73.0,45.0,31.0,29.0,20.0,16.0,-25.0,29.0,42.0,-61.0,80.0,26.0,-16.0,17.0,22.0,13.0,21.0,36.0,28.0,42.0,54.0,31.0,80.0,70.0,123.0,123.0,135.0,132.0,163.0,142.0,152.0,145.0,158.0,178.0,140.0,139.0,160.0,157.0,152.0,168.0,129.0,199.0,79.0,104.0,108.0,143.0,137.0,87.0,79.0,85.0,124.0,81.0,100.0,90.0,77.0,81.0,92.0,74.0,59.0,68.0,80.0,96.0,58.0,108.0,75.0,25.0,60.0,58.0,46.0,70.0,73.0,63.0,46.0,73.0,89.0,36.0,67.0,43.0,62.0,15.0,48.0,36.0,38.0,39.0,31.0,-91.0,152.0,55.0,74.49494433998956,171.21933265093605,199.33336579770406,186.38716386501122,55.010652969374945,39.034767774030506,34.804868720754605,27.671965018913436,66.7999288654328,151.6340727934744,168.91880484878243,177.1542599166526,123.75182149361983,107.52048135669286,89.89178409141344,91.85584570133591,74.38771183131617,69.7973284558269,37.70304270631807,34.54391847186725,31.060983292500637
dflux,8.0,8.0,9.0,10.0,10.0,9.0,10.0,9.0,8.0,9.0,10.0,9.0,8.0,8.0,6.0,8.0,18.0,19.0,35.0,28.0,26.0,15.0,14.0,13.0,13.0,10.0,15.0,20.0,16.0,14.0,15.0,13.0,13.0,16.0,16.0,16.0,16.0,15.0,13.0,15.0,13.0,12.0,22.0,24.0,24.0,20.0,21.0,22.0,18.0,24.0,22.0,23.0,26.0,13.0,13.0,13.0,14.0,12.0,10.0,12.0,11.0,12.0,12.0,13.0,11.0,11.0,11.0,12.0,12.0,12.0,12.0,11.0,10.0,17.0,19.0,20.0,20.0,16.0,16.0,18.0,16.0,26.0,24.0,28.0,24.0,15.0,14.0,14.0,16.0,12.0,12.0,11.0,11.0,21.0,18.0,48.0,86.0,29.0,10.723599307445392,11.672690456348336,15.774833131974868,17.66784701530152,6.52643912217931,5.683375184150333,7.988177222695001,6.799552300459458,5.705909743633923,11.359861974415988,12.682877715024675,17.734474786572974,7.317086529968565,9.699947409259703,7.246516200801967,6.709534165018405,7.982387176411252,9.331193936758977,8.033186955902053,5.196281487172997,6.273528446911324
mag,19.950541008457975,20.10371515030528,20.10371515030528,20.5944517631652,18.459771852360795,18.292404878284263,18.459771852360795,18.459771852360795,19.21234684152075,19.128787452803373,19.241692849698858,19.76696871556164,20.171595765414317,20.24400500525261,20.647425010840045,20.889700043360186,nan,20.24400500525261,19.841876774005247,nan,19.14227503252014,20.362566630072955,nan,20.823877696554312,20.543943297944484,21.115141619232908,20.5944517631652,20.00924374808178,20.28210492164445,19.841876774005247,19.569015600442576,20.171595765414317,19.14227503252014,19.287254899964356,18.675237221401503,18.675237221401503,18.574165578762482,18.598565171985374,18.369530988990103,18.519279139042357,18.44539103013807,18.496579994412564,18.403357282613943,18.273949994227763,18.534679910804403,18.542462999364762,18.389700043360186,18.410250868976917,18.44539103013807,18.33672679568534,18.623525724251877,18.152867308975733,19.155932271773896,18.85741665175305,18.816440611282623,18.511659906337343,18.558198582108982,19.051201868453454,19.155932271773896,19.076452685714266,18.66644578709441,19.128787452803373,18.9,19.014393726401686,19.183773187068795,19.128787452803373,18.99053043163611,19.226920700672558,19.47286997089464,19.318727718234406,19.14227503252014,18.944321917401076,19.491430016092657,18.816440611282623,19.21234684152075,20.405149978319905,19.45462187404089,19.491430016092657,19.743105420796063,19.287254899964356,19.241692849698858,19.401648626366043,19.743105420796063,19.241692849698858,19.026524983387716,20.00924374808178,19.334812993247933,19.816328861051034,19.419020776254364,20.959771852360795,19.69689690656103,20.00924374808178,19.950541008457975,19.92233848243375,20.171595765414317,nan,18.44539103013807,19.54909327626439,19.219683,18.316118,18.15105,18.22396,19.548883,19.921371,20.0459,20.2949,19.33806,18.448008,18.330805,18.279121,18.668621,18.821272,19.0157,18.992233,19.221247,19.290403,19.959059,20.054071,20.169462
dmag,0.22857604310736843,0.2632087769115152,0.2961098740254546,0.5170172403619048,0.07238241365066667,0.055837861959085716,0.07238241365066667,0.0651441722856,0.11581186184106669,0.12063735608444445,0.14873098695342465,0.21714724095200003,0.2801899883251613,0.2995134357958621,0.325720861428,0.54286810238,0.7817300674272001,0.7113444100151725,0.9047801706333335,0.49837071693901647,0.35286426654700004,0.6263862719769231,0.9500191791650001,0.8302688624635294,0.6415713937218183,0.8351816959692309,0.7755258605428572,0.6031867804222223,0.6204206884342858,0.36191206825333333,0.30159339021111115,0.45530873102838715,0.17643213327350002,0.2481682753737143,0.14123397785495936,0.14123397785495936,0.12867984649007408,0.12337911417727274,0.08659245804834356,0.11469044416478874,0.09285901751236843,0.08985403073875863,0.15117845889063292,0.14639139839460674,0.18612620653028572,0.15622103665611511,0.14250287687475002,0.15214137901095542,0.12857402424789474,0.15510517210857144,0.18516431399007754,0.12548709904261307,0.3573309028324051,0.135717025595,0.1306904690914815,0.0987032913418182,0.11095114501197081,0.14975671789793105,0.13743496262784813,0.15328040537788237,0.0963153084867742,0.16084980811259258,0.1302883445712,0.15682856290977779,0.15510517210857144,0.14744565743654323,0.12981628535173914,0.17606533050162165,0.22082770266305088,0.19160050672235296,0.162860430714,0.12440727346208334,0.18719589737241382,0.17090292111962965,0.27505317187253336,0.8685889638080001,0.36191206825333333,0.2995134357958621,0.37764737556869565,0.27918930979542855,0.23796957912547947,0.4480816083136508,0.5664710633530435,0.41644676346958903,0.2927827967892135,0.45239008531666675,0.22687025174089553,0.3534955085265117,0.2801899883251613,0.8685889638080001,0.27143405119,0.33175272923222227,0.3142920592726316,0.5846271871784615,0.630427473731613,0.5726960200931869,0.6142981158510527,0.5724790897825455,0.15629248557183845,0.07401887648546814,0.08592293310701711,0.10291814504225495,0.12881125492287834,0.1580807714391432,0.24919080403102606,0.2667869847234239,0.09274130818666196,0.08133932696972739,0.0815199913832763,0.10869036599653158,0.06419643495395479,0.09794956229374864,0.08752529585562117,0.07930670176093858,0.11650804339155732,0.1451519035888032,0.23133204355857095,0.1633222630878591,0.21929109269531535
