ATLAS-ZTF,2020cot,ATLAS-ZTF2020cot,158.89852702200002,22.640637475500004,0.09815457065300824,2.0013845711889123e-05,0.09921598744492605,2020-02-12 10:09:20.000,salt
++++++++++++++++++++++++++++++++++++++++++++++++++++++++++++++++
mu,38.580476836553984,0.10379970319834074
hostMass,10.571233687867135,0.0038727995706029144
t0,58901.83012044906,0.327646285033552
x0,0.00037691977952977306,9.470131620844367e-06
x1,0.35358316922560196,0.4495357271583128
c,0.009395660166945917,0.024429157284990528
chisquare,115.3621557201711,0.0
++++++++++++++++++++++++++++++++++++++++++++++++++++++++++++++++
zp,23.9,23.9,23.9,23.9,23.9,23.9,23.9,23.9,23.9,23.9,23.9,23.9,23.9,23.9,23.9,23.9,23.9,23.9,23.9,23.9,23.9,23.9,23.9,23.9,23.9,23.9,23.9,23.9,23.9,23.9,23.9,23.9,23.9,23.9,23.9,23.9,23.9,23.9,23.9,23.9,23.9,23.9,23.9,23.9,23.9,23.9,23.9,23.9,23.9,23.9,23.9,23.9,23.9,23.9,23.9,23.9,23.9,23.9,23.9,23.9,23.9,23.9,23.9,23.9,23.9,23.9,23.9,23.9,23.9,23.9,23.9,23.9,23.9,23.9,23.9,23.9,23.9,23.9,23.9,23.9,23.9,23.9,23.9,23.9,23.9,23.9,23.9,23.9,23.9,23.9,23.9,23.9,23.9,23.9,23.9,23.9,23.9,23.9,23.9,23.9,23.9,23.9,23.9,23.9,23.9,23.9,23.9
filter,c,c,c,c,c,c,c,c,c,c,c,c,c,c,c,c,c,o,o,o,o,o,o,o,o,o,o,o,o,o,o,o,o,o,o,o,o,o,o,o,o,o,o,o,o,o,o,o,o,o,o,o,o,o,ZTF_g,ZTF_g,ZTF_g,ZTF_g,ZTF_g,ZTF_g,ZTF_g,ZTF_g,ZTF_g,ZTF_g,ZTF_g,ZTF_g,ZTF_g,ZTF_g,ZTF_g,ZTF_g,ZTF_g,ZTF_g,ZTF_g,ZTF_g,ZTF_g,ZTF_g,ZTF_g,ZTF_g,ZTF_g,ZTF_g,ZTF_r,ZTF_r,ZTF_r,ZTF_r,ZTF_r,ZTF_r,ZTF_r,ZTF_r,ZTF_r,ZTF_r,ZTF_r,ZTF_r,ZTF_r,ZTF_r,ZTF_r,ZTF_r,ZTF_r,ZTF_r,ZTF_r,ZTF_r,ZTF_r,ZTF_r,ZTF_r,ZTF_r,ZTF_r,ZTF_r,ZTF_r
mjd,58871.475558,58871.502917,58871.649612,58871.661789,58875.549415,58875.553112,58879.412552,58879.41914,58903.51912,58903.522349,58903.532975,58903.543512,58931.451278,58931.454381,58931.460733,58931.478442,58951.354288,58873.524886,58873.55021,58877.447016,58877.453976,58881.487073,58885.402456,58901.487844,58901.495155,58901.511678,58901.516156,58905.440202,58905.443698,58905.448999,58905.460305,58911.377705,58911.402589,58911.41378,58911.417086,58913.384679,58913.402193,58913.405446,58913.411113,58919.429917,58919.433183,58925.484999,58933.367512,58933.371389,58933.377758,58933.387592,58937.418298,58937.422311,58937.448447,58941.310141,58947.454986,58948.332865,58948.336258,58948.359403,58891.23339120019,58891.4231480998,58894.31054400001,58894.31840279978,58898.2766435002,58898.28879630007,58899.38133100001,58899.381782399956,58900.330544000026,58900.33192129992,58903.27570600016,58903.29656249983,58904.257337999996,58904.274791699834,58904.28920139978,58905.27334489999,58906.2880092999,58906.28984950017,58909.25454859994,58909.27784720017,58911.38232639991,58911.38277779985,58912.2548727002,58912.255324100144,58913.27601849986,58913.27694439981,58894.28857639991,58894.28902779985,58898.33722219989,58898.33767359983,58899.29684029985,58899.29865740007,58899.31791670015,58899.31975689996,58900.25637729978,58900.257291700225,58901.37446760014,58903.3938310002,58903.39519680012,58904.21265049977,58904.2337962999,58905.23319440009,58905.233657400124,58906.231932899915,58906.23377310019,58909.31616900023,58909.316620400175,58911.248124999925,58912.40277779987,58912.415312500205,58913.212523099966,58913.23378469981,58914.33966440009
flux,-12.0,-13.0,12.0,16.0,19.0,-14.0,-34.0,-66.0,92.0,74.0,89.0,72.0,14.0,13.0,13.0,43.0,11.0,-14.0,-24.0,-11.0,-22.0,-10.0,-18.0,53.0,66.0,76.0,68.0,74.0,56.0,82.0,98.0,58.0,47.0,55.0,51.0,40.0,66.0,67.0,50.0,36.0,49.0,65.0,38.0,32.0,26.0,18.0,36.0,350.0,34.0,31.0,85.0,56.0,-28.0,36.0,45.22723107939888,48.066223331500666,62.11126865113123,67.30039295508391,91.21116440895216,81.94000761919192,92.4746720886604,95.10321529035036,92.12408768027932,96.88496796512258,90.88780184962988,88.36494266444917,88.05215714638199,82.59200325888337,92.30065862298675,90.56500178184687,83.61419251105953,78.56696917814716,60.785500923652116,68.7119699813245,61.06568034162299,61.810520392383665,62.29190319359561,53.09577936941154,58.38622546220387,53.21611915997558,61.83659964620679,57.92963605005255,83.36166878198568,78.85985968506557,91.29083932804993,85.86899895440257,84.70089512314685,86.68612704200045,81.09192312592353,83.26222264732341,87.74282237402849,92.09286838461334,84.41274048509851,89.18339481773522,90.046409397695,84.69910085678146,90.96317276710803,80.35261221856169,88.32425847310505,80.44354483135572,85.53069480177005,64.4958246412161,61.42913500757757,65.24211027852405,54.27362130171237,63.98438500182262,65.24415337745748
dflux,8.0,9.0,10.0,9.0,10.0,8.0,14.0,51.0,9.0,9.0,10.0,10.0,10.0,8.0,10.0,10.0,10.0,10.0,8.0,8.0,15.0,9.0,12.0,11.0,12.0,12.0,12.0,8.0,8.0,10.0,10.0,14.0,13.0,12.0,12.0,12.0,14.0,11.0,12.0,33.0,33.0,25.0,8.0,8.0,10.0,11.0,14.0,139.0,11.0,15.0,38.0,25.0,25.0,21.0,11.958384438208178,16.881689630112827,7.2021820015332425,8.702037385571309,8.45816034840261,8.290251051902715,7.969443696434371,7.381531396554601,7.616046468176629,8.016323758288664,7.888138757369799,9.0557273223586,9.693677279185591,8.170287718441845,10.497679086643751,10.417294386232784,9.326006908689084,7.674868087996528,14.322603256859592,11.882897215470724,10.13972122375109,8.808655963141899,8.334587588392807,8.203547847516953,9.624226350957946,9.61438144623215,6.663683081360118,6.78766719032375,6.0721641435591795,6.509669051006633,9.513086007925896,6.668735771906433,6.493649701180015,7.549843556356917,7.986816094336111,10.42023167577433,7.591829274307259,8.032664388100168,8.142854717169563,9.04585515194101,8.692399056620657,8.530789184830564,11.207107332487267,12.223299964708417,9.758258027579696,6.993428518013048,9.212087835599668,14.160012200403937,9.415269153277169,8.23387187530343,10.383055626063175,9.745298225237203,9.191757632037318
mag,nan,nan,21.202046884880936,20.889700043360186,20.703115997617928,nan,nan,nan,18.99053043163611,19.226920700672558,19.026524983387716,19.256668758921826,21.034679910804403,21.115141619232908,21.115141619232908,19.816328861051034,21.296518287104437,nan,nan,nan,nan,nan,nan,19.589310325998028,19.351140161145327,19.197966019298022,19.318727718234406,19.226920700672558,19.529529932484497,19.115465369040706,18.92193481076876,19.491430016092657,19.719755355160704,19.54909327626439,19.631074559755156,19.894850021680092,19.351140161145327,19.334812993247933,19.65257498915995,20.00924374808178,19.674509799928714,19.36771660839286,19.950541008457975,20.137125054200233,20.362566630072955,20.761818737241732,20.00924374808178,17.53982988912431,20.07130270739436,20.171595765414317,19.076452685714266,19.529529932484497,nan,20.00924374808178,19.7615,19.6954,19.417074,19.329956,18.99988,19.11626,18.984943,18.954512,18.989067,18.934359,19.003736,19.0343,19.03815,19.107655,18.986988,19.007599,19.0943,19.1619,19.4405,19.307419,19.435507,19.422344,19.413921,19.58735,19.484224,19.584892,19.421886,19.492748,19.097584,19.15786,18.998932,19.065409,19.08028,19.055126,19.127556,19.09888,19.041971,18.989435,19.08398,19.02429,19.013834,19.080303,19.002836,19.1375,19.0348,19.136272,19.069695,19.376171,19.429064,19.36368,19.563528,19.384815,19.363646
dmag,0.7238241365066667,0.7516635263723077,0.9047801706333335,0.6107266151775,0.571440107768421,0.6204206884342858,0.44706784901882357,0.8389779764054546,0.10621332437869567,0.13204899787621624,0.12199283199550563,0.15079669510555557,0.7755258605428572,0.6681453567753847,0.8351816959692309,0.2524967918046512,0.9870329134181819,0.7755258605428572,0.36191206825333333,0.7896263307345456,0.7402746850636364,0.9771625842840002,0.7238241365066667,0.22534147645962269,0.1974065826836364,0.1714320323305263,0.19160050672235296,0.11737688700108109,0.15510517210857144,0.1324068542390244,0.1107894086489796,0.2620742563213794,0.30031001408255326,0.23688789922036366,0.2554673422964706,0.325720861428,0.2303076797975758,0.17825519779641794,0.2605766891424,0.9952581876966667,0.7312100970832653,0.41759084798461543,0.22857604310736843,0.27143405119,0.41759084798461543,0.6635054584644445,0.4222307462955556,0.4311923784618286,0.3512675956576471,0.5253562281096775,0.4853879503632942,0.4847036628392858,0.9694073256785716,0.6333461194433334,0.2870759634214105,0.38132934852243366,0.12589776255025928,0.14038724931361804,0.10068209276171512,0.10984897335416209,0.09356846969643041,0.08427050399236245,0.08975955795982353,0.08983450287752534,0.09423088316313842,0.11126732749270157,0.11952888742719082,0.10740479500676323,0.12348460368930132,0.12488746699327218,0.12109885944621579,0.10606088330836008,0.2558269433679225,0.18776483526501944,0.18028231859878324,0.15472894636293494,0.14527030051301718,0.1677513544638047,0.17896979825840312,0.196156393726623,0.11700193768534894,0.12721668073365008,0.07908633006315711,0.08962459986499399,0.11314061710710263,0.08432016159151597,0.0832386785446543,0.09456113416439854,0.10693513065308521,0.13587942325653074,0.0939418596353705,0.09470173640833005,0.10473528196957967,0.11012602134679018,0.1048087583405219,0.10935401414481499,0.13376800535164035,0.1651630102233298,0.11995452007286714,0.09438940754445956,0.11693927317813345,0.2383726077051673,0.16641124111567027,0.13702519373158287,0.2077115758792775,0.16536570772731513,0.15296120081052494
