ATLAS-ZTF,2019bas,ATLAS-ZTF2019bas,246.71545800000004,29.385699999999982,0.07830083570681422,1.0006922855944561e-05,0.07826254708583735,2019-02-24 12:02:36.000,salt
++++++++++++++++++++++++++++++++++++++++++++++++++++++++++++++++
mu,38.09175832315722,0.10675980534603267
hostMass,9.955037186327843,0.005503053766371851
t0,58546.76663043817,0.4208009747417236
x0,0.0008407046710840216,3.30324612365633e-05
x1,1.7714815058360944,0.2668742755444542
c,-0.04608399457743256,0.029846045017244513
chisquare,200.91487049220456,0.0
++++++++++++++++++++++++++++++++++++++++++++++++++++++++++++++++
zp,23.9,23.9,23.9,23.9,23.9,23.9,23.9,23.9,23.9,23.9,23.9,23.9,23.9,23.9,23.9,23.9,23.9,23.9,23.9,23.9,23.9,23.9,23.9,23.9,23.9,23.9,23.9,23.9,23.9,23.9,23.9,23.9,23.9,23.9,23.9,23.9,23.9,23.9,23.9,23.9,23.9,23.9,23.9,23.9,23.9,23.9,23.9,23.9,23.9,23.9,23.9,23.9,23.9,23.9,23.9,23.9,23.9,23.9,23.9,23.9,23.9,23.9,23.9,23.9,23.9,23.9,23.9,23.9,23.9,23.9,23.9,23.9,23.9,23.9,23.9,23.9,23.9,23.9,23.9,23.9,23.9,23.9,23.9,23.9,23.9,23.9,23.9,23.9,23.9,23.9,23.9,23.9,23.9,23.9,23.9,23.9,23.9,23.9,23.9,23.9,23.9,23.9,23.9,23.9,23.9,23.9,23.9,23.9,23.9,23.9,23.9,23.9,23.9,23.9,23.9,23.9,23.9
filter,c,c,c,c,c,c,c,c,c,c,c,c,c,c,c,c,o,o,o,o,o,o,o,o,o,o,o,o,o,o,o,o,o,o,o,o,o,o,o,o,o,o,o,o,o,o,o,o,o,o,o,o,o,o,o,o,o,o,o,o,o,o,o,o,o,o,o,o,o,o,o,o,o,o,o,o,o,o,o,o,o,o,o,o,o,o,o,o,o,o,o,o,o,o,ZTF_g,ZTF_g,ZTF_g,ZTF_g,ZTF_g,ZTF_g,ZTF_g,ZTF_g,ZTF_g,ZTF_g,ZTF_g,ZTF_r,ZTF_r,ZTF_r,ZTF_r,ZTF_r,ZTF_r,ZTF_r,ZTF_r,ZTF_r,ZTF_r,ZTF_r,ZTF_r
mjd,58575.570501,58575.570959,58575.572617,58575.582202,58575.582669,58575.585612,58575.595887,58575.598044,58579.557579,58579.567023,58579.567972,58579.5802,58583.525391,58583.534822,58583.536217,58583.55321,58529.647477,58529.656025,58541.634349,58541.644041,58541.654503,58541.668486,58545.609958,58545.614743,58545.621542,58545.625953,58545.632218,58545.637892,58545.645316,58545.651596,58549.622241,58549.632146,58549.633379,58549.641296,58549.643107,58549.65165,58549.652572,58549.6655,58553.607319,58553.616708,58553.626101,58553.636337,58561.611848,58561.623332,58565.574391,58565.576989,58565.584313,58565.586484,58565.594045,58565.595888,58565.604703,58565.606827,58567.577452,58567.586733,58567.59568,58567.605455,58569.57211,58569.582333,58569.5915,58569.601912,58571.55421,58571.565424,58571.574729,58571.584661,58573.567284,58573.570126,58573.579204,58573.588982,58577.547372,58577.557159,58577.569407,58577.580289,58581.555868,58581.566778,58581.570983,58581.580506,58587.505239,58587.515447,58587.517853,58589.535149,58589.537029,58589.553329,58589.564254,58591.554148,58593.571372,58593.614617,58595.517785,58595.518242,58597.507045,58597.508988,58597.517598,58597.518748,58597.520908,58597.536446,58538.52402780019,58543.525254600216,58556.47802079981,58560.5225463002,58567.5010532001,58572.48224540008,58575.501875000075,58580.43707180023,58583.378298600204,58586.41906249989,58600.39236109983,58538.50180559978,58547.51815970009,58556.50635420019,58560.45842589997,58567.52399310004,58572.45451389998,58575.419409700204,58580.46097220015,58586.37878469983,58597.43400460016,58605.39844910009,58608.34106480004
flux,59.0,46.0,56.0,53.0,45.0,81.0,46.0,58.0,38.0,56.0,43.0,48.0,45.0,19.0,25.0,43.0,29.0,18.0,119.0,139.0,114.0,147.0,149.0,125.0,153.0,178.0,135.0,160.0,137.0,134.0,158.0,163.0,161.0,171.0,167.0,142.0,165.0,94.0,120.0,129.0,100.0,143.0,64.0,116.0,93.0,100.0,110.0,50.0,67.0,62.0,80.0,85.0,84.0,71.0,71.0,75.0,65.0,66.0,85.0,74.0,62.0,83.0,61.0,82.0,40.0,77.0,76.0,60.0,79.0,75.0,93.0,60.0,50.0,71.0,87.0,61.0,46.0,51.0,52.0,28.0,66.0,42.0,86.0,101.0,83.0,56.0,40.0,28.0,18.0,70.0,18.0,51.0,21.0,29.0,178.0198373900864,198.18920701931745,139.73242624660443,106.21513367117528,66.18506504361235,47.311814020114454,38.7793030876182,33.31194570682001,28.573273616796094,22.98639153950566,16.030977331325463,124.9473932595888,186.98208577366444,150.12672133223225,122.32014859859451,102.06057246696452,100.50618768210487,86.09350718475284,78.58477245674625,58.05809744969365,34.80050931404101,30.878457678199812,29.826479813486937
dflux,10.0,10.0,11.0,10.0,9.0,10.0,11.0,8.0,7.0,10.0,9.0,9.0,11.0,9.0,8.0,10.0,12.0,12.0,12.0,12.0,12.0,49.0,12.0,12.0,11.0,13.0,12.0,12.0,13.0,12.0,11.0,11.0,12.0,11.0,11.0,13.0,11.0,76.0,11.0,11.0,10.0,10.0,21.0,20.0,20.0,18.0,23.0,21.0,22.0,19.0,21.0,25.0,13.0,12.0,12.0,12.0,12.0,14.0,14.0,14.0,9.0,10.0,9.0,9.0,15.0,14.0,12.0,14.0,10.0,13.0,12.0,12.0,12.0,10.0,12.0,11.0,13.0,12.0,13.0,16.0,18.0,17.0,17.0,26.0,32.0,36.0,18.0,18.0,16.0,18.0,16.0,18.0,17.0,16.0,18.865085552380584,9.837933773824139,11.610873959242214,8.642990702486408,17.34376529778987,6.441176127327144,12.452400790260288,7.692108596458801,7.304839931118229,4.418553788158939,4.8942989116975015,16.234368172366807,10.386850282384403,13.618800652988268,9.535893665045963,15.460612013266278,9.272700494161203,8.721213064531549,10.813243408459096,6.603193296880486,7.397323194437429,5.652845748993005,6.182190786608992
mag,19.47286997089464,19.743105420796063,19.529529932484497,19.589310325998028,19.76696871556164,19.128787452803373,19.743105420796063,19.491430016092657,19.950541008457975,19.529529932484497,19.816328861051034,19.69689690656103,19.76696871556164,20.703115997617928,20.405149978319905,19.816328861051034,20.24400500525261,20.761818737241732,18.711132596518674,18.542462999364762,18.75773787165882,18.481706663129557,18.467034328969312,18.657724967479858,18.438271422956,18.273949994227763,18.574165578762482,18.389700043360186,18.558198582108982,18.58223800408798,18.403357282613943,18.369530988990103,18.382935309920374,18.317509724019615,18.34320882213104,18.519279139042357,18.356290139465234,18.967180366000754,18.702046884880936,18.623525724251877,18.9,18.511659906337343,19.38455006504028,18.738855026932704,18.97879262861516,18.9,18.796518287104437,19.65257498915995,19.334812993247933,19.419020776254364,19.14227503252014,19.076452685714266,19.089301784845293,19.27185412820231,19.27185412820231,19.21234684152075,19.36771660839286,19.351140161145327,19.076452685714266,19.226920700672558,19.419020776254364,19.102304769059813,19.43667541247308,19.115465369040706,19.894850021680092,19.183773187068795,19.197966019298022,19.45462187404089,19.155932271773896,19.21234684152075,18.97879262861516,19.45462187404089,19.65257498915995,19.27185412820231,19.051201868453454,19.43667541247308,19.743105420796063,19.631074559755156,19.609991640913,20.28210492164445,19.351140161145327,19.841876774005247,19.06375387189108,18.889196565543394,19.102304769059813,19.529529932484497,19.894850021680092,20.28210492164445,20.761818737241732,19.287254899964356,20.761818737241732,19.631074559755156,20.5944517631652,20.24400500525261,18.273829,18.1573,18.536757,18.834534,19.3481,19.712576,19.9285,20.0935,20.2601,20.496323,20.8876,18.658182,18.2205,18.458855,18.681255,18.877855,18.894518,19.062574,19.161654,19.490343,20.046036,20.175861,20.213495
dmag,0.18402308555254238,0.2360296097304348,0.21326961164928573,0.20485588769056606,0.21714724095200003,0.13404150676049384,0.2596325707034783,0.14975671789793105,0.20000403771894737,0.1938814651357143,0.2272471126241861,0.20357553839250003,0.2654021833857778,0.514296096991579,0.34743558552320003,0.2524967918046512,0.44927015369379314,0.7238241365066667,0.10948600384134455,0.09373262199366908,0.11428802155368421,0.36191206825333333,0.08744184199409397,0.10423067565696001,0.07805946570169935,0.07929534079707866,0.09650988486755557,0.081430215357,0.10302606322540146,0.09723010788895523,0.07558922944531646,0.07327054142552147,0.08092443762186337,0.06984267983836258,0.07151555839736529,0.09939838494281691,0.07238241365066667,0.877829271933617,0.09952581876966667,0.09258215699503877,0.10857362047600001,0.07592560872447554,0.356257192186875,0.18719589737241382,0.23349165693763443,0.19543251685680002,0.2270175700861818,0.45600920599920003,0.35651039559283587,0.3327256111361291,0.28500575374950005,0.31933417787058826,0.16803060311761908,0.18350471066366197,0.18350471066366197,0.17371779276160002,0.2004436070326154,0.2303076797975758,0.17882713960752944,0.20540955225189192,0.15760686843290325,0.13081159093493977,0.16019058758754098,0.11916616881512196,0.40715107678500007,0.1974065826836364,0.1714320323305263,0.2533384477773334,0.13743496262784813,0.18819427549173337,0.14009499416258064,0.21714724095200003,0.2605766891424,0.15292059221971832,0.14975671789793105,0.1957884959403279,0.3068384926495652,0.2554673422964706,0.27143405119,0.6204206884342858,0.2961098740254546,0.4394646543076191,0.2146222730339535,0.27949644875009905,0.4185970909918073,0.6979732744885715,0.4885812921420001,0.6979732744885715,0.9650988486755556,0.27918930979542855,0.9650988486755556,0.3832010134447059,0.8789293086152382,0.5990268715917242,0.11505743792604453,0.053894967535900846,0.09021775807575443,0.08834906664190544,0.2845166639673486,0.14781547204471301,0.3486401584788774,0.2507088858640614,0.2775715967850981,0.20870539041495761,0.33147807619712244,0.14106929985743732,0.06031261956643947,0.09849295850294336,0.08464235136647713,0.16447238933510802,0.10017001813112565,0.10998433079590887,0.14939700774610562,0.12348537662061335,0.23078804789995178,0.1987631426921442,0.22504259314972702
