ATLAS-ZTF,2020nin,ATLAS-ZTF2020nin,276.527708,30.222531,0.060604783046535195,-0.49995494857429984,0.06003584261663768,2020-06-20 08:49:22.368,salt
++++++++++++++++++++++++++++++++++++++++++++++++++++++++++++++++
mu,37.842395020040115,0.07434911967006422
hostMass,9.564368859354696,0.007970580756578591
t0,59033.72875483162,0.14734255533039686
x0,0.0005028939211099356,1.3182470067063264e-05
x1,-0.44035640554523303,0.19033111906270717
c,0.1112548607252293,0.0208749928648613
chisquare,169.51409322444957,0.0
++++++++++++++++++++++++++++++++++++++++++++++++++++++++++++++++
zp,23.9,23.9,23.9,23.9,23.9,23.9,23.9,23.9,23.9,23.9,23.9,23.9,23.9,23.9,23.9,23.9,23.9,23.9,23.9,23.9,23.9,23.9,23.9,23.9,23.9,23.9,23.9,23.9,23.9,23.9,23.9,23.9,23.9,23.9,23.9,23.9,23.9,23.9,23.9,23.9,23.9,23.9,23.9,23.9,23.9,23.9,23.9,23.9,23.9,23.9,23.9,23.9,23.9,23.9,23.9,23.9,23.9,23.9,23.9,23.9,23.9,23.9,23.9,23.9,23.9,23.9,23.9,23.9,23.9,23.9,23.9,23.9,23.9,23.9,23.9,23.9,23.9,23.9,23.9,23.9,23.9,23.9,23.9,23.9,23.9,23.9,23.9,23.9,23.9,23.9,23.9,23.9,23.9,23.9,23.9,23.9,23.9,23.9,23.9,23.9,23.9,23.9,23.9,23.9,23.9,23.9,23.9,23.9,23.9,23.9,23.9,23.9,23.9,23.9,23.9,23.9,23.9,23.9,23.9,23.9,23.9,23.9,23.9,23.9,23.9,23.9,23.9,23.9,23.9,23.9,23.9,23.9,23.9,23.9,23.9,23.9,23.9,23.9,23.9,23.9,23.9,23.9,23.9,23.9,23.9,23.9,23.9,23.9,23.9,23.9,23.9,23.9,23.9,23.9,23.9,23.9,23.9,23.9,23.9,23.9,23.9,23.9,23.9,23.9,23.9,23.9,23.9,23.9,23.9,23.9,23.9,23.9,23.9,23.9,23.9,23.9,23.9
filter,c,c,c,c,c,c,c,c,c,c,c,c,c,c,c,c,c,c,c,c,c,c,c,c,c,c,c,c,c,c,c,c,o,o,o,o,o,o,o,o,o,o,o,o,o,o,o,o,o,o,o,o,o,o,o,o,o,o,o,o,o,o,o,o,o,o,o,o,o,o,o,o,o,o,o,o,o,o,o,o,o,o,o,o,o,o,o,o,o,o,o,o,o,o,o,o,o,o,o,o,o,o,o,o,o,o,o,o,o,o,o,o,o,o,o,o,o,o,o,o,o,o,o,o,o,o,o,o,o,o,o,ZTF_g,ZTF_g,ZTF_g,ZTF_g,ZTF_g,ZTF_g,ZTF_g,ZTF_g,ZTF_g,ZTF_g,ZTF_g,ZTF_g,ZTF_g,ZTF_g,ZTF_g,ZTF_g,ZTF_g,ZTF_g,ZTF_g,ZTF_g,ZTF_g,ZTF_g,ZTF_r,ZTF_r,ZTF_r,ZTF_r,ZTF_r,ZTF_r,ZTF_r,ZTF_r,ZTF_r,ZTF_r,ZTF_r,ZTF_r,ZTF_r,ZTF_r,ZTF_r,ZTF_r,ZTF_r,ZTF_r,ZTF_r,ZTF_r,ZTF_r,ZTF_r,ZTF_r,ZTF_r
mjd,59015.461624,59023.368387,59023.371145,59023.373891,59023.397047,59027.449627,59027.454806,59027.460997,59027.489605,59047.423288,59047.426494,59047.431862,59047.453307,59051.406739,59051.409943,59051.421837,59051.42715,59071.337513,59071.34073,59071.358593,59071.365367,59072.359844,59072.364444,59072.371333,59072.39008,59075.38685,59075.395317,59075.416371,59079.30359,59079.306812,59079.316749,59079.322306,59001.562602,59001.607498,59005.456164,59007.391488,59017.482311,59017.490398,59017.524577,59021.403529,59021.405374,59021.41049,59021.440059,59025.436846,59025.440226,59025.445939,59025.448384,59025.477112,59025.479395,59025.492002,59025.515747,59029.430806,59029.435468,59029.441118,59029.442522,59029.448448,59029.45228,59029.452739,59029.485291,59031.38268,59031.384509,59031.409087,59031.422151,59033.43452,59033.437739,59033.445263,59033.455937,59035.439956,59035.447189,59035.450007,59035.451391,59035.454597,59035.460113,59035.461508,59035.472373,59037.425478,59037.42827,59037.457824,59037.464008,59039.416021,59039.41922,59039.423879,59039.424794,59039.45773,59039.458187,59039.46143,59039.466756,59041.39837,59041.421063,59041.423826,59041.424748,59041.426596,59041.440157,59041.440619,59041.446144,59043.457837,59043.461054,59043.468392,59043.484009,59045.387555,59045.420813,59053.365223,59053.397366,59053.400591,59053.427612,59059.415448,59059.419123,59059.436364,59059.442766,59061.360775,59061.364012,59061.371087,59061.406327,59063.346967,59063.350516,59063.357119,59065.387896,59065.391123,59065.406685,59065.417015,59069.319536,59069.322317,59069.333956,59069.348261,59073.388194,59073.409498,59073.424509,59077.376963,59077.386773,59077.404037,59077.419793,59019.27815969987,59020.36761569977,59022.34253469994,59024.3721758998,59025.321006900165,59026.36373839993,59027.23921300005,59028.33717590012,59029.283402800094,59030.37283559982,59031.31939810002,59032.38218750013,59033.235127300024,59034.2156134001,59035.2156134001,59038.24964120006,59041.22473380016,59044.31672450015,59050.36224539997,59053.353425899986,59056.27364580007,59059.29146989994,59019.362152799964,59020.27983799996,59022.25440970017,59023.30883099977,59024.25829860009,59025.36901619984,59027.27758099977,59028.25486110011,59031.37158560008,59032.320833299775,59033.33085650019,59034.33877310017,59035.330300900154,59038.226446799934,59038.34861110011,59039.31137729995,59041.26824070001,59044.24506939994,59047.3290161998,59050.277083300054,59053.32244209992,59056.35121530015,59061.270370400045,59068.254536999855
flux,-10.0,41.0,39.0,50.0,65.0,98.0,88.0,77.0,69.0,73.0,74.0,69.0,44.0,38.0,62.0,43.0,56.0,20.0,21.0,15.0,23.0,14.0,28.0,23.0,18.0,13.0,14.0,12.0,14.0,17.0,10.0,11.0,-13.0,11.0,25.0,35.0,16.0,-10.0,10.0,20.0,29.0,35.0,33.0,78.0,73.0,75.0,71.0,77.0,80.0,70.0,47.0,88.0,104.0,118.0,95.0,95.0,76.0,99.0,89.0,112.0,101.0,80.0,120.0,98.0,121.0,94.0,86.0,66.0,144.0,136.0,142.0,88.0,68.0,140.0,58.0,102.0,79.0,113.0,103.0,94.0,92.0,103.0,89.0,92.0,102.0,99.0,105.0,64.0,108.0,90.0,96.0,85.0,88.0,90.0,90.0,92.0,78.0,81.0,105.0,69.0,44.0,57.0,55.0,47.0,66.0,42.0,67.0,45.0,52.0,63.0,53.0,57.0,27.0,173.0,192.0,-360.0,42.0,32.0,39.0,45.0,19.0,35.0,27.0,22.0,20.0,22.0,12.0,32.0,30.0,22.0,16.0,14.278414983223108,21.434235596841976,41.992603374088354,64.50883517742206,69.55212446073486,87.84786274744745,89.04862132789073,103.19037720769279,106.09331020665458,116.08817933336826,117.0387298474347,127.20693834107557,123.15861604068711,126.45674532918102,108.6928058519858,104.45268303230552,86.94952223297474,71.96895554480572,41.106604070318014,26.66070319164753,23.625967379763186,17.571142465950924,14.978902710603352,22.440141959453406,41.1509627280479,49.861805466623544,60.94964774758823,75.49197718826102,92.13019704111522,99.34746730808429,119.81897498151524,118.79079805516392,117.46952158054393,122.32014859859451,129.51474058397787,123.32706611805163,125.66166217569747,118.35963031135283,100.57063679250055,87.10847286334733,81.66876721695877,68.14280394811827,64.61557301064965,63.99717447968714,58.254462569531725,29.200238589560364
dflux,9.0,9.0,8.0,9.0,8.0,9.0,10.0,9.0,10.0,12.0,10.0,9.0,8.0,9.0,8.0,8.0,7.0,8.0,10.0,9.0,8.0,8.0,9.0,10.0,9.0,8.0,7.0,8.0,6.0,8.0,8.0,7.0,6.0,7.0,19.0,24.0,10.0,9.0,8.0,10.0,9.0,9.0,9.0,10.0,8.0,8.0,10.0,10.0,8.0,9.0,10.0,12.0,13.0,13.0,11.0,11.0,11.0,13.0,13.0,18.0,14.0,13.0,17.0,15.0,17.0,18.0,14.0,22.0,19.0,20.0,23.0,22.0,28.0,18.0,26.0,15.0,16.0,14.0,15.0,14.0,14.0,15.0,14.0,15.0,14.0,15.0,16.0,9.0,11.0,8.0,10.0,10.0,11.0,11.0,12.0,11.0,11.0,12.0,12.0,54.0,27.0,7.0,6.0,6.0,6.0,13.0,12.0,13.0,10.0,11.0,12.0,13.0,15.0,156.0,64.0,317.0,14.0,16.0,18.0,19.0,7.0,7.0,8.0,10.0,8.0,9.0,9.0,8.0,9.0,8.0,9.0,4.99459738025126,3.692885454428881,4.258327709233799,7.2768695083777875,9.862608521402299,6.295404836683409,10.444445958410483,7.007167960834186,11.889064162135604,8.007878082821286,9.985197441079912,10.548611956601254,11.115658920379293,13.035948088374644,11.879475419710054,8.212751073902584,6.8984779005958705,6.485564879664509,6.381058353621792,4.200622652206463,5.2218707178972155,5.1803766632577535,5.2427757262798345,4.7083843522629225,4.992520185254186,5.144979744086598,6.643895388138262,8.193126004821075,7.665773006824271,8.306027226672384,10.654392635170742,8.6069285079254,11.420191228728479,9.890296705711073,11.416732691969036,8.45961713569708,11.776053428177933,10.163750157011227,8.51955367081707,8.575887936768721,6.701347750329909,6.705941248324941,7.308009590423494,8.858227708826965,6.6057485552653326,5.9339571089055045
mag,nan,19.86804035820066,19.92233848243375,19.65257498915995,19.36771660839286,18.92193481076876,19.038793319624578,19.183773187068795,19.30287727315686,19.241692849698858,19.226920700672558,19.30287727315686,19.79136830878453,19.950541008457975,19.419020776254364,19.816328861051034,19.529529932484497,20.647425010840045,20.5944517631652,20.959771852360795,20.495680409956016,21.034679910804403,20.28210492164445,20.495680409956016,20.761818737241732,21.115141619232908,21.034679910804403,21.202046884880936,21.034679910804403,20.823877696554312,21.4,21.296518287104437,nan,21.296518287104437,20.405149978319905,20.03982988912431,20.889700043360186,nan,21.4,20.647425010840045,20.24400500525261,20.03982988912431,20.10371515030528,19.1697634932738,19.241692849698858,19.21234684152075,19.27185412820231,19.183773187068795,19.14227503252014,19.287254899964356,19.719755355160704,19.038793319624578,18.85741665175305,18.720294981734686,18.955690986777878,18.955690986777878,19.197966019298022,18.910912013506124,19.026524983387716,18.776954943324544,18.889196565543394,19.14227503252014,18.702046884880936,18.92193481076876,18.69303657420887,18.967180366000754,19.06375387189108,19.351140161145327,18.504093769761873,18.566152729074453,18.519279139042357,19.038793319624578,19.318727718234406,18.534679910804403,19.491430016092657,18.878499570595203,19.155932271773896,18.767303891291448,18.86790693823707,18.967180366000754,18.99053043163611,18.86790693823707,19.026524983387716,18.99053043163611,18.878499570595203,18.910912013506124,18.847026752325153,19.38455006504028,18.816440611282623,19.014393726401686,18.944321917401076,19.076452685714266,19.038793319624578,19.014393726401686,19.014393726401686,18.99053043163611,19.1697634932738,19.128787452803373,18.847026752325153,19.30287727315686,19.79136830878453,19.51031286081877,19.54909327626439,19.719755355160704,19.351140161145327,19.841876774005247,19.334812993247933,19.76696871556164,19.609991640913,19.401648626366043,19.589310325998028,19.51031286081877,20.32159058960253,18.30488474217801,18.191746928241123,nan,19.841876774005247,20.137125054200233,19.92233848243375,19.76696871556164,20.703115997617928,20.03982988912431,20.32159058960253,20.543943297944484,20.647425010840045,20.543943297944484,21.202046884880936,20.137125054200233,20.207196863200842,20.543943297944484,20.889700043360186,21.0133,20.57223,19.842068,19.375952,19.294224,19.040672,19.025932,18.865902,18.83578,18.73803,18.729176,18.638723,18.673838,18.645145,18.809498,18.852701,19.051832,19.257137,19.865221,20.335321,20.466526,20.788,20.9613,20.522436,19.86405,19.65558,19.437572,19.205248,18.988995,18.907108,18.703686,18.713043,18.725187,18.681255,18.619202,18.672354,18.651993,18.716991,18.893822,19.049849,19.11986,19.31645,19.374157,19.384598,19.486677,20.236534
dmag,0.9771625842840002,0.23833233763024392,0.2227151189251282,0.19543251685680002,0.13362907135507696,0.09971046778408164,0.12337911417727274,0.12690423172519483,0.1573530731536232,0.17847718434410959,0.1467211087513514,0.14161776583826088,0.1974065826836364,0.2571480484957895,0.14009499416258064,0.20199743344372095,0.135717025595,0.43429448190400005,0.5170172403619048,0.651441722856,0.37764737556869565,0.6204206884342858,0.34898663724428575,0.4720592194608696,0.54286810238,0.6681453567753847,0.54286810238,0.7238241365066667,0.46531551632571433,0.5109346845929412,0.8685889638080001,0.6909230393927274,0.5011090175815386,0.6909230393927274,0.8251595156176,0.7445048261211429,0.678585127975,0.9771625842840002,0.8685889638080001,0.54286810238,0.33695261527034487,0.27918930979542855,0.2961098740254546,0.13919694932820512,0.11898478956273974,0.11581186184106669,0.15292059221971832,0.1410047019168831,0.10857362047600001,0.13959465489771428,0.23100770314042557,0.1480549370127273,0.135717025595,0.11961500560915254,0.12571682370905266,0.12571682370905266,0.1571460296363158,0.14257142082707072,0.15859068159415732,0.17449331862214287,0.15049808778851487,0.17643213327350002,0.15381262900766668,0.1661841129734694,0.1525414502555372,0.207906932826383,0.17674775426325584,0.36191206825333333,0.1432568603502778,0.15966708893529413,0.17585868105267607,0.27143405119,0.44706784901882357,0.13959465489771428,0.4867093331682759,0.15966708893529413,0.21989594020455697,0.1345159899702655,0.15811692302330096,0.16170539219829788,0.16522072681130437,0.15811692302330096,0.17078996479370787,0.1770222072978261,0.14902261633960787,0.164505485569697,0.16544551691580955,0.152681653794375,0.11058424307740741,0.09650988486755557,0.11309752132916669,0.1277336711482353,0.135717025595,0.1327010916928889,0.14476482730133333,0.12981628535173914,0.15311664426102564,0.16084980811259258,0.12408413768685715,0.8497065950295654,0.6662472165572728,0.1333360251459649,0.11844394961018183,0.13860462188425532,0.0987032913418182,0.33606120623523816,0.19446021577791045,0.31365712581955557,0.20879542399230772,0.18957298813269843,0.24582706522867928,0.24762404669964913,0.6031867804222223,0.9790453638298267,0.36191206825333333,0.9560510469692223,0.36191206825333333,0.54286810238,0.5011090175815386,0.4584219531208889,0.40000807543789474,0.21714724095200003,0.32169961622518517,0.49351645670909094,0.43429448190400005,0.4441648110381819,0.8143021535700001,0.27143405119,0.325720861428,0.3948131653672728,0.6107266151775,0.37979111899394696,0.18706052846110188,0.11010083191223967,0.12247563703219856,0.15395922451090907,0.07780666189294398,0.12734518453632443,0.07372718419857478,0.12167013524605416,0.07489516338141111,0.09262993871848646,0.09003447501061337,0.09799292747518537,0.1119244431451787,0.11866449168953955,0.085367660482783,0.08614109683483935,0.09784236195824453,0.1685409494630584,0.1710670593814031,0.23997214606557746,0.32009998828999625,0.38001925304110845,0.22780886887499155,0.1317237692334959,0.1120314583203545,0.11835208290970216,0.11783468740540758,0.09033962325367333,0.09077387398064712,0.09654447323988359,0.0786664796080924,0.10555346540516393,0.08778809813620891,0.09570771610896715,0.07447604886539984,0.10174692372192419,0.09323408236890846,0.09197503529670217,0.10689146204550437,0.08909031103519947,0.10684742597095488,0.12279656787611164,0.1502831744006814,0.12311675448781483,0.22063902152275824
