CSP,2005kc,CSP2005kc,338.530583,5.568417,0.0151,None,0.013293647410229783,2005-11-09 00:00:00.000,salt
++++++++++++++++++++++++++++++++++++++++++++++++++++++++++++++++
mu,34.21953099415366,0.00645776137444778
hostMass,10.860521014844817,0.00028121941506437646
t0,53698.175737409365,0.013335321924387245
x0,0.006279614968578408,1.3950326027590369e-05
x1,-0.6315970690147982,0.017040476813676708
c,0.39731614572837193,0.001809827298793232
chisquare,1238.7135086543806,0.0
++++++++++++++++++++++++++++++++++++++++++++++++++++++++++++++++
zp,15.111,15.111,15.111,15.111,15.111,15.111,15.111,15.111,15.111,15.111,15.111,15.111,15.111,14.903,14.903,14.903,14.903,14.903,14.903,14.903,14.903,14.903,14.903,14.903,14.903,14.545,14.545,14.545,14.545,14.545,14.545,14.545,14.545,14.545,14.545,14.545,14.545,14.545,14.328,14.328,14.328,14.328,14.328,14.328,14.328,14.328,14.328,14.328,14.328,14.328,14.328,14.437,14.437,14.437,14.437,14.437,14.437,14.437,14.437,14.437,14.437,14.437,14.437,14.437
filter,g,g,g,g,g,g,g,g,g,g,g,g,g,r,r,r,r,r,r,r,r,r,r,r,r,i,i,i,i,i,i,i,i,i,i,i,i,i,B,B,B,B,B,B,B,B,B,B,B,B,B,V0,V0,V0,V0,V0,V0,V0,V0,V0,V0,V0,V0,V0
mjd,53687.52,53689.57,53690.54,53694.58,53695.59,53698.55,53699.54,53702.55,53706.56,53712.53,53716.54,53720.54,53728.54,53687.52,53689.57,53690.54,53694.58,53695.59,53698.55,53699.54,53702.55,53706.56,53712.53,53716.54,53720.54,53687.52,53689.57,53690.54,53694.58,53695.59,53698.55,53699.54,53702.55,53706.56,53712.53,53716.54,53720.54,53728.54,53687.52,53689.57,53690.54,53694.58,53695.59,53698.55,53699.54,53702.55,53706.56,53712.53,53716.54,53720.54,53728.54,53687.52,53689.57,53690.54,53694.58,53695.59,53698.55,53699.54,53702.55,53706.56,53712.53,53716.54,53720.54,53728.54
flux,0.1598085459473092,0.2537464645864963,0.3003308878676556,0.44096081645063795,0.46344691973628843,0.4952220800885215,0.48797772728648586,0.45040167816808746,0.37016896103323454,0.22449155075695904,0.15066070661867426,0.10500258721108852,0.05613064076752021,0.17458221529205073,0.2777154235884665,0.32210687912834385,0.46687433439201875,0.494310686986836,0.5190390101970824,0.5282019497699973,0.5105049999754069,0.4277598314820383,0.3028307694265783,0.272144774645437,0.2556230427112546,0.12485329261594964,0.19054607179632493,0.2185747548686931,0.28893489815590795,0.28893489815590795,0.2649720098878963,0.26205955547333465,0.2394418172863377,0.19408858775927793,0.14804713248976256,0.15863536054785016,0.1690440931643262,0.1445439770745928,0.06680362046792473,0.10754742089727895,0.12427964384409157,0.1855239575549284,0.19715146109965836,0.20530522392794673,0.20211567669607533,0.180301774085957,0.13816562311673272,0.07177942912713622,0.043772363793476474,0.02953928642960275,0.016966802323464605,0.09349750030885987,0.14927944095789966,0.17218685749860038,0.2601357256653133,0.27164392688390804,0.2932243282303113,0.2962101936052765,0.2841842468063587,0.2528133479834112,0.17282238729497654,0.13267833107241608,0.10854254493068267,0.06867521061488187
dflux,0.0013247019922727815,0.002570800437729955,0.0019363047910352447,0.0032491193681719126,0.0038416534876036285,0.0027366983504,0.003595552769801524,0.0024890116560224163,0.0030684439136311912,0.001860879233793924,0.0015264000275044783,0.0012572424385979102,0.0008271716908255739,0.001768757788306754,0.002302068220017588,0.002373371194341631,0.003870064377621287,0.0036422157413233103,0.002868315570149248,0.0034054438197662004,0.0028211548868215144,0.003545832280867871,0.0025102570153736022,0.0015039276029635376,0.0018835001842326883,0.0014949237180212878,0.001754994177787164,0.0018118331001557297,0.0023950698816223672,0.0023950698816223672,0.0014642894400684985,0.0024136577036381864,0.001543738445544191,0.001966384151137032,0.001499920929458344,0.0014610856656768624,0.001401258272323947,0.0014644291503337343,0.0008613977156258626,0.0010896031878513358,0.0010301920390008521,0.0013669910369895624,0.001634248855404248,0.0013236516947648252,0.0016753987591948336,0.0013285125672022552,0.0011452971749501602,0.0007933355687604792,0.0007660009019053814,0.0009522340882667847,0.0005469450854810088,0.001119486942305612,0.0015124059079366363,0.0012687196521144555,0.0016771570034019895,0.0022517397239229043,0.0016204175210071392,0.0021825573638028476,0.0018322035490081746,0.0016299478898542533,0.0015917530108842263,0.001222012589162696,0.0010996851620173162,0.0008855308908322995
mag,17.102,16.6,16.417,16.0,15.946,15.874,15.89,15.977,16.19,16.733,17.166,17.558,18.238,16.798,16.294,16.133,15.73,15.668,15.615,15.596,15.633,15.825,16.2,16.316,16.384,16.804,16.345,16.196,15.893,15.893,15.987,15.999,16.097,16.325,16.619,16.544,16.475,16.645,17.266,16.749,16.592,16.157,16.091,16.047,16.064,16.188,16.477,17.188,17.725,18.152,18.754,17.01,16.502,16.347,15.899,15.852,15.769,15.758,15.803,15.93,16.343,16.63,16.848,17.345
dmag,0.009,0.011,0.007,0.008,0.009,0.006,0.008,0.006,0.009,0.009,0.011,0.013,0.016,0.011,0.009,0.008,0.009,0.008,0.006,0.007,0.006,0.009,0.009,0.006,0.008,0.013,0.01,0.009,0.009,0.009,0.006,0.01,0.007,0.011,0.011,0.01,0.009,0.011,0.014,0.011,0.009,0.008,0.009,0.007,0.009,0.008,0.009,0.012,0.019,0.035,0.035,0.013,0.011,0.008,0.007,0.009,0.006,0.008,0.007,0.007,0.01,0.01,0.011,0.014
