ATLAS-ZTF,2019ard,ATLAS-ZTF2019ard,130.9015952,47.2535595,0.06912115180696107,1.0006922855944561e-05,0.06966803480462767,2019-02-08 05:05:14.000,salt
++++++++++++++++++++++++++++++++++++++++++++++++++++++++++++++++
mu,38.137313050020374,0.28311871929165006
hostMass,8.859623737314653,0.020082311279940385
t0,58526.937035573676,0.7062959525101178
x0,0.0004940255054544056,4.457612440184748e-05
x1,-0.900230454366367,1.0214969801998315
c,-0.004839509220103407,0.0720754481799574
chisquare,62.878937901562765,0.0
++++++++++++++++++++++++++++++++++++++++++++++++++++++++++++++++
zp,23.9,23.9,23.9,23.9,23.9,23.9,23.9,23.9,23.9,23.9,23.9,23.9,23.9,23.9,23.9,23.9,23.9,23.9,23.9,23.9,23.9,23.9,23.9,23.9,23.9,23.9,23.9,23.9,23.9,23.9,23.9,23.9,23.9,23.9,23.9,23.9,23.9,23.9,23.9,23.9,23.9,23.9,23.9,23.9,23.9,23.9,23.9,23.9,23.9,23.9,23.9,23.9,23.9,23.9,23.9,23.9
filter,c,o,o,o,o,o,o,o,o,o,o,o,o,o,o,o,o,o,o,o,o,o,o,o,o,o,o,o,o,o,o,o,o,o,o,o,o,o,o,o,o,o,o,o,o,o,o,o,o,ZTF_g,ZTF_g,ZTF_r,ZTF_r,ZTF_r,ZTF_r,ZTF_r
mjd,58580.373015,58506.502009,58506.511289,58506.520351,58510.497985,58510.505542,58514.475256,58514.484028,58518.460699,58518.469466,58518.477437,58518.490074,58526.469753,58526.482123,58526.489951,58526.498994,58530.456081,58530.467429,58530.476628,58530.485733,58538.441155,58538.452512,58542.445877,58542.454144,58542.462735,58542.473321,58546.431823,58546.44274,58546.443666,58546.450577,58546.451959,58546.460104,58546.461024,58550.414411,58550.42224,58550.432601,58550.442725,58554.387896,58554.409242,58558.404637,58558.411076,58562.359797,58562.364859,58562.376956,58562.387569,58572.373907,58572.381928,58578.376183,58578.383325,58522.427743100096,58526.41252310015,58522.211967600044,58526.22223380022,58534.32693290012,58534.33967590006,58540.216955999844
flux,16.0,-41.0,55.0,36.0,-20.0,-23.0,26.0,20.0,72.0,45.0,56.0,48.0,90.0,94.0,83.0,79.0,137.0,103.0,108.0,98.0,152.0,109.0,36.0,76.0,36.0,38.0,57.0,45.0,203.0,178.0,43.0,21.0,167.0,42.0,54.0,41.0,43.0,31.0,40.0,31.0,43.0,40.0,45.0,57.0,42.0,-19.0,23.0,40.0,22.0,106.7715629288587,108.87295234711483,94.73289295470182,111.97059860692131,99.66897684035628,77.15427594924951,67.68468311791152
dflux,9.0,23.0,25.0,30.0,13.0,13.0,11.0,12.0,12.0,12.0,12.0,13.0,12.0,12.0,11.0,12.0,39.0,37.0,40.0,40.0,100.0,93.0,13.0,14.0,13.0,14.0,14.0,14.0,145.0,145.0,15.0,14.0,142.0,12.0,10.0,10.0,11.0,14.0,14.0,22.0,20.0,34.0,30.0,33.0,33.0,11.0,9.0,13.0,13.0,9.681609466441792,22.138360901025457,8.307971709588523,8.362620241824793,22.628866910090547,17.875039324222183,7.757173532585872
mag,20.889700043360186,nan,19.54909327626439,20.00924374808178,nan,nan,20.362566630072955,20.647425010840045,19.256668758921826,19.76696871556164,19.529529932484497,19.69689690656103,19.014393726401686,18.967180366000754,19.102304769059813,19.155932271773896,18.558198582108982,18.86790693823707,18.816440611282623,18.92193481076876,18.44539103013807,18.80643375514844,20.00924374808178,19.197966019298022,20.00924374808178,19.950541008457975,19.51031286081877,19.76696871556164,18.131259905216965,18.273949994227763,19.816328861051034,20.5944517631652,18.34320882213104,19.841876774005247,19.569015600442576,19.86804035820066,19.816328861051034,20.171595765414317,19.894850021680092,20.171595765414317,19.816328861051034,19.894850021680092,19.76696871556164,19.51031286081877,19.841876774005247,nan,20.495680409956016,19.894850021680092,20.543943297944484,18.828861,18.8077,18.958748,18.77724,18.9036,19.1816,19.323774
dmag,0.6107266151775,0.6090715294995123,0.49351645670909094,0.9047801706333335,0.7057285330940001,0.6136769852991304,0.45934993278307695,0.651441722856,0.18095603412666666,0.28952965460266666,0.23265775816285716,0.29405355545583334,0.14476482730133333,0.13860462188425532,0.14389275002843377,0.16492195515341773,0.3090781896762044,0.39002174345747576,0.4021245202814815,0.4431576345959184,0.7143001347105264,0.926362082960367,0.39207140727444445,0.20000403771894737,0.39207140727444445,0.40000807543789474,0.2666720502919298,0.3377845970364445,0.7755258605428572,0.8844480319674158,0.3787451877069768,0.7238241365066667,0.9232008447659882,0.3102103442171429,0.20106226014074075,0.2648137084780488,0.2777464709851163,0.4903324795690323,0.380007671666,0.7705224678941937,0.5049935836093024,0.9228757740460001,0.7238241365066667,0.6285841185452632,0.8530784465971429,0.6285841185452632,0.4248532975147827,0.35286426654700004,0.6415713937218183,0.09845012688506649,0.2207749438781847,0.09521788464261605,0.08108914015082136,0.24650579203129538,0.2515424727539748,0.12443353153123819
