ATLAS-ZTF,2021ybx,ATLAS-ZTF2021ybx,47.624038126400016,-11.730160605700002,0.0533455631103761,3.7517724218241733e-06,nan,2021-09-05 13:19:12.000,salt
++++++++++++++++++++++++++++++++++++++++++++++++++++++++++++++++
mu,nan,nan
hostMass,nan,nan
++++++++++++++++++++++++++++++++++++++++++++++++++++++++++++++++
zp,23.9,23.9,23.9,23.9,23.9,23.9,23.9,23.9,23.9,23.9,23.9,23.9,23.9,23.9,23.9,23.9,23.9,23.9,23.9,23.9,23.9,23.9,23.9,23.9,23.9,23.9,23.9,23.9,23.9,23.9,23.9,23.9,23.9,23.9,23.9,23.9,23.9,23.9,23.9,23.9,23.9,23.9,23.9,23.9,23.9,23.9,23.9,23.9,23.9,23.9,23.9,23.9,23.9,23.9,23.9,23.9,23.9,23.9,23.9,23.9,23.9,23.9,23.9,23.9,23.9,23.9,23.9,23.9,23.9,23.9,23.9,23.9,23.9,23.9,23.9,23.9,23.9,23.9,23.9,23.9,23.9,23.9,23.9,23.9,23.9,23.9,23.9,23.9,23.9,23.9,23.9,23.9,23.9,23.9,23.9,23.9,23.9,23.9,23.9,23.9,23.9,23.9,23.9,23.9,23.9,23.9,23.9,23.9,23.9,23.9,23.9,23.9,23.9,23.9,23.9,23.9,23.9,23.9,23.9,23.9,23.9,23.9,23.9,23.9,23.9,23.9,23.9,23.9,23.9,23.9,23.9,23.9,23.9,23.9,23.9,23.9,23.9,23.9,23.9,23.9,23.9,23.9,23.9,23.9,23.9,23.9,23.9,23.9
filter,c,c,c,c,c,c,c,c,c,c,c,c,c,c,c,c,c,c,c,c,c,o,o,o,o,o,o,o,o,o,o,o,o,o,o,o,o,o,o,o,o,o,o,o,o,o,o,o,o,o,o,o,o,o,o,o,o,o,o,o,o,o,o,o,o,o,o,o,o,o,o,o,o,o,o,o,o,o,o,o,o,o,o,o,o,o,o,o,o,o,o,o,o,o,o,o,o,o,o,o,o,o,o,o,o,o,o,o,o,o,o,o,o,o,o,o,o,o,o,o,o,o,o,o,o,o,o,o,o,o,o,o,o,o,o,o,o,o,o,o,o,o,o,o,o,o,o,o
mjd,59444.560429,59462.55535,59462.559974,59462.564122,59462.570543,59466.539391,59466.542638,59466.548139,59466.555496,59470.544917,59470.546773,59470.549553,59470.558277,59518.480789,59518.484464,59518.490615,59518.504259,59522.442226,59522.445894,59522.451425,59522.462975,59442.595094,59442.609291,59445.567183,59445.572676,59445.583213,59447.536466,59447.539694,59447.54614,59448.568542,59448.575447,59448.588364,59450.57197,59450.592225,59452.526053,59452.529751,59452.538527,59452.555913,59454.510266,59454.515325,59454.519907,59456.57435,59456.576192,59456.578954,59458.560907,59458.562737,59458.572681,59458.580049,59460.577962,59460.579806,59460.58257,59460.594558,59464.565448,59464.567301,59464.577452,59464.58299,59474.516617,59474.518447,59474.52215,59474.527238,59474.641359,59477.470934,59477.472763,59477.475521,59477.481489,59478.436738,59478.440899,59478.445022,59478.455758,59484.517779,59484.520085,59484.523312,59484.530448,59485.502013,59485.504757,59485.525579,59485.528778,59486.498593,59486.500427,59486.504849,59486.510375,59488.509231,59488.511075,59488.513843,59488.518908,59489.490787,59489.492617,59489.495819,59489.512049,59490.508224,59490.510101,59490.512862,59490.518177,59492.499257,59492.504819,59492.512196,59493.498688,59493.500518,59493.506033,59493.51293,59494.487048,59494.489343,59494.496541,59494.505348,59496.494541,59496.499146,59496.509653,59496.643152,59498.512744,59498.540892,59498.569339,59498.593644,59500.432682,59500.434529,59500.439139,59500.444212,59501.506543,59501.544948,59503.383858,59503.389416,59503.391256,59503.409154,59506.40492,59506.406756,59506.413185,59506.419172,59510.494371,59510.571807,59511.333481,59511.340389,59511.355643,59511.380472,59512.468192,59512.471418,59512.493702,59513.365768,59513.370823,59513.373121,59513.384144,59516.454106,59516.487448,59516.490676,59516.496209,59520.448282,59520.480081,59520.483318,59520.484701,59520.511276
flux,-20.0,234.0,201.0,232.0,256.0,280.0,302.0,308.0,332.0,257.0,306.0,283.0,271.0,35.0,36.0,29.0,48.0,24.0,48.0,67.0,50.0,39.0,-31.0,-53.0,-51.0,-58.0,-52.0,-58.0,44.0,-42.0,-20.0,22.0,31.0,-49.0,-20.0,25.0,-46.0,-39.0,-58.0,-78.0,-57.0,68.0,41.0,62.0,80.0,223.0,74.0,101.0,178.0,168.0,163.0,179.0,243.0,213.0,169.0,262.0,253.0,262.0,238.0,266.0,220.0,315.0,179.0,286.0,184.0,204.0,205.0,157.0,107.0,134.0,161.0,156.0,162.0,141.0,141.0,169.0,130.0,157.0,127.0,134.0,110.0,184.0,178.0,161.0,129.0,147.0,133.0,101.0,192.0,52.0,100.0,154.0,124.0,-69.0,-440.0,-753.0,119.0,147.0,64.0,99.0,127.0,131.0,113.0,144.0,117.0,150.0,114.0,144.0,69.0,111.0,141.0,34.0,105.0,84.0,146.0,95.0,13.0,50.0,75.0,108.0,45.0,83.0,35.0,34.0,32.0,53.0,44.0,35.0,77.0,63.0,49.0,67.0,98.0,30.0,79.0,74.0,59.0,-22.0,21.0,62.0,45.0,70.0,35.0,22.0,50.0,28.0,-24.0,20.0
dflux,9.0,10.0,10.0,10.0,10.0,9.0,10.0,9.0,9.0,10.0,10.0,10.0,9.0,8.0,8.0,8.0,8.0,9.0,12.0,10.0,11.0,12.0,11.0,11.0,10.0,11.0,21.0,15.0,18.0,17.0,17.0,18.0,20.0,23.0,17.0,18.0,15.0,15.0,21.0,17.0,24.0,13.0,10.0,12.0,24.0,36.0,10.0,14.0,12.0,13.0,13.0,13.0,11.0,9.0,10.0,11.0,14.0,14.0,14.0,40.0,26.0,67.0,46.0,54.0,102.0,42.0,35.0,39.0,39.0,18.0,18.0,16.0,17.0,12.0,11.0,15.0,14.0,14.0,13.0,12.0,12.0,18.0,15.0,15.0,15.0,11.0,12.0,12.0,13.0,14.0,11.0,12.0,12.0,49.0,138.0,133.0,12.0,10.0,11.0,12.0,13.0,15.0,11.0,11.0,18.0,16.0,17.0,69.0,11.0,10.0,12.0,13.0,15.0,15.0,16.0,15.0,8.0,10.0,23.0,25.0,21.0,20.0,24.0,27.0,25.0,29.0,24.0,25.0,32.0,38.0,29.0,28.0,23.0,21.0,21.0,15.0,14.0,12.0,13.0,14.0,14.0,16.0,21.0,14.0,15.0,14.0,14.0,16.0
mag,nan,17.976960356474642,18.142009856448777,17.98628003777275,17.879400086720374,17.78210492164445,17.69998264260712,17.67862320874889,17.597154790739907,17.875167191671764,17.685696433796046,17.770533911189272,17.817576772813986,20.03982988912431,20.00924374808178,20.24400500525261,19.69689690656103,20.449471895720983,19.69689690656103,19.334812993247933,19.65257498915995,19.92233848243375,nan,nan,nan,nan,nan,nan,19.79136830878453,nan,nan,20.543943297944484,20.171595765414317,nan,nan,20.405149978319905,nan,nan,nan,nan,nan,19.318727718234406,19.86804035820066,19.419020776254364,19.14227503252014,18.029237842379597,19.226920700672558,18.889196565543394,18.273949994227763,18.33672679568534,18.369530988990103,18.267867422550268,17.935984316004216,18.079050991403154,18.330283238465814,17.854246771700637,17.892198697060454,17.854246771700637,17.95855760735872,17.83779590842233,18.043943297944484,17.654223615525996,18.267867422550268,17.75908491717739,18.237955442476157,18.12592458143525,18.120615347360612,18.410250868976917,18.826540555786973,18.58223800408798,18.382935309920374,18.417188504113845,18.37621246364342,18.52695221836155,18.52695221836155,18.330283238465814,18.615141619232908,18.410250868976917,18.640490697610105,18.58223800408798,18.796518287104437,18.237955442476157,18.273949994227763,18.382935309920374,18.623525724251877,18.481706663129557,18.590370897582282,18.889196565543394,18.191746928241123,19.609991640913,18.9,18.43119819790884,18.66644578709441,nan,nan,nan,18.711132596518674,18.481706663129557,19.38455006504028,18.910912013506124,18.640490697610105,18.606821760860587,18.767303891291448,18.504093769761873,18.729535345634595,18.459771852360795,18.75773787165882,18.504093769761873,19.30287727315686,18.786692553033355,18.52695221836155,20.07130270739436,18.847026752325153,19.089301784845293,18.489117860538904,18.955690986777878,21.115141619232908,19.65257498915995,19.21234684152075,18.816440611282623,19.76696871556164,19.102304769059813,20.03982988912431,20.07130270739436,20.137125054200233,19.589310325998028,19.79136830878453,20.03982988912431,19.183773187068795,19.401648626366043,19.674509799928714,19.334812993247933,18.92193481076876,20.207196863200842,19.155932271773896,19.226920700672558,19.47286997089464,nan,20.5944517631652,19.419020776254364,19.76696871556164,19.287254899964356,20.03982988912431,20.543943297944484,19.65257498915995,20.28210492164445,nan,20.647425010840045
dmag,0.4885812921420001,0.046398983109401715,0.054016726604975134,0.046798974343103455,0.0424115704984375,0.03489866372442857,0.0359515299589404,0.03172605793129871,0.02943260796036145,0.042246544932295724,0.03548157531895425,0.03836523691731449,0.03605765993667897,0.2481682753737143,0.2412747121688889,0.2995134357958621,0.18095603412666666,0.40715107678500007,0.27143405119,0.16205017981492537,0.23886196504720003,0.33407267838769233,0.3852612339470968,0.22534147645962269,0.21288945191372552,0.20591548710965518,0.4384703903838462,0.28079384605862073,0.4441648110381819,0.4394646543076191,0.9228757740460001,0.8883296220763638,0.7004749708129032,0.5096312797853062,0.9228757740460001,0.7817300674272001,0.3540444145956522,0.41759084798461543,0.393111384482069,0.23663481385794874,0.45715208621473685,0.20756721561588234,0.2648137084780488,0.210142491243871,0.325720861428,0.17527579987156952,0.1467211087513514,0.15049808778851487,0.07319569919730337,0.08401530155880954,0.08659245804834356,0.07885235006636873,0.049148552478847744,0.045876177665915494,0.06424474584378699,0.045584344474656494,0.06008026429501977,0.05801643842229008,0.06386683557411765,0.1632686022195489,0.12831427874436366,0.23093436736165082,0.27901600792715087,0.20499914355608392,0.6018755048126088,0.22353392450941179,0.18536959593463417,0.26970517188305737,0.39573562603401874,0.14584516183343285,0.12138665643279505,0.1113575594625641,0.11393528074641976,0.09240308125617022,0.0847028244848227,0.09636711876568048,0.11692543743569232,0.09681724118878982,0.11113835166834647,0.09723010788895523,0.11844394961018183,0.10621332437869567,0.09149462399662922,0.10115554702732919,0.1262483959023256,0.08124556634258503,0.09796116133172933,0.12899836096158415,0.07351338886395833,0.29231359358923076,0.11943098252360002,0.08460282115012988,0.1050712456219355,0.7710300584527537,0.34052635512927276,0.1917701397517663,0.10948600384134455,0.07385960576598641,0.186610910193125,0.1316043884557576,0.11113835166834647,0.12432093947633588,0.10569113497663718,0.08293818230805557,0.16703633919384617,0.11581186184106669,0.16190803053438596,0.5202485981141667,0.1730883804689855,0.0978140725009009,0.09240308125617022,0.4151344312317647,0.15510517210857144,0.1938814651357143,0.11898478956273974,0.1714320323305263,0.6681453567753847,0.21714724095200003,0.3329591027930667,0.25132782517592595,0.5066768955546668,0.26162318186987954,0.7445048261211429,0.8622022802505883,0.8482314099687501,0.5940820743026416,0.5922197480509092,0.7755258605428572,0.451215046134026,0.6548885044584127,0.6425785701640817,0.45374050348179107,0.2548156398926531,0.760015343332,0.288613421518481,0.22008166312702707,0.2576323197735593,0.5922197480509092,0.6721224124704763,0.24516623978451615,0.3377845970364445,0.2481682753737143,0.651441722856,0.6909230393927274,0.325720861428,0.54286810238,0.6333461194433334,0.8685889638080001
