ATLAS-ZTF,2022mvc,ATLAS-ZTF2022mvc,232.552288,7.765330399999998,0.03502422999580597,2.0013845711889123e-05,0.03605115693732067,2022-06-16 09:53:02.112,salt
++++++++++++++++++++++++++++++++++++++++++++++++++++++++++++++++
mu,36.32022657527354,0.053489250608629225
hostMass,10.313251583958877,0.0021071934443635883
t0,59756.21938398953,0.12688995859207353
x0,0.0012270989011785218,2.4185864275209932e-05
x1,-0.4377149743467018,0.11943007213858131
c,0.29718258913331774,0.015264806328710419
chisquare,192.43833337226727,0.0
++++++++++++++++++++++++++++++++++++++++++++++++++++++++++++++++
zp,23.9,23.9,23.9,23.9,23.9,23.9,23.9,23.9,23.9,23.9,23.9,23.9,23.9,23.9,23.9,23.9,23.9,23.9,23.9,23.9,23.9,23.9,23.9,23.9,23.9,23.9,23.9,23.9,23.9,23.9,23.9,23.9,23.9,23.9,23.9,23.9,23.9,23.9,23.9,23.9,23.9,23.9,23.9,23.9,23.9,23.9,23.9,23.9,23.9,23.9,23.9,23.9,23.9,23.9,23.9,23.9,23.9,23.9,23.9,23.9,23.9,23.9,23.9,23.9,23.9,23.9,23.9,23.9,23.9,23.9,23.9,23.9,23.9,23.9,23.9,23.9,23.9,23.9,23.9,23.9,23.9,23.9,23.9,23.9,23.9,23.9,23.9,23.9,23.9,23.9,23.9,23.9,23.9,23.9,23.9,23.9,23.9,23.9,23.9,23.9,23.9,23.9,23.9,23.9,23.9,23.9,23.9,23.9,23.9,23.9,23.9,23.9,23.9,23.9,23.9,23.9,23.9,23.9,23.9,23.9,23.9,23.9,23.9,23.9,23.9,23.9,23.9,23.9,23.9,23.9,23.9,23.9,23.9,23.9,23.9,23.9,23.9,23.9,23.9,23.9,23.9,23.9,23.9,23.9
filter,c,c,c,c,c,c,c,c,c,c,c,c,c,c,c,c,c,c,c,c,c,o,o,o,o,o,o,o,o,o,o,o,o,o,o,o,o,o,o,o,o,o,o,o,o,o,o,o,o,o,o,o,o,o,o,o,o,o,o,o,o,o,o,o,o,o,o,o,o,o,o,o,o,o,o,o,o,o,o,o,o,o,o,o,o,o,o,o,o,o,o,o,o,o,o,o,o,o,o,o,o,o,o,o,o,o,ZTF_g,ZTF_g,ZTF_g,ZTF_g,ZTF_g,ZTF_g,ZTF_g,ZTF_g,ZTF_g,ZTF_g,ZTF_g,ZTF_g,ZTF_g,ZTF_g,ZTF_g,ZTF_r,ZTF_r,ZTF_r,ZTF_r,ZTF_r,ZTF_r,ZTF_r,ZTF_r,ZTF_r,ZTF_r,ZTF_r,ZTF_r,ZTF_r,ZTF_r,ZTF_r,ZTF_r,ZTF_r,ZTF_r,ZTF_r,ZTF_r,ZTF_r,ZTF_r,ZTF_r
mjd,59728.434014,59756.358735,59756.361971,59756.369441,59756.379596,59780.302782,59780.306411,59780.312755,59780.324717,59784.283586,59784.287779,59784.293322,59784.312865,59788.272087,59788.275247,59788.281706,59788.296044,59792.272742,59792.276362,59792.282694,59792.292645,59726.472426,59730.429702,59730.4357,59730.471266,59734.387261,59734.391405,59736.377001,59738.389586,59738.393271,59738.434347,59740.333153,59740.336355,59744.386998,59744.390653,59744.396912,59744.406974,59746.41184,59746.425354,59746.433696,59746.44761,59750.436694,59750.440376,59750.446362,59750.46061,59754.351961,59754.355184,59754.365426,59754.371423,59758.329334,59758.339836,59758.347179,59758.350832,59762.370124,59762.374228,59762.380163,59762.390659,59766.320269,59766.323459,59766.330761,59766.347663,59768.296899,59768.331464,59768.33463,59768.340098,59770.310415,59770.32136,59770.328348,59770.332483,59772.36045,59772.364093,59772.369999,59772.385012,59774.325114,59774.328302,59774.334708,59774.346627,59776.329326,59776.332521,59776.339335,59776.355682,59778.355481,59778.358681,59778.364143,59778.378286,59786.272987,59786.285537,59786.289179,59786.299417,59800.25947,59800.261278,59800.263086,59800.265353,59800.269063,59800.271772,59800.279005,59802.307821,59802.313292,59802.316481,59804.345856,59804.367884,59804.387208,59806.254133,59806.259644,59806.26283,59806.27983,59749.27450230019,59751.33206020016,59753.278680600226,59756.27461809991,59760.23303239979,59764.23431710014,59766.29054399999,59769.255347200204,59769.33363430016,59771.28031249996,59771.31535879988,59781.232847199775,59783.27577550011,59785.21296299994,59794.2179744998,59747.349097200204,59751.27435189998,59753.33083330002,59756.34151619999,59758.25355320005,59760.25442129979,59762.256215299945,59764.25625000009,59766.234502300154,59773.21333329985,59773.333171300124,59775.21039350005,59775.317858799826,59777.20800929982,59779.20796300005,59779.22851849999,59785.18906249991,59787.19305559993,59789.21263890015,59794.24995370023,59802.223865699954,59806.19724539993,59815.187673599925
flux,-54.0,332.0,316.0,311.0,330.0,95.0,105.0,75.0,86.0,71.0,79.0,80.0,85.0,71.0,69.0,63.0,65.0,63.0,46.0,80.0,56.0,27.0,-25.0,57.0,29.0,-20.0,-24.0,16.0,25.0,-44.0,19.0,30.0,30.0,80.0,111.0,165.0,44.0,171.0,168.0,166.0,188.0,272.0,289.0,287.0,266.0,343.0,330.0,326.0,331.0,330.0,332.0,322.0,329.0,290.0,257.0,280.0,285.0,207.0,225.0,231.0,227.0,189.0,176.0,184.0,196.0,175.0,156.0,204.0,217.0,200.0,171.0,184.0,181.0,197.0,178.0,143.0,185.0,166.0,172.0,161.0,161.0,146.0,196.0,155.0,171.0,99.0,152.0,138.0,132.0,28.0,87.0,103.0,31.0,75.0,77.0,39.0,79.0,88.0,72.0,49.0,60.0,122.0,44.0,17.0,45.0,67.0,203.33043978920063,248.148697508861,289.1771678467224,294.42535000216077,268.80912054271585,231.83403818053546,197.69077319660093,159.5075336855247,170.5190089973495,117.84674729462292,122.570963502109,56.484332386264924,41.4734725391524,39.33797500072141,25.946572716327772,204.13618772792614,314.5534117154566,393.6733355793651,378.0015668238198,386.2940332275934,365.99773690121174,337.32117154561695,309.2539105231015,259.3118717597055,178.2662792327166,178.73499808557497,181.83270521862931,200.77479909373707,182.1072348447681,163.59092196186748,171.0467394761072,136.5463199517975,119.0358013590759,96.17956311328491,73.11633264286739,49.7004132695834,59.392991455268685,39.63557838054523
dflux,40.0,11.0,10.0,11.0,11.0,12.0,11.0,9.0,10.0,10.0,9.0,11.0,12.0,10.0,10.0,10.0,9.0,11.0,11.0,10.0,11.0,13.0,15.0,20.0,16.0,12.0,13.0,10.0,16.0,16.0,17.0,17.0,18.0,35.0,32.0,35.0,33.0,21.0,20.0,23.0,23.0,15.0,16.0,16.0,19.0,13.0,13.0,13.0,13.0,13.0,15.0,12.0,12.0,13.0,14.0,15.0,15.0,18.0,14.0,16.0,17.0,16.0,22.0,23.0,19.0,32.0,34.0,33.0,31.0,22.0,22.0,26.0,25.0,29.0,32.0,32.0,38.0,13.0,12.0,13.0,15.0,13.0,14.0,14.0,16.0,13.0,13.0,14.0,13.0,22.0,22.0,24.0,23.0,22.0,19.0,25.0,40.0,40.0,45.0,23.0,33.0,39.0,10.0,10.0,11.0,13.0,13.28412974736703,13.888763307861547,15.855900954128392,13.32251733840763,13.388013758213166,11.650649050943798,11.49763384105249,9.57296590878102,11.911589954458682,11.495931707064303,14.01001581968362,7.369482369008804,7.359918143417186,7.013449746227083,6.994914313280669,14.563912666070312,18.137180411638877,19.97392832028706,14.815375877536134,19.09819408575382,20.941532046233966,12.421492011998325,17.783432381118203,14.954339514671107,13.682732299441053,21.72946539599432,13.861654927864587,15.013623324260864,10.657568684358864,10.266003194596571,13.149797119482463,8.152570176683529,10.018831603695917,9.42992558071169,11.819885547896419,11.130564896139628,9.92292793598796,7.461915677372733
mag,nan,17.597154790739907,17.65078229345399,17.668099027432906,17.60371515030528,18.955690986777878,18.847026752325153,19.21234684152075,19.06375387189108,19.27185412820231,19.155932271773896,19.14227503252014,19.076452685714266,19.27185412820231,19.30287727315686,19.401648626366043,19.36771660839286,19.401648626366043,19.743105420796063,19.14227503252014,19.529529932484497,20.32159058960253,nan,19.51031286081877,20.24400500525261,nan,nan,20.889700043360186,20.405149978319905,nan,20.703115997617928,20.207196863200842,20.207196863200842,19.14227503252014,18.786692553033355,18.356290139465234,19.79136830878453,18.317509724019615,18.33672679568534,18.34972977989986,18.214605376840797,17.8135777399145,17.74775539310863,17.755295258165017,17.83779590842233,17.56176469989307,17.60371515030528,17.61695599983015,17.6004300155607,17.60371515030528,17.597154790739907,17.63036032076042,17.60701025512506,17.74400500525261,17.875167191671764,17.78210492164445,17.762887849978725,18.110074136357703,18.019543704721592,17.990970050269638,18.00993535701719,18.208845489566887,18.286218330464624,18.237955442476157,18.169359821608808,18.292404878284263,18.417188504113845,18.12592458143525,18.058850665378674,18.147425010840045,18.317509724019615,18.237955442476157,18.255803562827037,18.163834434596016,18.273949994227763,18.511659906337343,18.232070678992464,18.34972977989986,18.311178882731127,18.382935309920374,18.382935309920374,18.489117860538904,18.169359821608808,18.42417075457427,18.317509724019615,18.910912013506124,18.44539103013807,18.550302283996906,18.598565171985374,20.28210492164445,19.051201868453454,18.86790693823707,20.171595765414317,19.21234684152075,19.183773187068795,19.92233848243375,19.155932271773896,19.038793319624578,19.256668758921826,19.674509799928714,19.45462187404089,18.684100423313126,19.79136830878453,20.823877696554312,19.76696871556164,19.334812993247933,18.129494,17.91322,17.74709,17.727562,17.82639,17.987057,18.160034,18.393047,18.320568,18.721706,18.679031,19.52018,19.855574,19.91297,20.3648,18.1252,17.655764,17.41216,17.456266,17.432705,17.491304,17.579891,17.674212,17.865444,18.272327,18.269476,18.25082,18.143227,18.249182,18.365602,18.317213,18.5618,18.710806,18.942293,19.239964,19.6591,19.465662,19.904787
dmag,0.804249040562963,0.03597318750710844,0.03435874065696203,0.0384022451844373,0.03619120682533333,0.13714562586442108,0.11374379287961905,0.1302883445712,0.1262483959023256,0.15292059221971832,0.1236914663650633,0.14928872815450003,0.15328040537788237,0.15292059221971832,0.1573530731536232,0.17233908012063492,0.15033270527446155,0.18957298813269843,0.2596325707034783,0.135717025595,0.21326961164928573,0.522761876365926,0.651441722856,0.38096007184561403,0.5990268715917242,0.651441722856,0.5881071109116667,0.678585127975,0.6948711710464001,0.3948131653672728,0.9714481832063159,0.6152505160306667,0.651441722856,0.47500958958250006,0.31300503200288293,0.2303076797975758,0.8143021535700001,0.1333360251459649,0.1292543100904762,0.15043332957518074,0.13282942930574468,0.0598751583507353,0.060109962893287204,0.06052884765212544,0.07755258605428572,0.04115035178390671,0.04277142624812121,0.04329622902417178,0.04264220743770393,0.04277142624812121,0.049054346600602414,0.040462218810931684,0.039601320538358666,0.04867093331682759,0.059145162905214016,0.05816443954071429,0.05714401077684211,0.09441184389217391,0.06755691940728889,0.07520250768900434,0.08131064088511014,0.09191417606433863,0.135717025595,0.135717025595,0.10524993821653061,0.19853462029897145,0.23663481385794874,0.17563379782882355,0.15510517210857144,0.11943098252360002,0.13968535967672516,0.1534192463247826,0.1499635641933702,0.15982918750274114,0.195188531192809,0.2429619479183217,0.22301608530205408,0.08502753410771086,0.07574903754139535,0.08766814075701865,0.10115554702732919,0.09667514151972603,0.07755258605428572,0.09806649591380645,0.10158935249216375,0.14257142082707072,0.09285901751236843,0.11014715120753625,0.10692856562030303,0.8530784465971429,0.27455398281287363,0.2529870768372816,0.8055462164348388,0.3184826200629334,0.26790893364207796,0.6959847466410257,0.5497398505113925,0.49351645670909094,0.678585127975,0.5096312797853062,0.5971549126180001,0.3470796064396722,0.24675822835454547,0.6386683557411765,0.2654021833857778,0.21066523375940302,0.07093409442481195,0.0607681334380128,0.05953210570936487,0.04912871603191044,0.05407499275980544,0.05456287429938085,0.063146079750975,0.06516128382116662,0.07584400440664264,0.10591339640969158,0.12410101846371735,0.14165545524477158,0.19267568166215954,0.19357265618283437,0.2927026934213771,0.0774608727659319,0.06260365550571,0.0550873406163033,0.042554294450494065,0.05367828384814686,0.06212327900780172,0.03998107658872489,0.062434510038763234,0.06261366947517631,0.08333509793037604,0.13199690907325826,0.08276894189621571,0.08118964372699349,0.06354117773073892,0.06813441242878657,0.08346964614233522,0.06482445375164002,0.09138266032009176,0.10645100975465917,0.1755186182293094,0.2431540603418975,0.18139652260891176,0.20440403139837743
