ATLAS-ZTF,2019dwz,ATLAS-ZTF2019dwz,238.6720725000001,-30.647209999999998,0.04607963148708845,2.990802540674131e-06,nan,2019-04-24 11:24:00.000,salt
++++++++++++++++++++++++++++++++++++++++++++++++++++++++++++++++
mu,nan,nan
hostMass,nan,nan
++++++++++++++++++++++++++++++++++++++++++++++++++++++++++++++++
zp,23.9,23.9,23.9,23.9,23.9,23.9,23.9,23.9,23.9,23.9,23.9,23.9,23.9,23.9,23.9,23.9,23.9,23.9,23.9,23.9,23.9,23.9,23.9,23.9,23.9,23.9,23.9,23.9,23.9,23.9,23.9,23.9,23.9,23.9,23.9,23.9,23.9,23.9,23.9,23.9,23.9,23.9,23.9,23.9,23.9,23.9,23.9,23.9,23.9,23.9,23.9,23.9,23.9,23.9,23.9,23.9,23.9,23.9,23.9,23.9,23.9,23.9,23.9,23.9,23.9,23.9,23.9,23.9,23.9,23.9,23.9,23.9,23.9,23.9,23.9,23.9,23.9,23.9,23.9,23.9,23.9,23.9,23.9,23.9,23.9,23.9,23.9,23.9,23.9,23.9,23.9,23.9,23.9,23.9,23.9,23.9,23.9,23.9,23.9,23.9,23.9,23.9
filter,c,c,c,c,c,c,c,c,c,c,c,c,c,c,c,c,c,c,c,c,c,c,c,c,c,c,c,c,c,c,c,c,c,c,c,o,o,o,o,o,o,o,o,o,o,o,o,o,o,o,o,o,o,o,o,o,o,o,o,o,o,o,o,o,o,o,o,o,o,o,o,o,o,o,o,o,o,o,o,o,o,o,o,o,o,o,o,o,o,o,o,o,o,o,o,o,o,o,o,o,o,o
mjd,58577.551664,58577.552581,58577.561937,58577.565137,58581.597064,58581.606712,58605.516954,58605.526708,58605.53689,58605.546616,58607.427861,58607.432945,58607.436662,58607.440121,58607.443688,58609.453881,58609.45572,58609.46254,58609.462997,58609.465182,58609.471585,58609.473764,58609.474221,58609.480683,58609.48114,58609.483298,58609.491251,58633.405694,58633.408438,58633.425541,58633.431029,58637.398965,58637.402697,58637.409629,58637.423159,58579.546274,58579.556558,58579.559947,58583.569548,58583.579231,58587.553536,58589.504092,58597.4748,58597.475258,58597.479832,58597.480747,58597.482576,58597.485779,58597.487152,58597.501081,58599.509315,58599.519918,58599.52636,58599.534184,58607.470972,58611.476036,58611.478226,58611.484328,58611.503517,58617.435079,58617.436909,58617.442597,58619.41427,58619.419249,58619.422936,58619.434505,58625.498713,58625.501974,58625.507606,58625.517476,58627.42677,58627.431731,58627.442513,58627.45266,58629.363779,58629.372012,58629.37374,58629.37962,58631.421612,58631.424377,58631.439528,58631.445051,58635.396089,58635.398855,58635.405319,58635.418614,58643.373884,58643.37665,58643.384798,58643.39509,58645.38831,58645.391054,58645.396089,58645.416441,58647.390979,58647.400853,58655.392007,58655.395233,58657.372256,58657.375455,58657.381415,58657.391619
flux,25.0,14.0,21.0,14.0,-17.0,-17.0,210.0,260.0,219.0,238.0,234.0,224.0,232.0,236.0,241.0,263.0,220.0,226.0,177.0,256.0,224.0,254.0,251.0,262.0,302.0,236.0,250.0,71.0,82.0,89.0,75.0,44.0,59.0,60.0,47.0,33.0,49.0,24.0,18.0,69.0,98.0,76.0,182.0,131.0,150.0,142.0,182.0,146.0,148.0,138.0,180.0,217.0,178.0,170.0,204.0,198.0,204.0,218.0,187.0,193.0,145.0,146.0,196.0,187.0,116.0,132.0,102.0,167.0,75.0,127.0,138.0,140.0,110.0,112.0,93.0,60.0,168.0,232.0,144.0,116.0,104.0,92.0,90.0,128.0,112.0,161.0,93.0,84.0,47.0,70.0,69.0,64.0,75.0,45.0,75.0,62.0,90.0,46.0,31.0,48.0,34.0,45.0
dflux,12.0,12.0,12.0,12.0,11.0,10.0,15.0,13.0,58.0,15.0,13.0,12.0,11.0,11.0,14.0,14.0,14.0,15.0,18.0,13.0,14.0,12.0,13.0,13.0,15.0,12.0,12.0,11.0,11.0,10.0,10.0,12.0,12.0,10.0,11.0,18.0,15.0,17.0,15.0,15.0,44.0,22.0,26.0,21.0,22.0,24.0,22.0,18.0,22.0,31.0,19.0,17.0,15.0,22.0,47.0,18.0,19.0,19.0,18.0,18.0,19.0,18.0,30.0,33.0,33.0,29.0,28.0,34.0,25.0,34.0,18.0,20.0,19.0,19.0,45.0,51.0,48.0,50.0,14.0,17.0,15.0,18.0,14.0,14.0,14.0,16.0,16.0,15.0,18.0,18.0,14.0,14.0,15.0,16.0,30.0,30.0,25.0,22.0,12.0,11.0,13.0,12.0
mag,20.405149978319905,21.034679910804403,20.5944517631652,21.034679910804403,nan,nan,18.0944517631652,17.862566630072955,18.0488897128997,17.95855760735872,17.976960356474642,18.02437995416459,17.98628003777275,17.967719992574732,17.944957393562827,17.850110628775603,18.043943297944484,18.014728902131495,18.280066834095482,17.879400086720374,18.02437995416459,17.88791570845015,17.900815696297403,17.854246771700637,17.69998264260712,17.967719992574732,17.905149978319905,19.27185412820231,19.115465369040706,19.026524983387716,19.21234684152075,19.79136830878453,19.47286997089464,19.45462187404089,19.719755355160704,20.10371515030528,19.674509799928714,20.449471895720983,20.761818737241732,19.30287727315686,18.92193481076876,19.197966019298022,18.249821530037313,18.606821760860587,18.459771852360795,18.519279139042357,18.249821530037313,18.489117860538904,18.474345711512605,18.550302283996906,18.261818737241732,18.058850665378674,18.273949994227763,18.323877696554312,18.12592458143525,18.15833702434617,18.12592458143525,18.053858765988487,18.22039598365875,18.186106727480563,18.496579994412564,18.489117860538904,18.169359821608808,18.22039598365875,18.738855026932704,18.598565171985374,18.878499570595203,18.34320882213104,19.21234684152075,18.640490697610105,18.550302283996906,18.534679910804403,18.796518287104437,18.776954943324544,18.97879262861516,19.45462187404089,18.33672679568534,17.98628003777275,18.504093769761873,18.738855026932704,18.85741665175305,18.99053043163611,19.014393726401686,18.631975075880327,18.776954943324544,18.382935309920374,18.97879262861516,19.089301784845293,19.719755355160704,19.287254899964356,19.30287727315686,19.38455006504028,19.21234684152075,19.76696871556164,19.21234684152075,19.419020776254364,19.014393726401686,19.743105420796063,20.171595765414317,19.69689690656103,20.07130270739436,19.76696871556164
dmag,0.5211533782848,0.9306310326514287,0.6204206884342858,0.9306310326514287,0.7025351913152942,0.6386683557411765,0.07755258605428572,0.054286810238000006,0.287546574776621,0.06842875240084034,0.060318678042222226,0.05816443954071429,0.051478871777413795,0.05060634852694916,0.0630718127246473,0.05779584359939164,0.06909230393927272,0.07206213748407081,0.11041385133152544,0.05513504164796876,0.0678585127975,0.051294623846929135,0.056233349250517935,0.053872407106412216,0.0539272949384106,0.05520692566576272,0.052115337828480005,0.16821265144169015,0.14564753966292684,0.12199283199550563,0.14476482730133333,0.2961098740254546,0.22082770266305088,0.18095603412666666,0.25410847345446813,0.5922197480509092,0.3323682259469388,0.7690631450383334,0.9047801706333335,0.2360296097304348,0.48747339805551027,0.3142920592726316,0.15510517210857144,0.17404931526687023,0.1592413100314667,0.18350471066366197,0.131242837938022,0.1338578882580822,0.1613932196264865,0.24389726338811596,0.11460548828022223,0.08505767502728111,0.09149462399662922,0.14050703826305885,0.25014510599862744,0.0987032913418182,0.10112248965901963,0.09462838481853213,0.1045093673031016,0.1012603714283938,0.1422688820030345,0.1338578882580822,0.1661841129734694,0.19160050672235296,0.3088732306644828,0.23853295407606062,0.29804523267921573,0.2210480895918563,0.36191206825333333,0.29066953513259847,0.14161776583826088,0.15510517210857144,0.18753625354945455,0.1841873918789286,0.5253562281096775,0.9228757740460001,0.3102103442171429,0.23399487171551725,0.1055576865738889,0.15911651276655173,0.15659656799423077,0.21242664875739134,0.16889229851822224,0.11875239739562501,0.135717025595,0.10789925016248447,0.18679332555010755,0.1938814651357143,0.415813865652766,0.27918930979542855,0.2202943024150725,0.23750479479125003,0.21714724095200003,0.3860395394702223,0.43429448190400005,0.5253562281096775,0.30159339021111115,0.5192651414069566,0.420284982487742,0.24881454692416669,0.4151344312317647,0.28952965460266666
