CSP,2006br,CSP2006br,202.50749999999996,13.415778000000003,0.0246,None,0.024651796792500034,2006-04-25 00:00:00.000,salt
++++++++++++++++++++++++++++++++++++++++++++++++++++++++++++++++
mu,35.74355571814525,0.03347691819832697
hostMass,11.11960854686434,0.006792568669265763
t0,53851.21609715237,0.16480983123619808
x0,0.00042831508140258717,6.5430638647390204e-06
x1,-0.6844735472588742,0.07760971545109269
c,0.8615138968461372,0.008907543538106147
chisquare,317.170044158697,0.0
++++++++++++++++++++++++++++++++++++++++++++++++++++++++++++++++
zp,15.111,15.111,15.111,15.111,15.111,15.111,15.111,15.111,14.903,14.903,14.903,14.903,14.903,14.903,14.903,14.903,14.903,14.903,14.545,14.545,14.545,14.545,14.545,14.545,14.545,14.545,14.545,14.545,14.328,14.328,14.328,14.328,14.328,14.328,14.328,14.439,14.439,14.439,14.439,14.439,14.439,14.439,14.439
filter,g,g,g,g,g,g,g,g,r,r,r,r,r,r,r,r,r,r,i,i,i,i,i,i,i,i,i,i,B,B,B,B,B,B,B,V,V,V,V,V,V,V,V
mjd,53861.68,53862.65,53866.65,53867.68,53870.71,53871.66,53872.69,53890.61,53858.69,53861.68,53862.65,53866.65,53867.68,53870.71,53871.66,53872.69,53890.61,53891.66,53858.69,53861.68,53862.65,53866.65,53867.68,53870.71,53871.66,53872.69,53890.61,53891.66,53858.69,53861.68,53862.65,53866.65,53871.66,53872.69,53890.61,53858.69,53861.68,53862.65,53866.65,53867.68,53870.71,53871.66,53872.69
flux,0.02456970827636836,0.022532013356294872,0.01717117443244453,0.016749428760264407,0.009972407117415498,0.010261243651933444,0.009656060985415495,0.002970297844017869,0.06263253647582222,0.04733692033483018,0.04389347855347169,0.037393834364315176,0.03715352290971722,0.03522086356184675,0.03564511334262444,0.035941814631471516,0.013639548675066403,0.013551894123510363,0.03708514658756861,0.02434445183692199,0.02234601057731221,0.02120313116739851,0.021379620895022346,0.02535128630497907,0.026448436268543592,0.02689056950029251,0.01185768748167161,0.01117892390711745,0.009053155916484845,0.00689922009844046,0.006498303634842379,0.004773094139287512,0.002488857318282388,0.0023163276959874465,0.0010954687673339965,0.026399761293548058,0.02286651602919521,0.021557579680386282,0.01750652708383372,0.01530382532177437,0.014441090844161229,0.013061708881318404,0.012450878639160532
dflux,0.0004299612145244745,0.0004150550245547785,0.0007275008611031897,0.0007713396995910114,0.0008174584485259,0.0005765082347119303,0.0004091037983098877,0.00033376094062452944,0.0010383605627445652,0.0005231869781338882,0.0005255560408637644,0.0005510559076938279,0.0007528325024363233,0.0006812318973590383,0.0004924554397248613,0.0006951763273188856,0.00032662470312549573,0.0004743067187375543,0.001195483879856483,0.00040359723765701826,0.0004527915994202161,0.0004296337210074734,0.0005513580393075158,0.0005837349393406892,0.0004628382906456317,0.0004210412064197584,0.0003604040145113649,0.0005045123014671706,0.0002418096775510467,0.00015250599697875762,0.00016159928845684054,0.0003209212980473556,0.00029570957719877414,0.00027521074776072884,0.00015336253125303244,0.0004619864957797498,0.0003580342727752332,0.0003375394989690039,0.000451475004885319,0.0005920044488686016,0.000598533129078092,0.00033684779698249897,0.00033256280757082483
mag,19.135,19.229,19.524,19.551,20.114,20.083,20.149,21.429,17.911,18.215,18.297,18.471,18.478,18.536,18.523,18.514,19.566,19.573,18.122,18.579,18.672,18.729,18.72,18.535,18.489,18.471,19.36,19.424,19.436,19.731,19.796,20.131,20.838,20.916,21.729,18.385,18.541,18.605,18.831,18.977,19.04,19.149,19.201
dmag,0.019,0.02,0.046,0.05,0.089,0.061,0.046,0.122,0.018,0.012,0.013,0.016,0.022,0.021,0.015,0.021,0.026,0.038,0.035,0.018,0.022,0.022,0.028,0.025,0.019,0.017,0.033,0.049,0.029,0.024,0.027,0.073,0.129,0.129,0.152,0.019,0.017,0.017,0.028,0.042,0.045,0.028,0.029
