CSP,2007ca,CSP2007ca,202.77420800000007,-15.101832999999996,0.0141,None,0.015735060207281045,2007-04-25 00:00:00.000,salt
++++++++++++++++++++++++++++++++++++++++++++++++++++++++++++++++
mu,34.60855813642898,0.004579953857390281
hostMass,9.100726295715653,0.002123969178416933
t0,54228.10598390407,0.012866123441199306
x0,0.005916913127928361,9.648809798686663e-06
x1,0.7115701076058278,0.012205846240449514
c,0.35740741862265313,0.001271350311398513
chisquare,3307.873358938962,0.0
++++++++++++++++++++++++++++++++++++++++++++++++++++++++++++++++
zp,15.111,15.111,15.111,15.111,15.111,15.111,15.111,15.111,15.111,15.111,15.111,15.111,14.903,14.903,14.903,14.903,14.903,14.903,14.903,14.903,14.903,14.903,14.903,14.903,14.545,14.545,14.545,14.545,14.545,14.545,14.545,14.545,14.545,14.545,14.545,14.545,14.328,14.328,14.328,14.328,14.328,14.328,14.328,14.328,14.328,14.328,14.328,14.328,14.439,14.439,14.439,14.439,14.439,14.439,14.439,14.439,14.439,14.439,14.439,14.439
filter,g,g,g,g,g,g,g,g,g,g,g,g,r,r,r,r,r,r,r,r,r,r,r,r,i,i,i,i,i,i,i,i,i,i,i,i,B,B,B,B,B,B,B,B,B,B,B,B,V,V,V,V,V,V,V,V,V,V,V,V
mjd,54218.68,54224.71,54227.73,54229.69,54231.74,54232.7,54235.66,54239.67,54243.7,54246.64,54255.7,54259.63,54218.68,54224.71,54227.73,54229.69,54231.74,54232.7,54235.66,54239.67,54243.7,54246.64,54255.7,54259.63,54218.68,54224.71,54227.73,54229.69,54231.74,54232.7,54235.66,54239.67,54243.7,54246.64,54255.7,54259.63,54218.68,54224.71,54227.73,54229.69,54231.74,54232.7,54235.66,54239.67,54243.7,54246.64,54255.7,54259.63,54218.68,54224.71,54227.73,54229.69,54231.74,54232.7,54235.66,54239.67,54243.7,54246.64,54255.7,54259.63
flux,0.23988329190194888,0.430526610491711,0.46430140728180314,0.4545691935849242,0.4277598314820376,0.4141903726221005,0.3667752315994956,0.2989509927814587,0.2269864851883823,0.18484171953696588,0.0909494338555297,0.06748387308707574,0.25142010301590195,0.43933924564447685,0.47995442493194496,0.48350392059162145,0.4630202658603083,0.454150712632555,0.40179081084893986,0.3101701499477692,0.2479704898798696,0.23313098574180255,0.2026749152098968,0.17733726245425607,0.17076544728138765,0.25515260109096727,0.24210290467361764,0.2251127015912876,0.20912213301552876,0.20398583002685605,0.17522658618857087,0.12659017493002428,0.10423174293933042,0.10626738654024656,0.13097849623996874,0.12918140390030572,0.10073954848112501,0.18264172487743538,0.19248637777825292,0.18793168168032662,0.17506527083833714,0.16703212258150402,0.14534496779183131,0.10954687673339965,0.0757181509714706,0.05872188659713034,0.025538771357793234,0.020230191786782727,0.13982988484658385,0.2598962421108666,0.2805433637951712,0.2779713267759287,0.26989820734720144,0.26326916742184925,0.23856130399309147,0.19696996148999243,0.1603983882508421,0.13931568029453026,0.08904304435937409,0.07237690370745296
dflux,0.0013256440607802404,0.0031722372974574966,0.002138186998126474,0.0016746947982127537,0.001575925458163496,0.0019074171553225957,0.0027024997784333995,0.0013767201990287148,0.0010453113942117658,0.0011917186063137711,0.0008376752424479628,0.0005593944966760895,0.0013893988350802639,0.003641817592037598,0.0017682174466637222,0.0017812942719335112,0.0017058296990785373,0.0016731530574085505,0.002590441088375726,0.001999740857972092,0.0009135570455997099,0.0008588862919745313,0.0011200229723667375,0.0009800019287029027,0.0007864039466171677,0.003525063454264305,0.001114925078544061,0.0008293458414843453,0.001155651614632019,0.0009393894628037119,0.0014525068509145427,0.0008161570191974712,0.0005760058980213351,0.0007830070403808252,0.0008444495722458006,0.000951843759721238,0.0006494918713012505,0.0016821924522460098,0.0012410055394145518,0.0008654573774768446,0.0009674464390399689,0.0009230536212175807,0.0010709412997733459,0.0006053784128409175,0.0004881729599487464,0.0005408485628441567,0.0004939636314634394,0.00040991929472257714,0.0009015165835278905,0.001675612995867028,0.0015503399217916003,0.0015361263199536724,0.0014915126132723571,0.0014548791848412092,0.001757784647487083,0.001088496233026723,0.0008863942505439848,0.0008982013842662273,0.0006560933970454475,0.0006666159182153868
mag,16.661,16.026,15.944,15.967,16.033,16.068,16.2,16.422,16.721,16.944,17.714,18.038,16.402,15.796,15.7,15.692,15.739,15.76,15.893,16.174,16.417,16.484,16.636,16.781,16.464,16.028,16.085,16.164,16.244,16.271,16.436,16.789,17.0,16.979,16.752,16.767,16.82,16.174,16.117,16.143,16.22,16.271,16.422,16.729,17.13,17.406,18.31,18.563,16.575,15.902,15.819,15.829,15.861,15.888,15.995,16.203,16.426,16.579,17.065,17.29
dmag,0.006,0.008,0.005,0.004,0.004,0.005,0.008,0.005,0.005,0.007,0.01,0.009,0.006,0.009,0.004,0.004,0.004,0.004,0.007,0.007,0.004,0.004,0.006,0.006,0.005,0.015,0.005,0.004,0.006,0.005,0.009,0.007,0.006,0.008,0.007,0.008,0.007,0.01,0.007,0.005,0.006,0.006,0.008,0.006,0.007,0.01,0.021,0.022,0.007,0.007,0.006,0.006,0.006,0.006,0.008,0.006,0.006,0.007,0.008,0.01
