MJD,m,dm,uJy,duJy,F,err,chi/N,RA,Dec,x,y,maj,min,phi,apfit,mag5sig,Sky,Obs
60356.32146,-24.445,36.25,-1,22,o,0,0.92,253.44648,-58.75786,3796.99,9766.55,2.52,1.72,-76.0,-0.464,19.06,20.59,04a60356o0669o
60356.339512,22.821,9.0,3,24,o,0,0.68,253.44648,-58.75786,3779.46,9734.6,2.4,1.76,-72.8,-0.487,19.07,20.62,04a60356o0707o
60356.341859,20.137,0.732,32,23,o,0,0.91,253.44648,-58.75786,3842.49,9813.69,2.56,1.71,-75.7,-0.472,19.12,20.63,04a60356o0712o
60356.344622,-21.317,1.754,-11,19,o,0,1.05,253.44648,-58.75786,3863.16,9697.44,2.49,1.76,-75.7,-0.482,19.09,20.61,04a60356o0718o
60360.360295,-21.538,1.845,-9,16,o,0,1.57,253.44648,-58.75786,7331.38,5958.8,2.22,1.99,-39.5,-0.488,19.06,20.54,04a60360o0757o
60360.379509,19.384,0.511,64,33,o,0,1.02,253.44648,-58.75786,7321.78,5928.19,2.21,2.04,-38.4,-0.504,18.43,19.71,04a60360o0797o
60360.383752,20.806,2.5,17,43,o,0,0.96,253.44648,-58.75786,7381.51,6004.88,2.32,2.05,-40.3,-0.499,18.31,19.46,04a60360o0806o
60360.3892,-18.577,0.912,-135,123,o,0,0.75,253.44648,-58.75786,7402.69,5889.84,2.22,2.04,-33.9,-0.467,17.3,17.95,04a60360o0817o
60364.34865,21.05,1.815,14,25,o,0,1.24,253.44648,-58.75786,2878.81,7530.07,2.48,1.97,-79.3,-0.402,18.38,19.03,04a60364o0667o
60364.364718,-21.456,2.687,-10,26,o,0,1.47,253.44648,-58.75786,2867.81,7494.11,2.41,1.88,-79.0,-0.415,18.49,19.08,04a60364o0701o
60364.37394,22.307,7.433,4,32,o,0,0.82,253.44648,-58.75786,2932.02,7581.86,2.44,1.99,-77.1,-0.385,18.45,19.12,04a60364o0720o
60364.377314,-19.73,0.444,-47,21,o,0,1.83,253.44648,-58.75786,2954.91,7463.92,2.47,1.94,-81.4,-0.396,18.46,19.13,04a60364o0727o
60368.310192,20.43,1.017,24,25,o,0,1.14,253.44648,-58.75786,6613.69,7810.56,2.18,1.91,-58.8,-0.506,18.65,19.41,04a60368o0668o
60368.333328,-20.372,1.106,-26,28,o,0,0.91,253.44648,-58.75786,6596.48,7783.63,2.24,1.98,-60.8,-0.476,18.67,19.45,04a60368o0716o
60368.336523,19.726,0.603,47,28,o,0,1.09,253.44648,-58.75786,6660.11,7858.41,2.24,1.99,-60.4,-0.501,18.66,19.44,04a60368o0723o
60368.342057,-21.252,2.364,-12,27,o,0,0.91,253.44648,-58.75786,6681.78,7743.33,2.27,1.97,-57.1,-0.509,18.71,19.47,04a60368o0735o
60370.078108,22.713,8.111,3,24,o,0,0.82,253.44648,-58.75786,2952.3,3402.32,2.51,2.35,-59.2,-0.438,18.47,19.32,03a60370o0587o
60370.081302,20.784,1.615,18,28,o,0,0.86,253.44648,-58.75786,2934.0,3361.85,2.73,2.6,-54.6,-0.414,18.46,19.34,03a60370o0594o
60370.088663,-18.701,0.984,-120,118,o,0,0.98,253.44648,-58.75786,2990.82,3440.53,2.71,2.54,-58.2,-0.396,17.5,18.94,03a60370o0610o
60370.110101,21.794,3.543,7,25,o,0,1.16,253.44648,-58.75786,3015.4,3322.08,2.41,2.24,-57.7,-0.436,18.54,19.34,03a60370o0654o
60378.070633,-22.4,3.286,-4,13,c,0,0.79,253.44648,-58.75786,5664.85,9667.09,2.89,2.59,-50.8,-0.42,19.42,21.3,03a60378o0705c
60378.074313,-21.321,1.2,-11,13,c,0,0.89,253.44648,-58.75786,5644.16,9628.13,2.94,2.62,-48.0,-0.422,19.42,21.3,03a60378o0713c
60378.080322,-24.227,18.0,-1,13,c,0,0.69,253.44648,-58.75786,5703.98,9706.47,2.84,2.56,-47.4,-0.425,19.43,21.3,03a60378o0726c
60378.104873,-21.572,1.271,-8,11,c,0,1.43,253.44648,-58.75786,5724.65,9587.09,2.84,2.49,-43.1,-0.427,19.45,21.31,03a60378o0778c
60378.146611,20.819,1.047,17,18,c,0,0.84,253.44648,-58.75786,5684.02,9645.25,2.71,2.42,-48.2,-0.405,19.12,20.34,03a60378o0865c
60380.271577,21.453,1.887,10,18,o,0,1.27,253.44648,-58.75786,8623.09,7623.8,2.25,2.0,-37.9,-0.535,19.08,20.48,04a60380o0608o
60380.274366,-22.138,4.441,-5,22,o,0,0.74,253.44648,-58.75786,8602.33,7587.32,2.21,1.99,-38.9,-0.532,19.1,20.45,04a60380o0614o
60380.30558,20.577,0.887,21,19,o,0,1.37,253.44648,-58.75786,8671.06,7675.86,2.2,1.94,-30.3,-0.536,19.08,20.33,04a60380o0681o
60380.323994,21.016,1.581,14,22,o,0,1.18,253.44648,-58.75786,8695.75,7570.9,2.38,2.2,-31.9,-0.502,19.01,20.34,04a60380o0720o
60384.347033,21.042,1.138,14,16,o,0,1.24,253.44648,-58.75786,5657.81,1563.01,2.14,2.08,5.6,-0.458,18.96,20.49,04a60384o0773o
60384.355073,-25.876,116.0,0,19,o,0,0.89,253.44648,-58.75786,5644.3,1532.69,2.35,2.24,-2.9,-0.486,18.95,20.52,04a60384o0790o
60384.358293,22.042,2.846,6,16,o,0,1.24,253.44648,-58.75786,5701.62,1611.44,2.2,2.11,-19.0,-0.487,18.97,20.56,04a60384o0797o
60384.372757,20.946,0.982,15,15,o,0,1.01,253.44648,-58.75786,5731.86,1498.12,2.27,2.05,-8.1,-0.468,18.98,20.52,04a60384o0827o
60388.344408,-20.915,2.11,-16,33,o,0,0.56,253.44648,-58.75786,10075.38,9331.64,2.34,2.06,-2.4,-0.574,19.19,20.5,04a60388o0777o
60388.355688,-20.904,1.88,-16,30,o,0,1.3,253.44648,-58.75786,52.56,9417.04,2.57,1.84,-74.1,-0.42,19.1,20.52,04a60388o0801o
60388.356151,19.661,0.537,50,27,o,0,0.7,253.44648,-58.75786,10061.19,9302.6,2.48,2.21,-31.0,-0.508,19.14,20.53,04a60388o0802o
60388.359372,-22.121,5.194,-5,27,o,0,0.78,253.44648,-58.75786,10128.06,9377.53,2.36,2.12,-14.0,-0.534,19.2,20.55,04a60388o0809o
60388.364939,-20.638,1.385,-20,28,o,0,1.01,253.44648,-58.75786,10150.36,9260.41,2.3,2.02,-4.6,-0.583,19.15,20.53,04a60388o0821o
60388.373173,21.368,3.698,10,38,o,0,0.74,253.44648,-58.75786,88.85,9305.72,2.49,1.8,-67.7,-0.425,18.98,20.52,04a60388o0838o
60392.289702,22.932,7.812,2,19,o,0,1.6,253.44648,-58.75786,8649.68,3093.81,2.49,2.16,-27.3,-0.417,18.72,19.55,04a60392o0667o
60392.312896,21.566,2.456,9,21,o,0,0.88,253.44648,-58.75786,8643.65,3061.77,2.42,2.18,-24.0,-0.413,18.72,19.57,04a60392o0714o
60392.314711,19.924,0.7,39,27,o,0,0.87,253.44648,-58.75786,8701.62,3136.6,2.47,2.13,-23.9,-0.423,18.69,19.57,04a60392o0718o
60392.317928,20.658,1.259,20,25,o,0,0.73,253.44648,-58.75786,8721.29,3019.86,2.4,2.09,-27.7,-0.419,18.75,19.59,04a60392o0725o
60396.257344,-21.263,2.765,-11,31,o,0,0.62,253.44648,-58.75786,3794.32,1640.32,2.05,1.95,44.3,-0.441,18.37,19.05,04a60396o0608o
60396.259159,20.583,1.549,21,33,o,0,0.86,253.44648,-58.75786,3776.78,1601.49,2.11,2.02,30.7,-0.448,18.38,19.05,04a60396o0612o
60396.283014,20.009,0.874,36,32,o,0,1.14,253.44648,-58.75786,3846.41,1687.2,2.28,2.23,2.7,-0.493,18.43,19.08,04a60396o0662o
60396.28665,20.13,0.759,32,24,o,0,1.11,253.44648,-58.75786,3865.46,1573.44,2.06,1.95,42.3,-0.45,18.49,19.08,04a60396o0670o
60400.273873,19.988,0.638,37,23,o,0,1.32,253.44648,-58.75786,1132.66,3499.47,2.1,1.98,39.3,-0.415,18.42,19.17,04a60400o0645o
60400.31017,22.218,5.27,5,25,o,0,0.92,253.44648,-58.75786,1141.13,3465.36,2.24,2.06,42.3,-0.392,18.48,19.24,04a60400o0721o
60400.327364,20.126,0.713,32,23,o,0,0.59,253.44648,-58.75786,1214.17,3553.44,2.08,1.89,43.4,-0.415,18.56,19.27,04a60400o0757o
60400.330546,22.669,8.423,3,26,o,0,0.74,253.44648,-58.75786,1236.73,3440.43,2.12,2.0,41.4,-0.408,18.47,19.31,04a60400o0764o
60400.353911,-20.983,1.976,-15,29,o,0,1.03,253.44648,-58.75786,10463.64,3383.55,2.74,2.35,-4.6,-0.4,18.59,19.25,04a60400o0812o
60400.376247,-19.478,0.536,-59,32,o,0,0.88,253.44648,-58.75786,10467.89,3350.26,2.83,2.13,-11.9,-0.402,18.68,19.23,04a60400o0858o
60400.380272,0.0,20.554,0,22,o,0,1.46,253.44648,-58.75786,369.14,7233.94,2.29,1.85,-70.5,-0.419,18.57,19.24,04a60400o0866o
60403.238699,-22.371,2.188,-4,9,o,0,0.99,253.44648,-58.75786,867.2,7547.21,2.44,1.9,-81.4,-0.39,19.33,20.49,04a60403o0212o
60403.245593,-21.488,1.128,-9,10,o,0,1.02,253.44648,-58.75786,850.72,7509.46,2.37,1.89,-80.6,-0.389,19.36,20.46,04a60403o0217o
60403.252698,21.599,1.281,8,11,o,0,0.86,253.44648,-58.75786,912.68,7594.34,2.32,1.88,-82.2,-0.394,19.29,20.47,04a60403o0222o
60405.186232,21.497,1.06,9,10,o,0,0.76,253.44648,-58.75786,856.19,7530.46,2.58,2.1,-76.6,-0.384,19.36,20.59,04a60405o0177o
60405.207444,20.551,0.326,22,7,o,0,1.87,253.44648,-58.75786,834.99,7501.99,2.43,1.97,-83.8,-0.389,19.22,20.65,04a60405o0192o
60405.228379,-23.525,5.359,-1,8,o,0,1.14,253.44648,-58.75786,903.58,7591.63,2.49,2.01,-84.0,-0.382,19.35,20.78,04a60405o0207o
60406.225419,22.119,1.821,5,9,o,0,0.98,253.44648,-58.75786,863.02,7543.89,2.45,1.95,-80.2,-0.394,19.34,20.73,04a60406o0204o
60406.236746,-26.333,65.667,0,7,o,0,1.38,253.44648,-58.75786,846.3,7510.87,2.42,2.01,-88.1,-0.382,19.3,20.73,04a60406o0212o
60406.243641,-26.728,113.5,0,8,o,0,0.99,253.44648,-58.75786,910.1,7591.45,2.49,2.04,-83.6,-0.39,19.19,20.66,04a60406o0217o
60408.166925,-21.333,0.96,-11,10,o,0,0.61,253.44648,-58.75786,5612.27,1523.19,2.3,2.21,-67.6,-0.403,19.22,20.2,04a60408o0164o
60408.173852,23.087,4.929,2,10,o,0,0.69,253.44648,-58.75786,5594.06,1487.43,2.27,2.19,-73.9,-0.413,19.16,20.25,04a60408o0169o
60408.18078,22.455,3.141,4,12,o,0,0.67,253.44648,-58.75786,5649.64,1567.45,2.3,2.2,-51.4,-0.411,19.27,20.28,04a60408o0174o
60409.176711,21.917,1.497,6,9,o,0,0.68,253.44648,-58.75786,5613.49,1528.33,2.3,2.25,89.4,-0.405,19.24,20.38,04a60409o0171o
60409.187847,24.224,12.556,1,9,o,0,0.87,253.44648,-58.75786,5594.71,1494.51,2.37,2.32,33.2,-0.413,19.22,20.37,04a60409o0179o
60409.194756,21.23,0.944,12,11,o,0,0.65,253.44648,-58.75786,5651.38,1572.98,2.54,2.5,-28.4,-0.407,19.21,20.41,04a60409o0184o
60411.930987,21.225,0.74,12,9,o,0,1.05,253.44648,-58.75786,5589.73,1509.91,2.79,2.64,-38.4,-0.456,19.33,20.84,03a60412o0179o
60413.916356,22.091,1.853,5,10,o,0,1.03,253.44648,-58.75786,5587.81,1515.5,2.78,2.64,-37.1,-0.454,19.31,20.7,03a60414o0166o
60413.937523,-22.122,2.2,-5,11,o,0,0.49,253.44648,-58.75786,5646.03,1594.92,2.8,2.72,36.3,-0.412,19.39,20.72,03a60414o0181o
60416.298742,-22.897,7.316,-2,18,o,0,0.76,253.44648,-58.75786,2150.43,1229.06,2.29,2.01,29.9,-0.446,18.76,20.53,04a60416o0619o
60416.302835,21.228,1.126,12,13,o,0,1.11,253.44648,-58.75786,2136.56,1191.38,2.25,1.9,36.3,-0.454,18.77,20.55,04a60416o0628o
60418.019856,20.678,0.762,19,15,o,0,0.68,253.44648,-58.75786,6446.49,7827.82,2.3,2.04,-52.3,-0.494,19.35,20.82,03a60418o0682o
60418.053385,21.191,1.284,12,16,o,0,0.98,253.44648,-58.75786,6429.56,7785.6,2.49,2.18,-52.8,-0.474,19.23,20.65,03a60418o0751o
60418.068955,-22.34,3.226,-4,14,o,0,1.48,253.44648,-58.75786,6490.64,7862.58,2.37,2.06,-47.9,-0.485,19.25,20.68,03a60418o0783o
60418.07645,21.712,2.032,8,15,o,0,0.87,253.44648,-58.75786,4065.34,2836.12,2.14,1.95,-57.7,-0.52,19.25,20.63,03a60418o0798o
60420.32376,20.543,1.154,22,25,o,0,0.81,253.44648,-58.75786,7798.02,7185.89,2.67,2.22,-64.8,-0.498,18.86,20.28,04a60420o0784o
60420.329277,20.463,0.88,24,21,o,0,1.07,253.44648,-58.75786,7816.33,7220.77,2.52,2.12,-60.8,-0.507,18.83,20.41,04a60420o0795o
60420.354638,-20.627,1.077,-20,22,o,0,0.71,253.44648,-58.75786,7750.44,7124.57,2.5,2.14,-63.8,-0.508,18.81,20.55,04a60420o0846o
60420.357829,-20.88,1.467,-16,24,o,0,0.62,253.44648,-58.75786,7733.56,7235.94,2.64,2.22,-56.4,-0.491,18.89,20.62,04a60420o0853o
60424.22034,-20.803,2.37,-17,41,o,0,1.19,253.44648,-58.75786,250.92,1201.59,2.51,1.97,35.1,-0.487,18.09,18.56,04a60424o0554o
60424.243595,20.275,1.84,28,52,o,0,1.04,253.44648,-58.75786,250.64,1166.73,2.38,1.81,36.4,-0.527,18.01,18.22,04a60424o0603o
60424.24676,-21.882,8.878,-6,57,o,0,0.55,253.44648,-58.75786,310.12,1250.26,2.36,1.8,38.0,-0.52,17.97,18.18,04a60424o0610o
60424.251306,-19.369,0.981,-65,64,o,0,1.22,253.44648,-58.75786,329.38,1135.52,2.42,1.82,33.0,-0.517,17.74,17.9,04a60424o0620o
60424.256791,-18.598,0.55,-132,73,o,0,1.02,253.44648,-58.75786,9339.77,1220.26,2.75,2.61,34.1,-0.38,17.79,17.96,04a60424o0632o
60424.282206,-22.703,18.692,-3,56,o,0,0.98,253.44648,-58.75786,9343.27,1187.82,2.83,2.71,41.4,-0.367,17.8,18.11,04a60424o0686o
60424.284028,-21.205,3.45,-12,41,o,0,0.92,253.44648,-58.75786,9399.48,1262.75,2.9,2.51,-14.6,-0.357,18.08,18.32,04a60424o0690o
60424.291864,21.004,3.985,14,57,o,0,0.76,253.44648,-58.75786,9425.23,1143.8,2.94,2.42,-13.8,-0.357,17.83,18.17,04a60424o0706o
60428.253932,19.81,1.007,43,44,o,0,0.84,253.44648,-58.75786,5937.83,9717.01,2.65,2.06,-64.5,-0.413,17.99,18.6,04a60428o0648o
60428.25623,19.282,0.796,70,56,o,0,1.21,253.44648,-58.75786,5918.34,9679.23,2.51,1.95,-68.0,-0.435,17.78,18.29,04a60428o0653o
60428.262841,-22.647,13.0,-3,41,o,0,1.23,253.44648,-58.75786,5986.8,9760.88,2.42,1.91,-65.1,-0.452,18.28,18.77,04a60428o0667o
60428.290773,-19.126,0.869,-81,70,o,0,1.38,253.44648,-58.75786,6035.48,9650.65,2.41,1.95,-62.0,-0.445,17.59,17.71,04a60428o0727o
60430.05708,20.546,1.082,22,24,o,0,1.02,253.44648,-58.75786,2119.46,2870.14,2.27,2.08,-58.9,-0.474,18.51,19.15,03a60430o0691o
60430.060279,20.208,0.718,30,22,o,0,1.03,253.44648,-58.75786,2138.05,2908.73,2.32,2.09,-66.3,-0.47,18.67,19.3,03a60430o0698o
60430.092671,21.102,1.814,13,24,o,0,0.86,253.44648,-58.75786,2076.77,2838.62,2.25,2.06,-66.5,-0.473,18.67,19.28,03a60430o0766o
60430.097814,20.292,0.781,28,22,o,0,1.29,253.44648,-58.75786,2053.81,2954.75,2.24,2.09,-69.4,-0.48,18.7,19.28,03a60430o0777o
60432.303048,-19.711,0.44,-47,21,o,0,0.68,253.44648,-58.75786,9974.6,3118.26,2.58,2.39,-23.3,-0.42,18.83,20.2,04a60432o0758o
60432.305809,19.984,0.561,37,21,o,0,0.89,253.44648,-58.75786,9993.69,3155.7,2.6,2.54,-24.3,-0.405,18.87,20.2,04a60432o0764o
60432.340703,20.049,0.637,35,22,o,0,0.73,253.44648,-58.75786,9921.34,3056.07,2.65,2.43,-29.5,-0.402,18.83,19.99,04a60432o0837o
60432.369094,-20.467,0.873,-24,21,o,0,0.92,253.44648,-58.75786,9887.54,3158.27,2.44,2.31,-25.7,-0.418,18.82,20.02,04a60432o0894o
60434.049414,-23.098,9.667,-2,20,o,0,0.69,253.44648,-58.75786,4913.52,9049.72,2.48,2.23,-48.7,-0.44,18.86,20.38,03a60434o0726o
60434.084902,20.635,2.235,20,45,o,0,0.93,253.44648,-58.75786,4925.81,9096.36,2.53,2.23,-44.5,-0.408,17.81,18.99,03a60434o0800o
60434.088149,21.55,2.488,9,22,o,0,0.83,253.44648,-58.75786,4873.51,9014.69,2.59,2.34,-54.2,-0.438,18.74,20.05,03a60434o0807o
60434.116517,-20.213,0.758,-30,23,o,0,0.73,253.44648,-58.75786,4850.28,9139.51,2.6,2.19,-45.4,-0.427,18.83,20.06,03a60434o0866o
60436.251211,-20.766,0.891,-18,16,o,0,1.0,253.44648,-58.75786,9352.91,5798.81,2.76,2.41,-19.5,-0.415,19.12,20.65,04a60436o0655o
60436.253563,-21.1,1.4,-13,18,o,0,0.73,253.44648,-58.75786,9334.08,5761.53,2.6,2.29,-21.4,-0.443,19.19,20.68,04a60436o0660o
60436.256737,-22.762,7.412,-3,21,o,0,0.62,253.44648,-58.75786,9397.23,5835.96,2.68,2.3,-19.0,-0.433,19.11,20.65,04a60436o0667o
60436.282228,19.593,0.365,53,19,o,0,0.83,253.44648,-58.75786,9442.59,5723.74,2.88,2.71,-23.6,-0.388,19.02,20.59,04a60436o0721o
60440.287207,21.644,2.654,8,21,o,0,0.62,253.44648,-58.75786,5195.11,5014.85,2.48,2.26,-68.0,-0.446,18.92,20.38,04a60440o0732o
60440.290911,20.41,0.801,25,20,o,0,0.61,253.44648,-58.75786,5213.45,5050.25,2.51,2.26,-68.8,-0.437,18.86,20.41,04a60440o0740o
60440.296883,-25.228,66.5,0,20,o,0,0.73,253.44648,-58.75786,5152.41,4968.9,2.45,2.21,-65.1,-0.436,18.91,20.35,04a60440o0753o
60440.331879,20.454,0.828,24,20,o,0,0.77,253.44648,-58.75786,5120.55,5063.74,2.39,2.18,-66.5,-0.431,18.9,20.4,04a60440o0827o
60441.980962,23.986,13.0,1,12,c,0,0.94,253.44648,-58.75786,8603.26,3163.34,2.64,2.24,-56.8,-0.445,19.35,21.15,03a60442o0622c
60441.982807,24.523,23.333,1,13,c,0,0.75,253.44648,-58.75786,8585.16,3126.37,2.94,2.51,-62.6,-0.431,19.24,21.14,03a60442o0626c
60441.987047,-21.28,1.047,-11,12,c,0,1.12,253.44648,-58.75786,8642.09,3203.11,2.82,2.42,-58.7,-0.431,19.27,21.12,03a60442o0635c
60442.010082,-20.849,0.722,-17,12,c,0,0.86,253.44648,-58.75786,8669.08,3080.52,2.64,2.24,-55.8,-0.441,19.32,21.07,03a60442o0683c
60445.957868,18.807,0.12,109,13,c,0,0.72,253.44648,-58.75786,3796.81,1580.09,2.52,2.35,-64.6,-0.433,19.24,21.22,03a60446o0555c
60445.95971,18.804,0.116,109,13,c,0,0.9,253.44648,-58.75786,3779.92,1540.84,2.48,2.32,-55.6,-0.442,19.25,21.19,03a60446o0559c
60445.962531,18.627,0.117,129,15,c,0,0.52,253.44648,-58.75786,3833.22,1621.38,2.41,2.24,-55.8,-0.449,19.27,21.21,03a60446o0565c
60445.967677,18.88,0.127,102,13,c,0,0.86,253.44648,-58.75786,3857.12,1504.85,2.41,2.22,-55.0,-0.447,19.36,21.19,03a60446o0576c
60448.208753,17.148,0.05,502,25,o,0,0.66,253.44648,-58.75786,4686.87,7977.63,2.71,2.27,-68.2,-0.426,18.83,20.09,04a60448o0575o
60448.21154,17.035,0.036,557,20,o,0,1.48,253.44648,-58.75786,4668.99,7939.77,2.48,2.05,-76.0,-0.439,18.84,20.09,04a60448o0581o
60448.214361,16.994,0.036,578,21,o,0,1.35,253.44648,-58.75786,4732.66,8018.81,2.36,1.98,-69.8,-0.455,18.96,20.12,04a60448o0587o
60448.219855,17.007,0.038,572,22,o,0,1.56,253.44648,-58.75786,4757.66,7904.37,2.35,1.93,-69.6,-0.458,18.9,20.13,04a60448o0599o
60449.976007,16.1,0.086,1318,113,o,0,1.04,253.44648,-58.75786,9482.44,7264.65,2.33,1.99,-49.6,-0.413,16.91,16.77,03a60450o0606o
60450.001496,16.321,0.221,1076,238,o,0,1.27,253.44648,-58.75786,9496.23,7312.08,2.38,2.08,-53.5,-0.401,16.37,16.13,03a60450o0659o
60450.005244,16.004,0.101,1440,145,o,0,1.37,253.44648,-58.75786,9442.48,7230.39,2.5,2.21,-54.3,-0.4,17.08,17.27,03a60450o0667o
60450.031444,16.282,0.073,1114,81,o,0,1.1,253.44648,-58.75786,9415.13,7351.62,2.47,2.13,-54.3,-0.397,16.89,17.15,03a60450o0721o
60450.033806,16.199,0.037,1204,44,o,0,1.66,253.44648,-58.75786,214.82,7105.25,2.37,2.06,-67.3,-0.406,17.89,18.64,03a60450o0726o
60450.037413,16.3,0.051,1097,56,o,0,0.9,253.44648,-58.75786,231.8,7142.14,2.39,2.12,-69.2,-0.404,17.93,18.33,03a60450o0733o
60450.065215,16.267,0.02,1130,22,o,0,1.89,253.44648,-58.75786,173.4,7073.98,2.38,2.05,-65.9,-0.429,18.95,19.8,03a60450o0791o
60450.093734,16.251,0.027,1147,31,o,0,1.41,253.44648,-58.75786,145.99,7196.7,2.48,2.11,-63.7,-0.411,18.58,19.44,03a60450o0849o
60456.329513,14.911,0.011,3943,44,o,0,2.46,253.44648,-58.75786,7003.07,815.8,2.46,2.41,-34.4,-0.406,18.27,18.74,04a60456o0808o
60456.332427,14.883,0.011,4046,43,o,0,3.18,253.44648,-58.75786,7021.58,854.88,2.42,2.32,75.5,-0.404,18.31,18.75,04a60456o0814o
60456.360931,14.919,0.012,3911,46,o,0,2.53,253.44648,-58.75786,6945.74,770.53,2.37,2.28,-54.5,-0.395,18.32,18.7,04a60456o0872o
60456.389521,14.879,0.01,4060,39,o,0,4.49,253.44648,-58.75786,6909.44,888.16,2.43,2.29,-68.7,-0.398,18.28,18.63,04a60456o0932o
60457.965863,14.743,0.007,4599,31,o,0,18.13,253.44648,-58.75786,8951.11,4997.29,2.27,2.03,-54.2,-0.454,18.83,19.75,03a60458o0593o
60457.96867,14.756,0.007,4546,32,o,0,15.36,253.44648,-58.75786,8968.96,5038.5,2.25,2.02,-56.6,-0.45,18.81,19.76,03a60458o0599o
60457.974442,14.745,0.007,4592,32,o,0,22.99,253.44648,-58.75786,8913.72,4959.01,2.19,1.95,-53.9,-0.457,18.84,19.72,03a60458o0611o
60457.984718,14.747,0.007,4584,33,o,0,19.25,253.44648,-58.75786,8891.2,5076.06,2.17,1.98,-55.8,-0.451,18.79,19.68,03a60458o0633o
60462.01076,14.681,0.007,4872,32,o,0,5.12,253.44648,-58.75786,3090.28,9151.88,2.55,2.24,-38.7,-0.433,19.11,20.62,03a60462o0371o
60462.013841,14.696,0.006,4802,31,o,0,10.58,253.44648,-58.75786,3107.01,9191.54,2.54,2.2,-41.6,-0.442,19.05,20.61,03a60462o0377o
60462.019108,14.671,0.006,4917,30,o,0,10.75,253.44648,-58.75786,3053.35,9115.16,2.7,2.33,-36.8,-0.44,19.01,20.57,03a60462o0387o
60462.029475,14.66,0.007,4964,33,o,0,9.23,253.44648,-58.75786,3030.59,9233.95,2.62,2.26,-38.2,-0.456,19.06,20.52,03a60462o0407o
60464.270394,14.879,0.007,4057,28,c,0,11.26,253.44648,-58.75786,7929.38,3089.12,2.72,2.4,-34.8,-0.37,19.26,21.37,04a60464o0492c
60464.273728,14.898,0.007,3987,28,c,0,14.41,253.44648,-58.75786,7947.38,3127.37,2.92,2.76,-54.8,-0.354,19.25,21.33,04a60464o0499c
60464.286459,14.904,0.008,3966,31,c,0,10.4,253.44648,-58.75786,7880.89,3041.89,2.69,2.49,-28.2,-0.357,19.01,20.98,04a60464o0526c
60464.292035,14.891,0.007,4015,26,c,0,19.19,253.44648,-58.75786,7858.76,3155.32,2.65,2.4,-42.1,-0.376,19.25,21.32,04a60464o0538c
60468.211526,15.223,0.008,2958,22,c,0,27.74,253.44648,-58.75786,4207.49,2806.5,2.29,2.22,-83.1,-0.438,19.43,21.47,04a60468o0588c
60468.2347,15.234,0.008,2926,22,c,0,25.87,253.44648,-58.75786,4219.18,2827.71,2.22,2.21,25.2,-0.43,19.42,21.35,04a60468o0637c
60468.237886,15.229,0.008,2941,23,c,0,19.3,253.44648,-58.75786,4157.42,2748.1,2.35,2.33,43.4,-0.425,19.34,21.34,04a60468o0644c
60468.265562,15.224,0.008,2953,23,c,0,22.37,253.44648,-58.75786,4124.94,2849.34,2.27,2.25,-74.4,-0.43,19.41,21.31,04a60468o0703c
60474.01286,15.127,0.013,3231,43,o,0,3.89,253.44648,-58.75786,10287.43,9611.25,3.2,2.47,-42.5,-0.505,18.75,20.64,03a60474o0162o
60474.032998,15.136,0.013,3204,42,o,0,4.14,253.44648,-58.75786,10302.44,9652.77,3.38,2.58,-41.2,-0.498,18.67,20.53,03a60474o0205o
60474.036239,15.156,0.011,3145,36,o,0,3.76,253.44648,-58.75786,10250.82,9569.09,3.4,2.62,-40.7,-0.475,18.63,20.53,03a60474o0212o
60474.041537,15.197,0.013,3027,40,o,0,1.85,253.44648,-58.75786,10228.38,9684.48,3.54,2.89,-44.4,-0.441,18.65,20.52,03a60474o0223o
60474.042895,15.232,0.011,2933,32,o,0,2.14,253.44648,-58.75786,1231.71,9307.0,3.33,2.9,-36.8,-0.41,18.95,20.63,03a60474o0226o
60474.045811,15.207,0.009,3000,28,o,0,4.3,253.44648,-58.75786,1248.09,9346.36,2.87,2.48,-40.5,-0.445,19.02,20.66,03a60474o0232o
60474.055691,15.201,0.01,3016,30,o,0,4.47,253.44648,-58.75786,1197.22,9270.87,3.13,2.68,-36.0,-0.428,19.0,20.61,03a60474o0253o
60474.061284,15.232,0.011,2933,33,o,0,3.39,253.44648,-58.75786,1174.74,9388.6,3.18,2.71,-37.9,-0.432,18.96,20.6,03a60474o0265o
60477.915616,15.467,0.049,2361,116,o,0,1.65,253.44648,-58.75786,4932.94,929.12,2.36,2.18,-44.8,-0.434,16.89,17.25,03a60478o0491o
60477.918853,15.438,0.047,2426,115,o,0,1.36,253.44648,-58.75786,4952.39,969.45,2.28,2.08,-49.1,-0.427,16.78,17.12,03a60478o0498o
60477.924331,15.409,0.021,2491,53,o,0,1.73,253.44648,-58.75786,4893.72,891.59,2.42,2.28,-46.2,-0.427,17.82,18.4,03a60478o0510o
60477.935635,15.375,0.027,2572,69,o,0,1.83,253.44648,-58.75786,4869.93,1010.95,2.26,2.13,-44.5,-0.44,17.37,17.86,03a60478o0534o
60485.941231,16.115,0.019,1301,25,o,0,2.16,253.44648,-58.75786,1406.38,4736.84,2.31,2.09,-69.2,-0.454,18.74,19.33,03a60486o0548o
60485.944511,16.14,0.02,1271,25,o,0,2.17,253.44648,-58.75786,1425.47,4775.54,2.39,2.16,-62.2,-0.442,18.71,19.33,03a60486o0555o
60485.950513,16.116,0.021,1299,28,o,0,1.65,253.44648,-58.75786,1367.57,4701.28,2.31,2.06,-71.4,-0.453,18.78,19.33,03a60486o0568o
60485.960603,16.088,0.019,1333,25,o,0,2.13,253.44648,-58.75786,1343.89,4819.04,2.29,2.06,-75.9,-0.46,18.73,19.31,03a60486o0590o
60488.264566,16.301,0.036,1095,40,o,0,1.08,253.44648,-58.75786,754.16,1243.33,2.28,2.03,27.1,-0.486,18.51,19.59,04a60488o0194o
60488.267846,16.248,0.029,1150,33,o,0,1.21,253.44648,-58.75786,772.54,1280.86,2.38,2.12,30.1,-0.477,18.68,19.76,04a60488o0201o
60488.276655,16.341,0.031,1056,33,o,0,1.13,253.44648,-58.75786,705.08,1205.54,2.55,2.09,34.1,-0.452,18.51,19.83,04a60488o0220o
60488.286934,16.264,0.031,1133,35,o,0,1.26,253.44648,-58.75786,679.16,1323.35,2.39,1.99,35.2,-0.463,18.55,19.35,04a60488o0242o
60490.094674,16.454,0.034,952,32,o,0,0.91,253.44648,-58.75786,5028.99,5020.31,2.65,2.43,-48.7,-0.414,18.52,19.62,03a60490o0044o
60490.113114,16.382,0.035,1017,36,o,0,0.99,253.44648,-58.75786,5045.8,5061.91,2.99,2.71,-45.1,-0.393,18.34,19.51,03a60490o0080o
60490.118323,16.366,0.031,1031,32,o,0,1.02,253.44648,-58.75786,4989.59,4982.43,2.78,2.56,-42.0,-0.407,18.43,19.51,03a60490o0091o
60492.158483,16.52,0.022,896,20,o,0,2.38,253.44648,-58.75786,2143.92,7518.57,2.42,1.9,-78.9,-0.421,19.16,20.82,04a60492o0469o
60492.161707,16.475,0.022,933,20,o,0,2.51,253.44648,-58.75786,2161.17,7552.81,2.37,1.85,-76.9,-0.437,19.14,20.83,04a60492o0476o
60492.167638,16.465,0.02,942,18,o,0,2.96,253.44648,-58.75786,2100.66,7474.3,2.43,2.01,-70.8,-0.443,19.14,20.88,04a60492o0489o
60492.178167,16.476,0.018,932,17,o,0,4.36,253.44648,-58.75786,2077.77,7585.4,2.39,1.83,-74.8,-0.431,19.17,20.84,04a60492o0512o
60493.886712,17.036,0.031,556,17,c,0,0.93,253.44648,-58.75786,9086.29,931.59,2.56,2.2,-52.9,-0.475,19.47,21.62,03a60494o0412c
60493.890059,17.061,0.027,544,15,c,0,1.64,253.44648,-58.75786,9104.65,972.77,2.62,2.18,-54.5,-0.472,19.47,21.62,03a60494o0419c
60494.013196,15.242,0.392,2905,1140,c,0,1.74,253.44648,-58.75786,9016.88,901.45,2.52,2.31,-40.7,-0.394,18.04,19.92,03a60494o0433c
60494.026842,17.024,0.061,563,34,c,0,1.21,253.44648,-58.75786,8989.24,1019.16,2.66,2.37,-49.9,-0.428,18.44,20.42,03a60494o0462c
60496.140831,16.487,0.032,923,29,o,0,1.26,253.44648,-58.75786,6982.9,8995.54,2.56,2.01,-71.1,-0.455,18.77,20.17,04a60496o0429o
60496.144039,16.505,0.03,908,27,o,0,1.6,253.44648,-58.75786,6998.88,9031.98,2.56,2.03,-70.0,-0.453,18.82,20.11,04a60496o0436o
60496.150003,16.499,0.027,912,25,o,0,2.02,253.44648,-58.75786,6942.56,8949.38,2.48,2.04,-70.6,-0.468,18.75,20.13,04a60496o0449o
60496.160174,16.491,0.024,920,22,o,0,2.66,253.44648,-58.75786,6917.86,9058.91,2.59,2.04,-69.8,-0.449,18.76,20.17,04a60496o0471o
60497.883723,17.223,0.04,469,19,c,0,1.14,253.44648,-58.75786,6135.99,2716.8,2.64,2.4,-57.6,-0.433,18.99,20.96,03a60498o0421c
60497.886899,17.143,0.05,504,25,c,0,0.81,253.44648,-58.75786,6154.53,2757.05,2.61,2.37,-57.7,-0.428,18.78,20.7,03a60498o0428c
60497.892763,17.225,0.059,468,28,c,0,0.81,253.44648,-58.75786,6095.42,2678.59,2.67,2.45,-55.9,-0.418,18.65,20.56,03a60498o0441c
60497.903593,17.163,0.029,495,14,c,0,1.51,253.44648,-58.75786,6072.52,2796.11,2.61,2.46,-54.6,-0.448,19.24,21.29,03a60498o0465c
60500.134414,16.71,0.031,751,23,o,0,2.24,253.44648,-58.75786,9673.08,7164.64,2.31,2.21,-37.9,-0.501,18.95,20.71,04a60500o0413o
60500.137637,16.457,0.027,949,25,o,0,2.98,253.44648,-58.75786,9689.81,7202.3,2.35,2.21,-52.5,-0.543,18.79,20.71,04a60500o0420o
60500.143093,16.676,0.031,775,24,o,0,1.68,253.44648,-58.75786,9629.45,7117.77,2.4,2.12,-17.8,-0.489,18.9,20.65,04a60500o0432o
60500.150918,16.874,0.031,646,20,o,0,1.72,253.44648,-58.75786,390.03,7239.46,2.37,1.92,-76.5,-0.42,19.14,20.66,04a60500o0449o
60500.153235,16.696,0.031,761,24,o,0,1.46,253.44648,-58.75786,9605.8,7226.41,2.32,2.16,-19.1,-0.48,18.88,20.64,04a60500o0454o
60500.154141,16.866,0.023,651,15,o,0,2.15,253.44648,-58.75786,406.54,7274.6,2.41,1.94,-86.7,-0.398,19.14,20.7,04a60500o0456o
60500.159693,16.834,0.025,671,17,o,0,1.98,253.44648,-58.75786,346.37,7198.33,2.38,1.92,-88.9,-0.407,19.16,20.74,04a60500o0468o
60500.169941,16.887,0.031,638,20,o,0,1.13,253.44648,-58.75786,322.44,7309.06,2.34,1.93,-75.0,-0.42,19.2,20.71,04a60500o0490o
60504.131521,17.049,0.033,550,18,o,0,1.9,253.44648,-58.75786,4024.85,7342.97,2.4,1.95,-77.4,-0.43,19.04,20.71,04a60504o0413o
60504.134697,16.945,0.03,605,18,o,0,1.24,253.44648,-58.75786,4041.43,7379.51,2.34,1.93,-72.4,-0.448,19.02,20.72,04a60504o0420o
60504.140136,16.855,0.029,658,19,o,0,2.03,253.44648,-58.75786,3981.81,7299.28,2.27,1.8,-76.4,-0.473,19.08,20.74,04a60504o0432o
60504.151999,16.934,0.031,612,19,o,0,1.34,253.44648,-58.75786,3957.37,7407.89,2.33,1.88,-73.1,-0.452,19.07,20.79,04a60504o0458o
60508.117219,17.151,0.063,501,32,o,0,0.77,253.44648,-58.75786,9075.78,4899.7,2.58,2.22,-23.3,-0.423,18.47,19.36,04a60508o0356o
60508.120378,17.142,0.051,505,26,o,0,1.23,253.44648,-58.75786,9093.26,4937.29,2.58,2.27,-23.6,-0.421,18.5,19.36,04a60508o0363o
60508.125842,17.077,0.059,536,32,o,0,0.54,253.44648,-58.75786,9033.12,4853.67,2.52,2.3,-39.8,-0.417,18.52,19.36,04a60508o0375o
60508.135786,17.134,0.064,508,33,o,0,0.96,253.44648,-58.75786,9008.03,4963.77,2.54,2.28,-27.2,-0.433,18.48,19.36,04a60508o0397o
60512.125705,17.478,0.12,370,44,o,0,1.32,253.44648,-58.75786,3310.83,9200.74,3.29,2.52,-72.3,-0.36,17.77,18.16,04a60512o0331o
60512.129345,17.578,0.139,338,47,o,0,1.05,253.44648,-58.75786,3327.19,9236.4,3.19,2.42,-74.2,-0.362,17.81,18.19,04a60512o0339o
60512.134905,17.322,0.096,428,41,o,0,1.19,253.44648,-58.75786,3270.65,9157.09,3.03,2.3,-73.5,-0.368,17.9,18.21,04a60512o0351o
60512.1455,17.441,0.101,383,39,o,0,1.51,253.44648,-58.75786,3247.97,9268.05,3.37,2.65,-73.7,-0.343,17.74,18.16,04a60512o0374o
60513.865534,17.338,0.067,422,28,o,0,0.91,253.44648,-58.75786,7837.34,3176.27,2.33,2.04,-54.8,-0.472,18.62,19.41,03a60514o0371o
60513.869188,17.385,0.084,404,34,o,0,0.61,253.44648,-58.75786,7855.97,3216.56,2.22,2.06,-56.1,-0.478,18.43,19.04,03a60514o0379o
60513.87602,17.4,0.079,398,32,o,0,0.86,253.44648,-58.75786,7799.42,3136.97,2.22,2.05,-52.8,-0.482,18.52,19.15,03a60514o0394o
60513.88616,17.354,0.061,415,25,o,0,1.03,253.44648,-58.75786,7776.11,3252.65,2.22,1.99,-55.6,-0.486,18.62,19.37,03a60514o0416o
60516.113319,17.345,0.07,419,29,o,0,0.76,253.44648,-58.75786,8690.08,9432.94,2.65,2.34,-71.5,-0.453,18.65,20.12,04a60516o0357o
60516.116533,17.286,0.057,442,25,o,0,1.06,253.44648,-58.75786,8706.64,9471.09,2.64,2.33,-75.0,-0.45,18.68,20.11,04a60516o0364o
60516.122011,17.45,0.066,380,25,o,0,1.07,253.44648,-58.75786,8648.89,9387.32,2.68,2.33,-74.5,-0.422,18.65,20.08,04a60516o0376o
60516.142739,17.433,0.07,386,27,o,0,1.14,253.44648,-58.75786,8622.09,9493.8,2.68,2.36,-78.0,-0.432,18.71,20.02,04a60516o0421o
60520.104169,17.805,0.054,274,15,c,0,1.05,253.44648,-58.75786,7769.81,7157.11,2.59,2.25,-53.9,-0.43,19.24,21.35,04a60520o0332c
60520.107355,17.705,0.046,301,14,c,0,0.95,253.44648,-58.75786,7787.12,7193.65,2.52,2.23,-43.3,-0.434,19.28,21.35,04a60520o0339c
60520.112847,17.749,0.049,289,14,c,0,0.88,253.44648,-58.75786,7727.63,7111.11,2.68,2.32,-53.0,-0.425,19.24,21.36,04a60520o0351c
60520.135495,17.66,0.057,313,18,c,0,0.96,253.44648,-58.75786,7699.26,7216.06,2.6,2.24,-59.4,-0.46,19.27,21.43,04a60520o0400c
60521.853574,17.681,0.054,307,17,o,0,0.88,253.44648,-58.75786,5693.59,7223.64,2.48,2.19,-45.9,-0.48,19.15,21.01,03a60522o0339o
60521.856362,17.522,0.044,356,16,o,0,1.23,253.44648,-58.75786,5711.73,7263.39,2.53,2.22,-46.1,-0.485,19.11,20.97,03a60522o0345o
60521.8615,17.653,0.043,315,14,o,0,1.59,253.44648,-58.75786,5659.45,7184.5,2.64,2.4,-46.0,-0.46,19.06,20.95,03a60522o0356o
60521.873109,17.68,0.051,308,16,o,0,1.15,253.44648,-58.75786,5638.84,7302.12,2.42,2.14,-43.2,-0.476,19.15,20.96,03a60522o0381o
60525.836718,17.757,0.067,287,19,o,0,0.85,253.44648,-58.75786,6969.98,4956.59,2.34,2.14,-64.1,-0.497,19.08,20.75,03a60526o0301o
60525.839984,17.909,0.067,249,17,o,0,1.17,253.44648,-58.75786,6989.9,4996.31,2.32,2.13,-61.9,-0.502,19.11,20.77,03a60526o0308o
60525.846034,17.889,0.072,254,18,o,0,0.63,253.44648,-58.75786,6934.06,4917.07,2.29,2.07,-63.7,-0.502,19.1,20.75,03a60526o0321o
60525.85673,17.72,0.061,297,18,o,0,1.16,253.44648,-58.75786,6910.27,5031.92,2.31,2.09,-60.8,-0.491,18.98,20.65,03a60526o0344o
60528.114122,18.063,0.059,216,13,c,0,1.19,253.44648,-58.75786,4934.01,911.06,2.45,2.29,48.7,-0.406,19.32,21.1,04a60528o0216c
60528.117334,18.018,0.058,225,13,c,0,1.18,253.44648,-58.75786,4953.91,948.4,2.36,2.24,47.2,-0.397,19.3,21.14,04a60528o0223c
60528.122523,18.265,0.074,180,13,c,0,1.41,253.44648,-58.75786,4888.09,868.62,2.36,2.19,49.2,-0.403,19.37,21.15,04a60528o0234c
60528.135068,18.095,0.067,210,14,c,0,0.92,253.44648,-58.75786,4859.97,981.77,2.43,2.3,45.8,-0.397,19.3,21.16,04a60528o0261c
60529.835951,17.975,0.058,234,14,o,0,1.63,253.44648,-58.75786,2092.87,2859.82,2.25,2.02,-70.3,-0.499,19.26,20.84,03a60530o0295o
60529.838727,17.973,0.063,235,15,o,0,1.75,253.44648,-58.75786,2111.99,2898.15,2.27,2.01,-72.4,-0.499,19.3,20.83,03a60530o0301o
60529.844258,17.984,0.072,232,17,o,0,0.88,253.44648,-58.75786,2053.45,2822.12,2.4,2.18,-72.7,-0.476,19.29,20.84,03a60530o0313o
60529.854774,17.857,0.056,261,14,o,0,1.15,253.44648,-58.75786,2032.4,2940.86,2.28,2.05,-72.9,-0.496,19.26,20.81,03a60530o0335o
60532.153667,18.133,0.083,203,17,c,0,0.86,253.44648,-58.75786,9906.68,3074.61,3.07,2.42,-24.4,-0.358,19.15,20.9,04a60532o0109c
60532.156953,18.247,0.09,182,16,c,0,0.96,253.44648,-58.75786,9923.73,3114.38,2.95,2.35,-25.7,-0.369,19.18,20.95,04a60532o0116c
60532.162163,18.24,0.076,184,14,c,0,1.17,253.44648,-58.75786,9864.08,3034.1,2.98,2.52,-27.3,-0.367,19.06,20.93,04a60532o0127c
60532.1736,18.082,0.073,212,16,c,0,0.91,253.44648,-58.75786,9834.34,3148.07,3.02,2.24,-23.8,-0.39,19.16,20.95,04a60532o0151c
60532.17645,18.209,0.08,189,15,c,0,1.33,253.44648,-58.75786,116.04,3140.59,2.64,2.08,34.5,-0.391,19.29,21.04,04a60532o0157c
60532.179725,18.15,0.081,200,16,c,0,0.86,253.44648,-58.75786,134.58,3178.37,2.6,2.0,34.9,-0.388,19.28,21.03,04a60532o0164c
60532.185264,18.108,0.136,207,28,c,0,1.19,253.44648,-58.75786,68.98,3104.64,2.72,1.98,34.6,-0.358,18.85,20.49,04a60532o0176c
60532.197576,-20.85,1.194,-17,20,c,0,1.37,253.44648,-58.75786,43.28,3225.11,2.89,2.04,39.5,-0.374,19.31,20.89,04a60532o0202c
60536.092332,18.149,0.116,200,23,o,0,0.75,253.44648,-58.75786,1504.13,4809.44,2.15,1.97,79.7,-0.411,18.79,19.64,04a60536o0281o
60536.095528,18.082,0.105,212,22,o,0,0.84,253.44648,-58.75786,1520.33,4844.48,2.1,1.9,82.7,-0.418,18.82,19.64,04a60536o0288o
60536.101062,18.179,0.118,194,23,o,0,0.41,253.44648,-58.75786,1458.57,4768.24,2.15,1.93,75.2,-0.399,18.78,19.68,04a60536o0300o
60536.111018,18.391,0.141,160,22,o,0,0.61,253.44648,-58.75786,1435.26,4881.71,2.21,2.07,84.3,-0.4,18.81,19.83,04a60536o0321o
60537.840466,18.075,0.17,214,36,o,0,0.97,253.44648,-58.75786,737.32,1149.42,2.28,2.02,-67.0,-0.474,18.31,18.53,03a60538o0272o
60537.843626,17.946,0.235,241,57,o,0,0.81,253.44648,-58.75786,758.85,1187.03,2.39,2.07,-70.9,-0.452,18.14,18.31,03a60538o0279o
60537.84994,20.706,4.054,19,77,o,0,0.93,253.44648,-58.75786,700.29,1110.14,2.41,2.07,-74.1,-0.458,17.7,17.77,03a60538o0293o
60537.871913,17.6,0.212,331,70,o,0,1.36,253.44648,-58.75786,673.46,1234.61,2.37,2.09,-62.2,-0.444,17.5,17.47,03a60538o0340o
60541.871725,17.951,0.177,240,42,o,0,0.76,253.44648,-58.75786,1925.53,7408.07,2.86,2.51,-56.6,-0.406,18.18,18.61,03a60542o0264o
60541.874882,18.278,0.209,177,37,o,0,1.08,253.44648,-58.75786,1944.05,7446.39,2.79,2.46,-59.0,-0.411,18.24,18.62,03a60542o0271o
60541.88029,18.374,0.233,162,38,o,0,1.06,253.44648,-58.75786,1889.1,7371.44,2.71,2.37,-56.8,-0.418,18.19,18.6,03a60542o0283o
60541.900185,18.492,0.293,146,43,o,0,0.74,253.44648,-58.75786,1869.9,7491.52,2.85,2.48,-53.9,-0.41,18.15,18.55,03a60542o0326o
60544.024529,18.423,0.135,155,21,o,0,1.04,253.44648,-58.75786,9671.91,7161.3,2.45,2.3,-22.6,-0.463,18.76,20.43,04a60544o0096o
60544.028482,18.657,0.158,125,20,o,0,0.99,253.44648,-58.75786,9688.67,7198.44,2.5,2.29,-11.7,-0.445,18.84,20.36,04a60544o0104o
60544.051731,18.441,0.177,153,27,o,0,0.93,253.44648,-58.75786,9620.93,7105.23,2.5,2.35,-14.1,-0.437,18.69,19.92,04a60544o0152o
60544.054493,18.418,0.142,156,22,o,0,0.74,253.44648,-58.75786,384.46,7224.7,2.53,2.1,-86.3,-0.378,18.83,19.92,04a60544o0158o
60544.05855,18.72,0.173,118,20,o,0,1.04,253.44648,-58.75786,403.09,7259.48,2.56,2.13,-86.8,-0.376,18.78,19.86,04a60544o0167o
60544.071743,18.089,0.16,211,34,o,0,0.56,253.44648,-58.75786,9592.86,7212.67,2.56,2.3,-12.0,-0.42,18.6,19.66,04a60544o0193o
60544.073095,18.581,0.171,134,23,o,0,0.98,253.44648,-58.75786,338.63,7180.6,2.51,2.15,81.4,-0.38,18.82,19.78,04a60544o0196o
60544.08961,18.235,0.153,184,28,o,0,0.7,253.44648,-58.75786,313.47,7289.88,2.59,2.19,82.0,-0.37,18.73,19.68,04a60544o0228o
60545.808675,18.698,0.18,120,22,o,0,0.85,253.44648,-58.75786,6712.27,9001.62,2.68,2.3,-47.0,-0.448,18.79,20.31,03a60546o0218o
60545.811831,18.562,0.166,136,23,o,0,0.78,253.44648,-58.75786,6729.71,9041.49,2.63,2.22,-47.3,-0.449,18.76,20.31,03a60546o0225o
60545.81927,18.529,0.156,141,22,o,0,0.96,253.44648,-58.75786,6679.59,8961.31,2.57,2.17,-48.8,-0.454,18.78,20.31,03a60546o0241o
