MJD,m,dm,uJy,duJy,F,err,chi/N,RA,Dec,x,y,maj,min,phi,apfit,mag5sig,Sky,Obs
60535.332909,-21.428,1.169,-10,11,c,0,1.0,32.18265,6.50604,6398.23,5867.45,2.41,2.07,-48.3,-0.404,19.36,20.83,04a60535o0797c
60536.602858,0.0,21.39,0,10,c,0,1.94,32.18265,6.50604,5435.65,295.67,2.38,2.21,-78.3,-0.416,19.54,21.33,02a60536o0658c
60536.60987,22.033,1.95,6,11,c,0,1.41,32.18265,6.50604,5458.2,333.5,2.47,2.27,-73.7,-0.422,19.52,21.34,02a60536o0673c
60536.628926,20.889,0.808,16,13,c,0,1.09,32.18265,6.50604,5404.88,259.65,2.38,2.24,-78.5,-0.408,19.27,20.55,02a60536o0709c
60536.633707,22.299,7.333,4,32,c,0,1.19,32.18265,6.50604,5388.21,380.82,2.39,2.23,-80.0,-0.406,18.67,19.49,02a60536o0717c
60537.104777,21.497,1.117,9,10,o,0,1.9,32.18265,6.50604,6201.32,128.96,2.16,1.95,-49.4,-0.392,19.35,20.57,03a60537o0772o
60537.10658,-20.736,0.709,-18,13,o,0,1.04,32.18265,6.50604,5056.72,10272.02,2.45,2.11,-44.7,-0.392,19.41,20.67,03a60537o0776o
60537.107933,-21.2,1.104,-12,13,o,0,0.74,32.18265,6.50604,6182.63,89.12,2.2,2.0,-42.7,-0.394,19.36,20.56,03a60537o0779o
60537.108385,21.272,1.133,11,13,o,0,1.42,32.18265,6.50604,5037.9,10232.57,2.53,2.12,-38.8,-0.394,19.41,20.65,03a60537o0780o
60537.133096,-21.39,1.174,-10,12,o,0,1.32,32.18265,6.50604,5463.52,284.22,2.13,1.94,-44.2,-0.409,19.43,20.64,03a60537o0834o
60537.133546,21.449,1.508,10,14,o,0,0.76,32.18265,6.50604,4301.53,10424.75,2.63,2.16,-38.9,-0.382,19.34,20.55,03a60537o0835o
60537.155614,-21.297,1.149,-11,13,o,0,1.77,32.18265,6.50604,5439.87,402.89,2.77,2.16,-2.0,-0.377,19.18,20.54,03a60537o0883o
60538.524389,19.785,0.336,44,15,o,0,0.99,32.18265,6.50604,1928.68,3657.3,2.99,2.67,34.8,-0.379,19.17,20.33,01a60538o0611o
60538.545633,-22.376,2.655,-4,11,o,0,0.93,32.18265,6.50604,1901.4,3618.6,2.76,2.42,25.2,-0.419,19.52,20.86,01a60538o0653o
60538.55416,20.496,0.521,23,12,o,0,0.89,32.18265,6.50604,1955.84,3700.1,2.79,2.48,41.7,-0.391,19.53,20.9,01a60538o0671o
60538.557042,-21.881,1.574,-6,10,o,0,1.04,32.18265,6.50604,1971.0,3583.66,2.72,2.45,39.4,-0.408,19.53,20.89,01a60538o0677o
60540.524065,20.499,1.0,23,23,o,0,1.55,32.18265,6.50604,9700.71,566.03,2.75,1.85,-58.3,-0.485,18.66,19.35,02a60540o0630o
60540.525964,-22.587,7.962,-3,27,o,0,1.13,32.18265,6.50604,9720.36,605.24,2.59,1.79,-58.7,-0.497,18.75,19.43,02a60540o0634o
60540.529126,-19.779,0.503,-44,22,o,0,1.3,32.18265,6.50604,9663.53,527.89,2.58,1.76,-57.3,-0.499,18.8,19.44,02a60540o0641o
60540.534561,21.987,4.744,6,28,o,0,0.99,32.18265,6.50604,9641.17,647.78,2.8,1.96,-56.6,-0.472,18.71,19.46,02a60540o0653o
60541.028777,-19.509,0.668,-57,38,o,0,1.1,32.18265,6.50604,794.15,9903.83,2.77,2.43,-46.6,-0.442,18.46,18.86,03a60541o0701o
60541.03058,-20.616,2.275,-21,47,o,0,1.18,32.18265,6.50604,774.04,9865.04,3.04,2.62,-33.2,-0.439,18.38,18.82,03a60541o0705o
60541.031482,22.498,10.313,4,38,o,0,0.99,32.18265,6.50604,774.78,9864.41,2.88,2.6,-42.1,-0.426,18.45,18.87,03a60541o0707o
60541.034643,-19.433,0.75,-61,46,o,0,0.91,32.18265,6.50604,831.06,9943.1,2.97,2.61,-38.1,-0.434,18.42,18.89,03a60541o0714o
60541.039904,20.646,2.584,20,52,o,0,0.72,32.18265,6.50604,855.22,9825.15,3.0,2.69,-38.0,-0.433,18.46,18.91,03a60541o0725o
60542.500741,-21.831,5.176,-7,35,o,0,1.09,32.18265,6.50604,2073.98,7534.64,2.47,2.25,43.2,-0.442,18.43,18.55,01a60542o0581o
60542.502591,22.323,5.75,4,25,o,0,1.2,32.18265,6.50604,2056.48,7494.99,2.43,2.27,46.1,-0.439,18.66,18.86,01a60542o0585o
60542.506922,19.562,0.478,54,26,o,0,1.07,32.18265,6.50604,2112.17,7571.71,2.4,2.21,52.6,-0.442,18.74,18.89,01a60542o0594o
60542.516396,20.155,0.66,32,21,o,0,1.74,32.18265,6.50604,2130.4,7457.07,2.52,2.24,48.3,-0.424,18.72,18.96,01a60542o0612o
60550.246942,-20.591,1.649,-21,35,o,0,0.79,32.18265,6.50604,4507.96,7979.72,2.37,1.99,-71.9,-0.434,18.46,19.7,04a60550o0574o
60550.250901,21.256,1.714,11,20,o,0,1.27,32.18265,6.50604,4487.03,7940.87,2.49,2.06,-66.8,-0.429,18.84,20.14,04a60550o0582o
60550.254962,-20.441,0.907,-24,22,o,0,1.2,32.18265,6.50604,4545.92,8017.82,2.98,2.59,-72.6,-0.381,18.5,19.94,04a60550o0591o
60550.26037,-22.676,7.727,-3,24,o,0,1.05,32.18265,6.50604,4565.42,7901.36,2.72,2.29,-72.1,-0.394,18.54,19.97,04a60550o0603o
60552.918876,-19.601,0.342,-52,18,o,0,1.3,32.18265,6.50604,4474.21,7924.89,3.24,2.71,-27.3,-0.347,18.77,20.13,03a60553o0449o
60552.943749,20.605,0.714,21,15,o,0,1.42,32.18265,6.50604,4447.27,7889.31,2.78,2.4,-33.3,-0.371,19.06,20.38,03a60553o0500o
60552.964685,20.713,0.919,19,17,o,0,0.96,32.18265,6.50604,4499.69,7968.12,3.26,2.75,-28.5,-0.352,18.98,20.56,03a60553o0542o
60552.98134,21.303,1.245,11,14,o,0,1.25,32.18265,6.50604,4522.26,7850.61,2.92,2.48,-19.6,-0.365,19.11,20.63,03a60553o0574o
60555.175336,21.447,2.0,10,19,o,0,1.05,32.18265,6.50604,10333.35,7689.26,2.73,2.29,-5.0,-0.391,18.99,20.18,04a60555o0465o
60555.178501,24.023,17.75,1,16,o,0,1.41,32.18265,6.50604,10309.53,7651.27,2.98,2.37,2.7,-0.383,19.01,20.23,04a60555o0472o
60555.183908,-21.639,2.15,-8,17,o,0,1.03,32.18265,6.50604,10370.06,7730.7,2.75,2.33,-3.2,-0.415,19.05,20.29,04a60555o0484o
60555.190668,20.735,0.816,18,15,o,0,1.35,32.18265,6.50604,10385.03,7614.5,2.63,2.33,0.5,-0.405,19.13,20.34,04a60555o0499o
60555.194271,-19.799,0.399,-44,17,o,0,1.18,32.18265,6.50604,102.97,7714.22,2.42,1.98,-68.9,-0.355,19.18,20.41,04a60555o0507o
60555.196073,-21.755,2.367,-7,17,o,0,1.62,32.18265,6.50604,82.1,7675.46,2.48,1.99,-72.9,-0.37,19.18,20.42,04a60555o0511o
60555.199227,-24.524,22.75,-1,13,o,0,1.16,32.18265,6.50604,139.54,7752.89,2.43,1.98,-75.3,-0.368,19.23,20.38,04a60555o0518o
60555.226471,20.772,0.733,18,13,o,0,1.16,32.18265,6.50604,153.77,7639.32,2.48,2.0,-76.2,-0.391,19.25,20.58,04a60555o0576o
60556.522721,-21.128,1.208,-13,16,o,0,0.89,32.18265,6.50604,4323.86,6589.74,2.46,2.0,31.1,-0.426,19.31,20.35,02a60556o0657o
60556.525432,20.552,0.44,22,10,o,0,2.12,32.18265,6.50604,4344.51,6628.65,2.42,1.99,29.9,-0.426,19.35,20.37,02a60556o0663o
60556.528597,-22.922,5.0,-2,12,o,0,1.46,32.18265,6.50604,4287.25,6551.22,2.38,1.89,30.4,-0.432,19.38,20.4,02a60556o0670o
60556.533891,20.634,0.711,20,14,o,0,0.75,32.18265,6.50604,4264.97,6669.53,2.54,1.94,32.0,-0.424,19.34,20.44,02a60556o0680o
60557.139487,20.45,0.649,24,16,c,0,0.92,32.18265,6.50604,4246.05,6572.88,2.62,2.37,-42.4,-0.363,18.97,20.81,03a60557o0496c
60557.143927,22.054,2.905,6,16,c,0,1.58,32.18265,6.50604,4266.13,6613.0,2.55,2.4,-37.3,-0.377,18.97,20.77,03a60557o0505c
60557.147197,19.974,0.45,37,17,c,0,1.0,32.18265,6.50604,4210.27,6535.15,2.56,2.31,-39.7,-0.365,18.99,20.77,03a60557o0512c
60557.151765,-20.837,1.0,-17,17,c,0,1.25,32.18265,6.50604,4188.33,6649.78,2.79,2.46,-29.6,-0.369,18.84,20.66,03a60557o0522c
60558.581612,-21.118,0.804,-13,10,o,0,1.07,32.18265,6.50604,3480.69,404.71,2.44,2.24,39.3,-0.447,19.61,20.97,01a60558o0752o
60558.589556,21.23,0.796,12,9,o,0,1.22,32.18265,6.50604,3501.78,441.51,2.42,2.2,47.7,-0.459,19.64,20.97,01a60558o0768o
60558.614122,-21.264,0.874,-11,10,o,0,1.33,32.18265,6.50604,3442.97,357.62,2.58,2.4,55.6,-0.437,19.52,20.88,01a60558o0817o
60558.617308,-20.931,0.683,-15,10,o,0,0.95,32.18265,6.50604,3422.86,475.19,2.58,2.41,57.4,-0.432,19.52,20.86,01a60558o0823o
60559.156305,-24.035,26.333,-1,23,o,0,1.01,32.18265,6.50604,7123.54,10203.79,3.12,2.63,-74.6,-0.286,18.41,19.73,04a60559o0415o
60559.191237,-20.958,1.195,-15,18,o,0,1.47,32.18265,6.50604,7085.55,10171.68,2.46,2.11,-65.9,-0.434,19.03,20.18,04a60559o0489o
60559.194401,-21.136,1.811,-13,23,o,0,0.75,32.18265,6.50604,7143.82,10250.79,2.31,2.11,-51.8,-0.433,19.05,20.23,04a60559o0496o
60559.222402,-20.723,0.762,-19,14,o,0,1.01,32.18265,6.50604,7158.43,10136.98,2.21,2.03,-56.7,-0.427,19.22,20.37,04a60559o0554o
60559.249958,-21.217,1.761,-12,21,o,0,1.16,32.18265,6.50604,8052.26,63.14,2.39,2.11,-27.2,-0.43,19.12,20.32,04a60559o0609o
60560.441671,-24.072,18.714,-1,16,o,0,0.97,32.18265,6.50604,7360.7,178.36,2.31,1.93,-55.3,-0.474,19.3,20.37,02a60560o0482o
60560.444386,21.563,1.803,9,16,o,0,0.94,32.18265,6.50604,7378.55,217.73,2.25,1.84,-58.7,-0.478,19.31,20.37,02a60560o0488o
60560.449366,20.972,0.922,15,14,o,0,1.27,32.18265,6.50604,7321.56,139.32,2.07,1.65,-63.0,-0.523,19.41,20.38,02a60560o0499o
60560.450722,-20.802,0.785,-17,14,o,0,0.97,32.18265,6.50604,6451.16,10389.48,2.14,1.92,-53.2,-0.46,19.41,20.39,02a60560o0502o
60560.45253,-20.92,0.818,-16,13,o,0,1.5,32.18265,6.50604,6471.77,10429.57,2.23,2.04,-40.4,-0.423,19.36,20.39,02a60560o0506o
60560.457956,-21.804,1.71,-7,12,o,0,1.45,32.18265,6.50604,6413.01,10349.79,2.14,1.93,-56.0,-0.463,19.38,20.42,02a60560o0518o
60560.458408,20.196,0.337,30,10,o,0,1.43,32.18265,6.50604,7303.4,257.6,2.03,1.62,-67.9,-0.516,19.42,20.42,02a60560o0519o
60560.463383,-20.948,1.301,-15,20,o,0,0.84,32.18265,6.50604,6393.68,10469.05,2.19,1.96,-54.6,-0.449,19.41,20.43,02a60560o0530o
60561.074104,-21.305,0.953,-11,10,c,0,1.39,32.18265,6.50604,7428.08,259.13,2.62,2.25,-59.2,-0.377,19.44,21.32,03a60561o0737c
60561.075012,-20.526,0.57,-22,13,c,0,0.91,32.18265,6.50604,6283.93,10407.07,2.97,2.49,-39.5,-0.365,19.39,21.24,03a60561o0739c
60561.077775,-21.152,0.922,-13,12,c,0,1.01,32.18265,6.50604,7444.03,299.53,2.55,2.21,-55.8,-0.384,19.49,21.31,03a60561o0745c
60561.078684,-23.171,6.444,-2,13,c,0,1.52,32.18265,6.50604,6302.36,10447.49,2.89,2.45,-42.3,-0.372,19.4,21.23,03a60561o0747c
60561.112986,20.376,0.446,26,12,c,0,1.2,32.18265,6.50604,7386.73,220.86,2.78,2.45,-58.9,-0.373,19.33,21.28,03a60561o0821c
60561.113898,0.0,21.141,0,13,c,0,1.24,32.18265,6.50604,6242.32,10368.47,3.03,2.61,-43.1,-0.365,19.29,21.19,03a60561o0823c
60561.122118,21.051,0.819,14,11,c,0,1.23,32.18265,6.50604,7369.36,340.55,2.75,2.43,-58.9,-0.368,19.34,21.26,03a60561o0841c
60561.123022,21.85,1.767,7,12,c,0,1.32,32.18265,6.50604,6220.62,10486.65,2.9,2.49,-38.0,-0.373,19.36,21.19,03a60561o0843c
60562.403021,21.386,1.16,10,12,o,0,1.23,32.18265,6.50604,8270.71,5815.03,2.41,2.37,67.0,-0.43,19.41,20.53,01a60562o0341o
60562.406251,-21.582,1.164,-8,10,o,0,1.31,32.18265,6.50604,8251.03,5775.37,2.47,2.37,26.5,-0.414,19.4,20.55,01a60562o0348o
60562.438504,22.897,4.045,2,10,o,0,1.18,32.18265,6.50604,8312.97,5849.55,2.32,2.25,-53.3,-0.444,19.57,20.7,01a60562o0414o
60562.452433,-23.982,11.125,-1,10,o,0,1.05,32.18265,6.50604,8331.16,5737.26,2.34,2.31,-45.1,-0.438,19.54,20.66,01a60562o0442o
60563.306644,-20.973,46.0,-15,682,o,0,1.43,32.18265,6.50604,8298.82,5844.48,2.55,2.26,-20.4,-0.426,14.28,15.59,04a60563o0554o
60563.310729,17.346,1.538,418,643,o,0,1.25,32.18265,6.50604,8282.18,5804.94,2.95,2.65,-55.5,-0.391,14.81,16.25,04a60563o0563o
60563.316154,17.433,0.768,386,297,o,0,1.09,32.18265,6.50604,8342.08,5881.81,2.68,2.33,-31.0,-0.409,15.96,17.32,04a60563o0575o
60563.4131,18.722,3.571,118,421,o,0,1.5,32.18265,6.50604,2367.37,4726.02,2.04,1.94,-86.8,-0.413,15.76,16.47,04a60563o0774o
60564.468193,22.578,3.536,3,12,o,0,1.49,32.18265,6.50604,8771.32,8831.91,2.32,1.93,-60.3,-0.444,19.46,20.5,02a60564o0554o
60564.469999,-21.3,1.0,-11,11,o,0,1.36,32.18265,6.50604,8792.4,8871.33,2.31,1.91,-59.1,-0.453,19.5,20.5,02a60564o0558o
60564.473162,20.905,0.725,16,11,o,0,1.7,32.18265,6.50604,8735.32,8793.62,2.24,1.9,-61.1,-0.452,19.53,20.49,02a60564o0565o
60564.478586,22.013,2.235,6,13,o,0,0.99,32.18265,6.50604,8717.13,8911.07,2.2,1.88,-60.8,-0.455,19.52,20.48,02a60564o0577o
60567.229541,-20.025,0.437,-36,16,o,0,1.24,32.18265,6.50604,1962.99,5667.1,2.12,1.86,-83.1,-0.404,18.99,19.73,04a60567o0544o
60567.231811,-19.767,0.412,-45,18,o,0,1.08,32.18265,6.50604,1945.77,5628.42,2.09,1.91,-75.9,-0.426,18.93,19.72,04a60567o0549o
60567.256477,20.872,1.105,16,18,o,0,0.85,32.18265,6.50604,2011.58,5703.27,2.34,2.05,-78.3,-0.374,18.92,19.88,04a60567o0597o
60567.260568,-20.656,0.802,-20,16,o,0,1.22,32.18265,6.50604,2034.17,5586.46,2.12,1.93,-74.4,-0.408,19.03,19.88,04a60567o0606o
60568.491632,20.91,1.077,16,17,o,0,1.22,32.18265,6.50604,4418.85,8530.68,2.19,1.95,24.7,-0.421,19.09,19.79,02a60568o0600o
60568.498565,22.55,5.194,4,18,o,0,1.28,32.18265,6.50604,4436.61,8575.2,2.21,1.97,30.1,-0.426,19.04,19.79,02a60568o0614o
60568.500374,-20.459,0.724,-24,17,o,0,1.01,32.18265,6.50604,4379.76,8494.64,2.21,1.99,27.7,-0.427,19.05,19.79,02a60568o0618o
60568.509673,20.715,0.885,19,17,o,0,1.0,32.18265,6.50604,4364.83,8610.35,2.17,1.93,27.7,-0.432,19.09,19.82,02a60568o0638o
60571.217233,20.57,2.393,22,51,o,0,1.58,32.18265,6.50604,6436.14,7880.57,2.37,2.1,-26.7,-0.393,17.75,17.57,04a60571o0239o
60571.219038,-20.201,1.777,-30,54,o,0,1.63,32.18265,6.50604,6419.52,7840.8,2.47,2.15,-64.0,-0.386,17.77,17.66,04a60571o0243o
60571.222209,0.0,19.444,0,61,o,0,0.89,32.18265,6.50604,6478.7,7918.08,2.29,2.07,-39.5,-0.381,17.8,17.64,04a60571o0250o
60571.227636,-19.657,1.161,-50,58,o,0,1.3,32.18265,6.50604,6495.85,7801.38,2.21,2.01,-36.8,-0.389,17.83,17.69,04a60571o0262o
60575.250333,20.438,1.981,24,48,o,0,1.15,32.18265,6.50604,35.12,5768.61,2.46,2.1,-82.2,-0.34,18.45,18.95,04a60575o0607o
60575.251683,-19.517,0.524,-57,30,o,0,1.4,32.18265,6.50604,10238.38,5760.57,2.74,2.11,-6.3,-0.425,18.39,18.93,04a60575o0610o
60575.254401,-24.634,58.0,0,30,o,0,1.27,32.18265,6.50604,10218.94,5721.54,2.69,2.13,-7.1,-0.42,18.4,18.9,04a60575o0616o
60575.257199,-19.994,1.009,-36,37,o,0,1.1,32.18265,6.50604,10281.41,5799.7,2.7,2.13,-7.6,-0.416,18.34,18.78,04a60575o0622o
60575.260032,20.631,1.687,20,34,o,0,0.92,32.18265,6.50604,77.1,5806.0,2.57,2.14,74.3,-0.342,18.49,19.01,04a60575o0628o
60575.262299,21.43,3.464,10,34,o,0,0.91,32.18265,6.50604,10300.85,5682.3,2.67,2.17,-8.6,-0.415,18.45,18.95,04a60575o0633o
60580.399791,21.715,1.691,8,13,c,0,0.92,32.18265,6.50604,2442.39,8616.92,2.44,2.23,10.4,-0.42,19.47,21.0,02a60580o0428c
60580.402504,-21.081,0.695,-13,9,c,0,1.52,32.18265,6.50604,2466.58,8656.05,2.3,2.24,-20.9,-0.411,19.49,21.01,02a60580o0434c
60580.40612,-20.775,0.66,-18,12,c,0,0.97,32.18265,6.50604,2408.5,8578.81,2.3,2.2,-20.5,-0.41,19.51,21.01,02a60580o0442c
60580.436677,22.444,3.0,4,12,c,0,1.02,32.18265,6.50604,2397.43,8699.28,2.28,2.21,-13.3,-0.418,19.53,21.04,02a60580o0507c
60581.081805,-18.695,3.417,-121,413,o,0,0.93,32.18265,6.50604,2338.94,8553.35,3.09,2.59,-17.9,-0.371,15.7,17.19,03a60581o0106o
60581.103818,18.932,0.732,97,71,o,0,1.55,32.18265,6.50604,2360.21,8592.38,2.96,2.59,-32.9,-0.375,17.41,18.76,03a60581o0154o
60581.107001,16.904,1.507,629,947,o,0,1.28,32.18265,6.50604,2306.58,8513.1,3.04,2.59,-29.0,-0.363,15.06,16.47,03a60581o0161o
60581.11244,20.171,7.727,31,240,o,0,0.88,32.18265,6.50604,2283.9,8631.37,2.74,2.43,-37.9,-0.378,16.3,17.62,03a60581o0173o
60582.570547,20.821,0.594,17,10,o,0,1.4,32.18265,6.50604,521.61,8757.11,2.52,2.35,78.3,-0.451,19.44,20.68,01a60582o0694o
60582.573817,-20.255,0.413,-29,12,o,0,0.93,32.18265,6.50604,540.95,8795.59,2.48,2.32,81.4,-0.454,19.47,20.65,01a60582o0701o
60582.608918,-21.97,2.105,-6,12,o,0,1.12,32.18265,6.50604,471.63,8712.29,2.77,2.63,87.6,-0.425,19.3,20.54,01a60582o0776o
60582.631866,-21.136,1.189,-13,15,o,0,1.0,32.18265,6.50604,440.81,8825.86,2.53,2.39,-59.5,-0.455,19.18,20.11,01a60582o0824o
60583.300968,21.287,1.031,11,11,c,0,1.43,32.18265,6.50604,562.71,8712.92,2.79,2.26,-85.3,-0.354,19.32,20.98,04a60583o0688c
60583.304135,25.804,69.0,0,12,c,0,1.46,32.18265,6.50604,584.05,8748.26,2.85,2.2,-80.1,-0.354,19.31,20.96,04a60583o0695c
60583.309586,21.51,1.544,9,14,c,0,0.71,32.18265,6.50604,530.32,8667.01,2.7,2.13,-84.0,-0.357,19.35,20.94,04a60583o0706c
60583.34292,20.818,0.98,17,17,c,0,1.06,32.18265,6.50604,523.85,8762.17,2.81,2.21,-87.8,-0.348,18.6,20.18,04a60583o0777c
60584.404252,22.968,4.0,2,9,c,0,1.55,32.18265,6.50604,4222.98,4652.4,2.4,2.2,36.1,-0.407,19.45,20.88,02a60584o0446c
60584.406066,22.306,2.419,4,10,c,0,1.41,32.18265,6.50604,4243.2,4691.35,2.47,2.26,31.3,-0.406,19.42,20.89,02a60584o0450c
60584.40923,23.069,5.133,2,11,c,0,0.92,32.18265,6.50604,4186.44,4615.49,2.52,2.27,27.9,-0.412,19.42,20.92,02a60584o0457c
60584.414779,22.38,3.172,4,13,c,0,0.74,32.18265,6.50604,4168.32,4730.77,2.49,2.25,38.6,-0.407,19.45,20.94,02a60584o0469c
60584.97516,-22.275,2.821,-4,13,o,0,1.25,32.18265,6.50604,6342.64,5951.67,2.4,2.18,-44.1,-0.42,19.23,20.51,03a60585o0536o
60584.977413,-21.609,1.46,-8,12,o,0,1.81,32.18265,6.50604,6324.32,5913.21,2.4,2.23,-47.1,-0.425,19.2,20.49,03a60585o0541o
60584.991805,-21.184,1.096,-12,13,o,0,1.14,32.18265,6.50604,6384.1,5994.34,2.42,2.2,-43.6,-0.426,19.14,20.44,03a60585o0572o
60584.995009,21.559,1.804,9,16,o,0,0.68,32.18265,6.50604,6407.06,5879.0,2.57,2.4,-45.7,-0.417,19.1,20.45,03a60585o0579o
60586.444604,-21.855,1.732,-7,11,o,0,0.91,32.18265,6.50604,6076.93,57.6,2.33,2.24,28.5,-0.453,19.46,20.68,01a60586o0532o
60586.472574,-22.241,1.854,-5,8,o,0,1.68,32.18265,6.50604,6111.85,97.16,2.32,2.28,36.6,-0.449,19.5,20.7,01a60586o0591o
60586.509492,21.066,0.852,14,12,o,0,0.77,32.18265,6.50604,5415.22,308.52,2.45,2.29,46.5,-0.443,19.49,20.8,01a60586o0669o
60586.516636,-22.241,2.31,-5,11,o,0,1.05,32.18265,6.50604,5435.42,347.07,2.35,2.19,45.3,-0.452,19.54,20.82,01a60586o0684o
60586.52374,23.843,9.0,1,10,o,0,1.23,32.18265,6.50604,5376.95,267.1,2.44,2.29,46.3,-0.444,19.52,20.82,01a60586o0699o
60586.548492,-20.678,0.602,-19,12,o,0,1.17,32.18265,6.50604,5356.13,380.07,2.37,2.35,76.9,-0.463,19.45,20.72,01a60586o0752o
60587.26575,20.694,0.555,19,11,c,0,1.46,32.18265,6.50604,5471.98,304.4,2.65,2.37,36.1,-0.382,19.47,21.23,04a60587o0614c
60587.2662,20.435,0.599,24,15,c,0,0.99,32.18265,6.50604,4544.87,10486.98,2.8,1.8,-69.3,-0.396,19.5,21.23,04a60587o0615c
60587.279583,-21.127,0.72,-13,9,c,0,1.97,32.18265,6.50604,5502.7,330.97,2.64,2.38,25.2,-0.382,19.49,21.26,04a60587o0643c
60587.280034,-20.761,1.25,-18,22,c,0,0.8,32.18265,6.50604,4575.01,10513.37,2.95,1.94,-68.7,-0.379,19.43,21.18,04a60587o0644c
60587.300963,-22.611,3.263,-3,11,c,0,1.27,32.18265,6.50604,5458.27,235.78,2.63,2.4,19.6,-0.388,19.47,21.17,04a60587o0688c
60587.301414,21.548,1.224,9,11,c,0,1.05,32.18265,6.50604,4527.88,10418.08,2.9,1.86,-68.4,-0.386,19.43,21.11,04a60587o0689c
60587.308135,-21.357,1.119,-10,12,c,0,1.09,32.18265,6.50604,5441.1,349.16,2.61,2.36,24.9,-0.397,19.46,21.12,04a60587o0702c
60588.442073,-21.141,0.93,-13,12,c,0,1.02,32.18265,6.50604,8704.15,6895.65,2.48,2.43,-70.8,-0.402,19.48,20.95,02a60588o0528c
60588.444344,-21.756,1.511,-7,11,c,0,1.31,32.18265,6.50604,8721.26,6935.64,2.55,2.46,-70.8,-0.406,19.51,20.95,02a60588o0533c
60588.470688,22.382,2.96,4,12,c,0,1.18,32.18265,6.50604,8669.33,6864.85,2.62,2.55,-72.8,-0.404,19.46,21.0,02a60588o0589c
60588.474084,22.431,2.72,4,10,c,0,1.37,32.18265,6.50604,8653.88,6980.19,2.55,2.49,-71.4,-0.405,19.45,20.99,02a60588o0596c
60588.957582,20.794,1.114,18,20,o,0,1.08,32.18265,6.50604,1937.07,3627.36,2.24,2.04,-40.1,-0.417,18.93,20.18,03a60589o0490o
60588.959178,-21.68,2.474,-8,19,o,0,0.97,32.18265,6.50604,1922.65,3588.22,2.27,2.04,-44.8,-0.419,18.92,20.19,03a60589o0493o
60588.963272,-21.141,1.28,-13,16,o,0,0.9,32.18265,6.50604,1978.8,3666.73,2.26,2.07,-38.7,-0.417,19.1,20.4,03a60589o0502o
60588.984027,-20.455,0.806,-24,19,o,0,0.78,32.18265,6.50604,2002.87,3552.7,2.29,2.07,-52.9,-0.413,18.96,20.25,03a60589o0547o
60592.468152,-21.397,1.097,-10,11,c,0,0.99,32.18265,6.50604,1987.46,7524.6,2.46,2.32,15.7,-0.407,19.51,21.11,02a60592o0439c
60592.471359,-23.603,8.0,-1,10,c,0,1.05,32.18265,6.50604,1973.68,7489.36,2.53,2.37,24.2,-0.402,19.47,21.13,02a60592o0446c
60592.503884,-21.182,0.841,-12,10,c,0,1.23,32.18265,6.50604,2033.7,7565.95,2.5,2.44,55.8,-0.404,19.45,21.14,02a60592o0516c
60592.509762,23.917,13.714,1,14,c,0,0.71,32.18265,6.50604,2055.23,7452.23,2.42,2.36,40.8,-0.405,19.48,21.14,02a60592o0529c
60592.896622,-20.767,0.974,-18,18,o,0,0.69,32.18265,6.50604,2018.75,7491.17,2.38,2.13,-52.2,-0.401,19.1,20.09,03a60593o0359o
60592.900756,-20.809,0.944,-17,16,o,0,1.33,32.18265,6.50604,2001.56,7452.31,2.44,2.19,-52.5,-0.402,19.09,20.13,03a60593o0368o
60592.903484,21.303,2.077,11,23,o,0,1.1,32.18265,6.50604,2057.91,7530.93,2.52,2.28,-51.3,-0.398,18.84,19.87,03a60593o0374o
60592.908523,20.225,0.696,30,21,o,0,1.1,32.18265,6.50604,2078.22,7416.03,2.33,2.11,-55.0,-0.398,18.81,19.73,03a60593o0385o
60596.400001,21.315,1.299,11,14,o,0,1.21,32.18265,6.50604,6168.87,4567.9,2.28,1.86,36.1,-0.435,19.14,19.82,02a60596o0454o
60596.40181,-20.916,1.036,-16,16,o,0,0.95,32.18265,6.50604,6187.79,4605.14,2.3,1.84,31.3,-0.443,19.15,19.82,02a60596o0458o
60596.407301,-20.781,0.913,-18,16,o,0,1.01,32.18265,6.50604,6133.79,4526.54,2.28,1.83,30.7,-0.44,19.14,19.82,02a60596o0470o
60596.434045,-21.563,1.7,-9,15,o,0,0.78,32.18265,6.50604,6125.04,4651.22,2.24,1.81,32.1,-0.44,19.23,19.9,02a60596o0528o
60598.381073,-20.436,0.952,-24,23,o,0,1.28,32.18265,6.50604,4219.58,2101.96,2.52,2.4,38.1,-0.455,18.69,19.02,01a60598o0413o
60598.383383,20.933,1.452,15,22,o,0,1.12,32.18265,6.50604,4198.62,2061.61,2.48,2.3,35.1,-0.455,18.78,19.12,01a60598o0418o
60598.387537,-21.192,1.631,-12,20,o,0,1.38,32.18265,6.50604,4256.81,2143.06,2.43,2.25,41.0,-0.456,18.8,19.06,01a60598o0427o
60598.392623,20.206,0.622,30,19,o,0,1.28,32.18265,6.50604,4276.55,2028.98,2.48,2.29,39.4,-0.447,18.78,19.15,01a60598o0438o
60604.462933,-21.443,3.515,-10,34,o,0,0.94,32.18265,6.50604,40.19,7633.53,2.46,2.35,-22.9,-0.362,18.86,19.66,02a60604o0603o
60604.471072,20.743,0.984,18,18,o,0,1.15,32.18265,6.50604,10278.16,7667.97,2.43,2.2,-54.3,-0.448,18.96,19.65,02a60604o0621o
60604.501834,-20.34,0.652,-27,17,o,0,0.92,32.18265,6.50604,83.41,7670.66,2.17,2.14,-42.6,-0.364,19.09,19.88,02a60604o0686o
60604.505508,-20.883,1.574,-16,25,o,0,0.69,32.18265,6.50604,10262.29,7629.12,2.65,2.42,-64.7,-0.448,19.08,19.87,02a60604o0694o
60604.516005,22.732,5.414,3,16,o,0,0.68,32.18265,6.50604,115.67,7558.77,2.01,1.96,-30.1,-0.412,19.1,19.84,02a60604o0717o
60604.517361,20.769,0.923,18,16,o,0,1.35,32.18265,6.50604,10326.09,7706.91,2.46,2.08,-53.3,-0.459,19.14,19.81,02a60604o0720o
60604.526311,20.392,0.697,25,18,o,0,1.15,32.18265,6.50604,10350.67,7599.05,2.46,2.08,-53.3,-0.447,19.14,19.8,02a60604o0739o
60607.211587,-21.82,2.02,-7,14,o,0,1.37,32.18265,6.50604,4352.45,6596.63,2.2,1.96,-61.4,-0.427,19.18,20.36,04a60607o0437o
60607.235831,20.562,0.623,22,14,o,0,1.15,32.18265,6.50604,4373.42,6635.39,2.21,1.94,-64.4,-0.43,19.09,20.25,04a60607o0489o
60607.239013,-24.613,29.0,0,15,o,0,0.8,32.18265,6.50604,4315.05,6557.19,2.2,1.93,-65.5,-0.421,19.11,20.26,04a60607o0496o
60607.264944,20.207,0.53,30,16,o,0,1.18,32.18265,6.50604,4294.55,6673.36,2.11,1.93,-58.7,-0.413,19.04,20.01,04a60607o0552o
60608.395183,21.008,1.467,14,21,o,0,1.01,32.18265,6.50604,3501.02,379.55,1.96,1.84,-73.3,-0.448,18.83,19.75,02a60608o0447o
60608.398368,-21.605,3.313,-8,27,o,0,0.67,32.18265,6.50604,3522.57,420.19,1.96,1.85,-77.6,-0.451,18.74,19.66,02a60608o0454o
60608.401984,19.634,0.685,51,35,o,0,0.82,32.18265,6.50604,3465.32,340.23,1.91,1.79,-75.9,-0.451,18.44,19.34,02a60608o0462o
60608.411484,-19.546,0.797,-55,44,o,0,0.85,32.18265,6.50604,3448.83,458.34,1.96,1.9,-82.4,-0.464,17.93,18.87,02a60608o0483o
60608.901862,22.83,4.687,3,13,c,0,0.8,32.18265,6.50604,7001.42,10233.64,2.57,2.32,-49.0,-0.388,19.52,21.1,03a60609o0360c
60608.90505,-21.715,1.561,-8,12,c,0,0.98,32.18265,6.50604,6982.06,10194.01,2.66,2.43,-51.7,-0.385,19.47,21.11,03a60609o0367c
60608.910511,-23.773,12.333,-1,14,c,0,0.84,32.18265,6.50604,7037.8,10274.22,2.73,2.46,-53.5,-0.376,19.44,21.13,03a60609o0379c
60608.911873,-20.965,0.781,-15,12,c,0,0.97,32.18265,6.50604,8175.17,83.07,2.43,2.22,-42.0,-0.39,19.44,21.04,03a60609o0382c
60608.915069,20.473,0.507,24,12,c,0,1.13,32.18265,6.50604,8157.48,43.61,2.44,2.24,-34.6,-0.395,19.45,21.05,03a60609o0389c
60608.915971,-20.307,0.459,-27,13,c,0,0.97,32.18265,6.50604,7061.12,10158.17,2.69,2.44,-61.1,-0.384,19.47,21.15,03a60609o0391c
60608.935464,21.955,1.615,6,10,c,0,1.47,32.18265,6.50604,8219.32,128.32,2.42,2.19,-38.4,-0.408,19.44,21.03,03a60609o0433c
60611.14399,-20.082,0.461,-34,16,o,0,1.82,32.18265,6.50604,3175.43,10362.6,2.33,1.84,-66.6,-0.496,19.24,20.42,04a60611o0342o
60611.14581,20.996,1.438,14,21,o,0,0.76,32.18265,6.50604,3157.64,10323.5,2.27,1.79,-65.8,-0.475,19.21,20.4,04a60611o0346o
60611.146711,-20.707,0.724,-19,14,o,0,1.12,32.18265,6.50604,4050.89,162.92,2.0,1.92,11.6,-0.435,19.16,20.35,04a60611o0348o
60611.149449,20.747,0.718,18,13,o,0,1.73,32.18265,6.50604,4030.51,123.75,2.16,2.0,26.7,-0.404,19.09,20.34,04a60611o0354o
60611.15035,-22.633,5.095,-3,16,o,0,1.19,32.18265,6.50604,3214.44,10401.56,2.55,1.84,-70.5,-0.486,19.22,20.42,04a60611o0356o
60611.153063,21.149,1.167,13,15,o,0,1.28,32.18265,6.50604,4088.95,202.01,2.02,1.88,-18.3,-0.447,19.16,20.35,04a60611o0362o
60611.156786,-20.152,0.619,-32,20,o,0,1.27,32.18265,6.50604,3232.16,10283.57,2.45,1.77,-69.3,-0.511,19.23,20.39,04a60611o0370o
60611.158148,-22.222,3.9,-5,18,o,0,1.27,32.18265,6.50604,4108.37,84.48,2.01,1.87,-4.7,-0.432,19.18,20.37,04a60611o0373o
60612.564655,-20.333,0.647,-27,17,o,0,1.08,32.18265,6.50604,8272.69,5813.78,2.37,2.35,-19.0,-0.426,19.08,20.25,02a60612o0168o
60612.567825,-20.725,1.568,-19,29,o,0,1.2,32.18265,6.50604,8253.78,5774.57,2.35,2.28,-48.5,-0.423,18.55,19.68,02a60612o0175o
60612.57374,-20.897,0.854,-16,14,o,0,1.16,32.18265,6.50604,8313.05,5853.3,2.35,2.25,-50.3,-0.431,19.07,20.23,02a60612o0188o
60612.59513,-22.338,4.462,-4,19,o,0,1.13,32.18265,6.50604,8332.85,5741.15,2.45,2.36,33.5,-0.402,19.15,20.23,02a60612o0235o
60614.431474,20.806,0.667,17,12,c,0,0.99,32.18265,6.50604,8803.78,8838.86,3.47,3.19,44.6,-0.349,19.38,21.09,01a60614o0481c
60614.434708,-22.015,2.065,-6,12,c,0,0.97,32.18265,6.50604,8824.59,8879.0,3.3,3.06,43.4,-0.364,19.42,21.11,01a60614o0488c
60614.440712,23.133,5.455,2,11,c,0,1.37,32.18265,6.50604,8765.89,8798.13,3.33,3.06,49.5,-0.358,19.44,21.13,01a60614o0501c
60614.451101,-23.213,5.5,-2,10,c,0,1.19,32.18265,6.50604,8745.67,8913.52,3.37,3.1,52.2,-0.358,19.45,21.14,01a60614o0523c
60615.193481,20.94,1.067,15,16,o,0,0.63,32.18265,6.50604,8804.15,8830.73,2.34,1.99,-6.9,-0.394,19.19,20.33,04a60615o0445o
60615.196667,-20.848,0.891,-17,15,o,0,1.41,32.18265,6.50604,8823.69,8869.94,2.45,2.11,-16.8,-0.459,19.17,20.41,04a60615o0452o
60615.202557,-21.395,1.592,-10,16,o,0,0.81,32.18265,6.50604,8764.5,8792.59,2.4,1.91,-6.3,-0.396,19.22,20.33,04a60615o0465o
60615.237954,22.851,6.474,3,17,o,0,1.52,32.18265,6.50604,8747.72,8911.74,2.41,1.86,-7.1,-0.401,19.12,20.13,04a60615o0542o
60616.42357,-21.432,1.202,-10,12,o,0,1.28,32.18265,6.50604,1921.41,5588.37,2.23,1.84,32.7,-0.449,19.44,20.44,02a60616o0526o
60616.428998,22.737,3.808,3,11,o,0,1.48,32.18265,6.50604,1904.69,5547.68,2.27,1.86,33.6,-0.45,19.41,20.48,02a60616o0538o
60616.432896,21.517,1.476,9,13,o,0,1.11,32.18265,6.50604,1962.25,5623.8,2.24,1.84,33.3,-0.449,19.4,20.44,02a60616o0546o
60616.466493,22.66,4.621,3,14,o,0,0.96,32.18265,6.50604,1987.3,5511.4,2.18,1.85,35.9,-0.453,19.38,20.37,02a60616o0618o
60616.959356,0.0,19.57,0,54,c,0,1.24,32.18265,6.50604,8626.8,5031.86,2.59,2.19,-58.8,-0.414,17.09,18.86,03a60617o0121c
60616.978987,19.712,1.057,47,50,c,0,0.84,32.18265,6.50604,8645.73,5072.61,2.5,2.09,-57.2,-0.39,18.14,19.73,03a60617o0164c
60616.995603,-19.806,3.737,-43,162,c,0,1.23,32.18265,6.50604,8591.7,4992.38,2.52,2.07,-61.4,-0.418,16.49,18.12,03a60617o0200c
60616.999713,20.145,2.087,32,66,c,0,2.44,32.18265,6.50604,8570.65,5107.2,2.48,2.06,-61.7,-0.419,17.08,18.75,03a60617o0209c
60618.405009,-18.895,0.81,-100,81,o,0,1.32,32.18265,6.50604,4436.05,8563.46,2.84,2.64,47.7,-0.373,17.4,18.6,01a60618o0472o
60618.437316,-21.226,2.679,-12,31,o,0,0.81,32.18265,6.50604,4456.07,8593.35,3.43,3.11,14.5,-0.308,18.32,19.69,01a60618o0540o
60618.440256,-22.551,4.722,-4,16,o,0,0.96,32.18265,6.50604,4399.2,8516.23,2.92,2.68,49.6,-0.36,19.04,20.27,01a60618o0546o
60618.461481,21.088,1.453,13,19,o,0,1.06,32.18265,6.50604,4375.91,8629.36,3.42,3.19,52.4,-0.355,18.97,20.35,01a60618o0590o
60619.191253,21.231,1.271,12,15,o,0,1.15,32.18265,6.50604,4443.41,8534.16,2.02,1.75,-61.2,-0.446,19.3,20.49,04a60619o0436o
60619.194885,24.287,18.167,1,13,o,0,1.04,32.18265,6.50604,4460.27,8573.69,1.98,1.72,-62.2,-0.439,19.34,20.49,04a60619o0444o
60619.202616,-21.895,2.208,-6,14,o,0,1.12,32.18265,6.50604,4402.17,8495.86,2.12,1.71,-67.8,-0.457,19.3,20.53,04a60619o0461o
60619.237854,20.255,0.477,29,14,o,0,1.07,32.18265,6.50604,4383.87,8614.23,2.04,1.74,-50.8,-0.411,19.27,20.43,04a60619o0537o
60620.927001,-21.371,1.196,-10,12,c,0,1.07,32.18265,6.50604,4223.86,2704.64,2.79,2.54,-57.8,-0.384,19.29,21.14,03a60621o0248c
60620.931073,-20.997,0.833,-14,12,c,0,1.0,32.18265,6.50604,4241.71,2744.04,2.78,2.55,-58.1,-0.387,19.31,21.11,03a60621o0257c
60620.93653,-21.495,1.422,-9,13,c,0,1.0,32.18265,6.50604,4186.94,2664.88,2.8,2.55,-57.1,-0.389,19.31,21.11,03a60621o0269c
60620.948833,20.954,0.797,15,12,c,0,1.17,32.18265,6.50604,4169.43,2780.95,3.01,2.79,-60.6,-0.379,19.25,21.17,03a60621o0296c
60623.188534,-21.161,1.191,-12,15,o,0,1.12,32.18265,6.50604,2232.48,2814.92,2.01,1.79,43.0,-0.427,19.21,20.17,04a60623o0424o
60623.194064,-21.072,0.825,-14,11,o,0,1.48,32.18265,6.50604,2253.17,2854.59,1.98,1.79,51.8,-0.439,19.18,20.18,04a60623o0436o
60623.225579,-21.827,1.836,-7,12,o,0,0.82,32.18265,6.50604,2196.89,2778.7,1.9,1.82,62.1,-0.45,19.25,20.33,04a60623o0504o
60623.233782,-22.648,4.857,-3,15,o,0,0.87,32.18265,6.50604,2175.0,2894.67,1.96,1.83,47.6,-0.43,19.29,20.42,04a60623o0522o
60624.358354,-21.017,0.992,-14,14,o,0,0.88,32.18265,6.50604,364.99,4831.48,2.27,2.1,11.8,-0.4,19.13,19.98,02a60624o0376o
60624.361068,-20.829,0.758,-17,13,o,0,1.13,32.18265,6.50604,386.01,4870.64,2.19,2.0,14.2,-0.403,19.19,19.98,02a60624o0382o
60624.365591,20.489,0.572,23,13,o,0,1.4,32.18265,6.50604,326.46,4792.13,2.3,2.16,2.7,-0.386,19.12,19.99,02a60624o0392o
60624.390119,21.58,1.727,8,15,o,0,1.34,32.18265,6.50604,315.77,4917.66,2.34,2.18,15.5,-0.393,19.12,19.97,02a60624o0444o
60631.186769,21.163,2.822,12,35,o,0,0.74,32.18265,6.50604,2494.59,8627.68,2.28,1.73,-73.0,-0.413,18.28,18.37,04a60631o0409o
60631.196743,21.85,4.34,7,29,o,0,1.53,32.18265,6.50604,2514.49,8667.26,2.27,1.75,-71.7,-0.419,18.25,18.33,04a60631o0431o
60631.200841,19.728,0.694,47,32,o,0,1.03,32.18265,6.50604,2455.52,8588.68,2.38,1.76,-73.9,-0.404,18.16,18.22,04a60631o0440o
60631.229203,19.978,1.015,37,38,o,0,0.97,32.18265,6.50604,2437.27,8707.58,2.29,1.81,-68.1,-0.449,18.15,18.21,04a60631o0501o
60632.894184,19.63,0.502,51,26,o,0,0.91,32.18265,6.50604,436.9,8594.39,2.57,2.25,-65.7,-0.402,18.83,19.52,03a60633o0314o
60632.89736,20.335,0.873,27,23,o,0,1.07,32.18265,6.50604,457.07,8634.66,2.53,2.21,-59.0,-0.402,18.86,19.5,03a60633o0321o
60632.904662,19.657,0.503,50,25,o,0,0.84,32.18265,6.50604,402.85,8554.67,2.6,2.23,-60.3,-0.411,18.79,19.47,03a60633o0337o
60632.915158,20.188,0.837,30,26,o,0,0.86,32.18265,6.50604,381.29,8670.82,2.75,2.4,-57.4,-0.395,18.71,19.43,03a60633o0360o
60634.385076,20.077,0.39,34,13,o,0,1.18,32.18265,6.50604,4247.43,4686.5,2.83,2.44,24.1,-0.378,19.19,20.16,01a60634o0427o
60634.388814,19.863,0.345,41,14,o,0,1.1,32.18265,6.50604,4267.0,4725.61,2.78,2.42,18.9,-0.383,19.22,20.16,01a60634o0435o
60634.394382,19.576,0.294,54,16,o,0,0.9,32.18265,6.50604,4209.12,4645.98,2.72,2.4,37.1,-0.386,19.22,20.15,01a60634o0447o
60634.404626,19.045,0.148,88,13,o,0,1.0,32.18265,6.50604,4188.98,4760.83,2.69,2.35,36.7,-0.389,19.26,20.16,01a60634o0469o
60635.138652,19.125,0.13,81,11,c,0,1.07,32.18265,6.50604,4260.65,4660.53,2.14,2.1,-38.2,-0.374,19.39,21.22,04a60635o0293c
60635.14227,19.075,0.109,85,9,c,0,1.24,32.18265,6.50604,4280.91,4699.43,2.1,2.04,-44.5,-0.373,19.41,21.21,04a60635o0301c
60635.147696,19.111,0.126,82,10,c,0,1.3,32.18265,6.50604,4222.8,4622.27,2.07,2.03,-48.4,-0.377,19.43,21.2,04a60635o0313c
60635.158545,19.572,0.205,54,11,c,0,0.87,32.18265,6.50604,4201.27,4739.89,2.22,2.13,-45.2,-0.364,19.34,21.16,04a60635o0337c
60636.37742,19.803,0.225,44,10,c,0,1.72,32.18265,6.50604,6059.82,58.67,2.51,2.1,-63.5,-0.435,19.57,21.3,02a60636o0428c
60636.378323,19.021,0.126,90,11,c,0,1.56,32.18265,6.50604,5112.94,10257.49,2.59,2.45,53.7,-0.394,19.6,21.32,02a60636o0430c
60636.381503,19.23,0.198,74,15,c,0,0.96,32.18265,6.50604,5094.7,10219.07,2.53,2.45,56.4,-0.39,19.58,21.33,02a60636o0437c
60636.387037,18.973,0.119,94,11,c,0,0.97,32.18265,6.50604,6103.19,95.26,2.49,2.11,-62.9,-0.433,19.56,21.31,02a60636o0449c
60636.387998,18.891,0.132,101,13,c,0,0.94,32.18265,6.50604,5153.38,10297.75,2.56,2.44,57.0,-0.404,19.59,21.31,02a60636o0451c
60636.393469,19.025,0.162,89,14,c,0,0.96,32.18265,6.50604,5176.89,10180.26,2.59,2.47,57.8,-0.393,19.55,21.3,02a60636o0463c
60636.401251,19.42,2.903,62,180,c,0,0.02,32.18265,6.50604,6090.09,41.13,2.51,2.15,-62.9,-0.437,19.53,21.22,02a60636o0480c
60636.859637,19.478,0.223,59,13,o,0,1.3,32.18265,6.50604,5541.39,309.08,2.54,2.3,-56.9,-0.384,19.18,20.6,03a60637o0232o
60636.860566,19.313,0.257,68,18,o,0,0.79,32.18265,6.50604,4381.34,10450.05,2.92,2.51,-39.6,-0.374,19.11,20.52,03a60637o0234o
60636.863294,19.299,0.207,69,14,o,0,1.04,32.18265,6.50604,5562.89,349.67,2.49,2.27,-49.8,-0.387,19.23,20.61,03a60637o0240o
60636.870548,20.225,0.447,30,13,o,0,1.2,32.18265,6.50604,4402.44,10489.41,2.83,2.4,-41.1,-0.373,19.19,20.56,03a60637o0256o
60636.870999,19.111,0.161,82,13,o,0,1.12,32.18265,6.50604,5509.95,269.8,2.39,2.17,-49.7,-0.398,19.28,20.64,03a60637o0257o
60636.874155,18.906,0.157,100,16,o,0,1.24,32.18265,6.50604,4344.94,10409.8,2.85,2.39,-42.0,-0.382,19.2,20.53,03a60637o0264o
60636.880485,19.097,0.186,83,16,o,0,1.37,32.18265,6.50604,4326.06,10527.79,2.91,2.43,-39.1,-0.375,19.17,20.51,03a60637o0278o
60636.883659,19.457,0.319,60,19,o,0,0.86,32.18265,6.50604,5489.07,385.8,2.93,2.73,-42.0,-0.382,19.01,20.57,03a60637o0285o
60638.367643,19.639,0.225,51,11,o,0,1.1,32.18265,6.50604,8718.25,6896.61,2.52,2.44,57.3,-0.442,19.52,20.78,01a60638o0393o
60638.373138,19.3,0.169,69,12,o,0,1.06,32.18265,6.50604,8735.1,6934.2,2.5,2.38,46.8,-0.447,19.53,20.78,01a60638o0405o
60638.381471,18.868,0.127,103,13,o,0,1.66,32.18265,6.50604,8675.36,6855.36,2.5,2.37,53.0,-0.441,19.27,20.5,01a60638o0423o
60638.385142,18.932,0.143,97,14,o,0,1.13,32.18265,6.50604,8658.8,6971.49,2.51,2.39,61.8,-0.439,19.3,20.51,01a60638o0431o
60639.114607,18.91,0.11,99,11,c,0,1.49,32.18265,6.50604,8715.38,6881.1,2.67,2.06,-20.4,-0.403,19.47,21.2,04a60639o0236c
60639.117787,18.886,0.132,101,13,c,0,0.87,32.18265,6.50604,8732.74,6919.91,2.71,2.15,-21.6,-0.402,19.41,21.21,04a60639o0243c
60639.124568,18.654,0.101,125,13,c,0,0.88,32.18265,6.50604,8674.33,6842.79,2.61,2.07,-21.0,-0.41,19.42,21.18,04a60639o0258c
60639.135509,18.679,0.103,122,13,c,0,1.3,32.18265,6.50604,8656.12,6960.39,2.73,2.14,-21.9,-0.392,19.42,21.15,04a60639o0282c
60640.346032,18.846,0.108,105,11,c,0,1.44,32.18265,6.50604,819.74,9972.9,2.71,2.5,-44.6,-0.431,19.41,21.13,02a60640o0360c
60640.349651,18.616,0.085,130,11,c,0,1.73,32.18265,6.50604,799.72,9933.9,2.67,2.45,-46.9,-0.431,19.44,21.14,02a60640o0368c
60640.357639,18.827,0.113,107,12,c,0,1.37,32.18265,6.50604,857.98,10015.24,2.43,2.28,-49.3,-0.451,19.55,21.14,02a60640o0385c
60640.367774,18.593,0.092,133,12,c,0,0.95,32.18265,6.50604,884.98,9903.49,2.49,2.33,-56.6,-0.452,19.51,21.15,02a60640o0407c
60643.111284,18.674,0.099,123,12,c,0,1.23,32.18265,6.50604,8557.37,3010.03,2.8,2.15,-14.1,-0.356,19.47,21.23,04a60643o0222c
60643.115889,18.555,0.1,137,14,c,0,0.7,32.18265,6.50604,8574.51,3049.48,2.76,2.14,-14.1,-0.354,19.47,21.22,04a60643o0232c
60643.122209,18.635,0.089,128,11,c,0,1.45,32.18265,6.50604,8516.25,2972.4,2.78,2.17,-13.1,-0.354,19.46,21.21,04a60643o0246c
60643.136374,18.745,0.106,115,12,c,0,1.23,32.18265,6.50604,8499.18,3090.78,2.89,2.13,-16.2,-0.353,19.44,21.18,04a60643o0277c
60644.338349,18.644,0.097,127,12,c,0,0.95,32.18265,6.50604,4285.26,4038.45,2.49,2.31,41.2,-0.409,19.5,21.19,02a60644o0338c
60644.341968,18.748,0.105,115,12,c,0,1.41,32.18265,6.50604,4266.03,4000.34,2.58,2.34,43.0,-0.402,19.43,21.1,02a60644o0346c
60644.348335,18.648,0.083,126,10,c,0,1.2,32.18265,6.50604,4324.34,4078.28,2.47,2.26,43.5,-0.408,19.52,21.14,02a60644o0360c
60644.358423,18.768,0.108,113,12,c,0,0.81,32.18265,6.50604,4347.82,3964.91,2.52,2.32,45.7,-0.403,19.43,21.09,02a60644o0382c
60644.851099,19.054,0.151,87,13,o,0,0.95,32.18265,6.50604,6233.85,6517.49,2.65,2.33,-54.2,-0.401,19.28,20.84,03a60645o0201o
60644.854814,18.92,0.154,98,15,o,0,0.99,32.18265,6.50604,6253.84,6556.7,2.75,2.42,-51.6,-0.401,19.21,20.82,03a60645o0209o
60644.862062,18.791,0.116,110,13,o,0,1.35,32.18265,6.50604,6200.9,6478.87,2.67,2.35,-57.4,-0.4,19.26,20.84,03a60645o0225o
60644.873889,18.92,0.133,98,13,o,0,0.9,32.18265,6.50604,6178.67,6592.89,2.61,2.28,-46.2,-0.405,19.3,20.88,03a60645o0251o
60647.109675,18.677,0.083,123,10,c,0,0.88,32.18265,6.50604,6191.55,4562.53,2.2,1.95,-17.7,-0.383,19.47,21.36,04a60647o0212c
60647.11285,18.582,0.082,134,11,c,0,0.97,32.18265,6.50604,6207.83,4601.57,2.34,2.02,-18.3,-0.377,19.46,21.33,04a60647o0219c
60647.118401,18.746,0.075,115,9,c,0,1.95,32.18265,6.50604,6150.69,4525.47,2.31,2.05,-20.1,-0.374,19.45,21.34,04a60647o0231c
60647.129362,18.72,0.087,118,10,c,0,0.87,32.18265,6.50604,6132.98,4641.39,2.3,1.99,-20.0,-0.381,19.46,21.3,04a60647o0253c
60648.844156,19.219,0.743,74,55,o,0,0.67,32.18265,6.50604,6281.4,8451.7,2.64,2.26,-45.2,-0.384,17.96,19.36,03a60649o0176o
60648.931647,19.349,0.248,66,16,o,0,1.02,32.18265,6.50604,6238.13,8525.46,2.83,2.36,-29.7,-0.385,19.06,20.43,03a60649o0220o
60650.317912,18.882,0.096,102,10,o,0,1.31,32.18265,6.50604,6080.92,2653.54,2.48,2.32,30.0,-0.42,19.52,20.67,01a60650o0285o
60650.322115,19.351,0.157,66,10,o,0,0.9,32.18265,6.50604,6101.67,2691.89,2.48,2.3,35.2,-0.417,19.54,20.69,01a60650o0294o
60650.357384,18.964,0.118,94,11,o,0,1.02,32.18265,6.50604,6040.04,2605.27,2.56,2.32,49.8,-0.411,19.55,20.83,01a60650o0369o
60650.385981,18.906,0.108,99,11,o,0,1.13,32.18265,6.50604,6015.81,2718.38,2.66,2.47,51.0,-0.402,19.51,20.87,01a60650o0429o
60651.101218,19.009,0.138,90,12,o,0,1.74,32.18265,6.50604,6097.64,2624.61,2.17,1.87,-13.6,-0.444,19.25,20.41,04a60651o0193o
60651.111199,19.03,0.168,89,15,o,0,1.54,32.18265,6.50604,6117.18,2664.7,2.27,1.95,-10.3,-0.434,19.17,20.41,04a60651o0215o
60651.114358,18.961,0.183,94,17,o,0,0.88,32.18265,6.50604,6059.18,2586.86,2.33,1.99,-17.5,-0.432,19.18,20.42,04a60651o0222o
60651.12032,18.901,0.167,100,17,o,0,1.09,32.18265,6.50604,6039.25,2704.93,2.32,2.02,-16.8,-0.43,19.14,20.38,04a60651o0235o
60652.33575,18.899,0.148,100,15,o,0,1.27,32.18265,6.50604,10121.57,3775.41,2.32,1.89,-58.4,-0.488,19.4,20.41,02a60652o0337o
60652.339371,19.052,0.158,87,14,o,0,1.49,32.18265,6.50604,10101.46,3735.71,2.5,2.03,-60.6,-0.465,19.32,20.41,02a60652o0345o
60652.345006,19.034,0.163,88,14,o,0,0.82,32.18265,6.50604,10158.88,3809.95,2.37,1.89,-57.8,-0.482,19.39,20.38,02a60652o0357o
60652.356397,18.978,0.171,93,16,o,0,0.97,32.18265,6.50604,10185.57,3699.62,2.3,1.92,-56.7,-0.49,19.33,20.35,02a60652o0382o
60652.836634,19.078,0.236,85,20,o,0,1.05,32.18265,6.50604,410.45,6650.08,2.7,2.33,-72.4,-0.398,18.92,19.91,03a60653o0154o
60652.839821,18.913,0.228,99,22,o,0,0.95,32.18265,6.50604,430.48,6689.33,2.69,2.34,-69.3,-0.39,18.91,19.9,03a60653o0161o
60652.845276,19.108,0.242,83,20,o,0,1.32,32.18265,6.50604,376.21,6610.84,2.7,2.32,-67.4,-0.394,18.94,19.93,03a60653o0173o
60652.856134,19.709,0.434,48,21,o,0,1.02,32.18265,6.50604,354.86,6726.44,2.65,2.29,-65.5,-0.399,18.98,19.93,03a60653o0197o
60654.276863,19.075,0.255,85,22,o,0,0.99,32.18265,6.50604,10344.32,7667.26,2.73,2.55,-56.3,-0.426,18.87,19.39,01a60654o0186o
60654.27869,19.556,0.345,55,19,o,0,1.26,32.18265,6.50604,10324.06,7629.92,2.64,2.49,-42.7,-0.445,18.88,19.39,01a60654o0190o
60654.281929,18.91,0.189,99,19,o,0,1.3,32.18265,6.50604,10386.98,7710.06,2.62,2.47,-44.5,-0.441,18.95,19.49,01a60654o0197o
60654.305944,18.823,0.187,107,20,o,0,1.02,32.18265,6.50604,199.52,3013.04,2.8,2.41,15.8,-0.344,18.85,19.47,01a60654o0247o
60658.34873,20.779,1.566,18,28,o,0,0.97,32.18265,6.50604,3479.0,396.58,2.55,2.41,20.0,-0.445,18.49,18.69,01a60658o0344o
60658.35914,18.787,0.232,111,26,o,0,1.06,32.18265,6.50604,3498.75,435.16,2.59,2.48,55.9,-0.433,18.51,18.7,01a60658o0366o
60658.36327,18.844,0.228,105,24,o,0,1.41,32.18265,6.50604,3440.42,354.93,2.5,2.37,52.8,-0.448,18.5,18.66,01a60658o0375o
60658.375412,18.944,0.231,96,22,o,0,1.29,32.18265,6.50604,3417.88,472.15,2.38,2.28,51.7,-0.466,18.53,18.64,01a60658o0401o
60659.11167,19.595,0.759,53,40,o,0,1.26,32.18265,6.50604,3510.59,377.55,2.13,1.94,31.0,-0.416,18.16,18.29,04a60659o0192o
60659.11486,20.354,1.498,26,39,o,0,1.23,32.18265,6.50604,3530.12,417.21,1.99,1.89,26.0,-0.446,18.15,18.27,04a60659o0199o
60659.125018,-22.702,15.083,-3,46,o,0,0.91,32.18265,6.50604,3473.71,338.34,2.04,1.93,14.8,-0.422,18.12,18.24,04a60659o0221o
60659.134526,20.68,1.697,19,33,o,0,1.59,32.18265,6.50604,3454.42,457.25,2.16,1.89,38.9,-0.435,18.14,18.19,04a60659o0242o
60660.338042,20.134,0.683,32,22,o,0,1.46,32.18265,6.50604,3166.53,10348.41,2.21,2.01,-65.5,-0.449,18.76,19.49,02a60660o0325o
60660.339408,19.282,0.291,70,20,o,0,1.5,32.18265,6.50604,4098.02,139.63,2.07,1.78,-66.9,-0.434,18.78,19.26,02a60660o0328o
60660.341216,19.701,0.465,48,22,o,0,1.32,32.18265,6.50604,3151.11,10309.57,2.19,2.01,-66.3,-0.442,18.75,19.39,02a60660o0332o
60660.342571,19.294,0.347,70,24,o,0,0.92,32.18265,6.50604,4079.35,100.08,2.11,1.78,-64.3,-0.47,18.76,19.25,02a60660o0335o
60660.347129,19.061,0.322,86,28,o,0,0.88,32.18265,6.50604,3210.69,10388.19,2.31,2.1,-58.7,-0.436,18.72,19.26,02a60660o0345o
60660.348978,19.203,0.278,76,21,o,0,1.72,32.18265,6.50604,4138.94,181.7,2.16,1.87,-66.5,-0.428,18.71,19.24,02a60660o0349o
60660.357741,18.623,0.181,129,23,o,0,1.25,32.18265,6.50604,3234.57,10270.92,2.27,2.11,-62.4,-0.418,18.69,19.21,02a60660o0368o
60660.360497,19.077,0.285,85,24,o,0,1.3,32.18265,6.50604,4166.68,62.66,2.37,2.04,-66.7,-0.398,18.59,19.2,02a60660o0374o
60660.375966,19.574,0.432,54,23,o,0,1.01,32.18265,6.50604,6482.55,10399.81,2.85,2.61,-66.4,-0.386,18.75,19.25,01a60660o0399o
60660.379189,19.61,0.415,52,22,o,0,1.29,32.18265,6.50604,6502.07,10438.08,2.84,2.57,-73.5,-0.394,18.74,19.23,01a60660o0406o
60660.384718,20.665,1.33,20,26,o,0,1.19,32.18265,6.50604,6442.07,10358.99,3.3,3.06,-42.5,-0.394,18.56,19.18,01a60660o0418o
60660.405411,20.1,0.701,33,23,o,0,0.98,32.18265,6.50604,6412.93,10477.83,2.81,2.54,74.2,-0.387,18.68,19.11,01a60660o0462o
60660.855229,19.113,0.292,82,24,o,0,1.2,32.18265,6.50604,7495.75,251.88,2.45,2.22,-40.6,-0.399,18.66,19.38,03a60661o0190o
60660.856585,19.326,0.345,68,23,o,0,1.51,32.18265,6.50604,6344.52,10399.42,3.0,2.37,-34.3,-0.389,18.57,19.25,03a60661o0193o
60660.858391,19.885,0.685,40,28,o,0,1.02,32.18265,6.50604,7512.84,291.75,2.38,2.15,-49.0,-0.401,18.7,19.36,03a60661o0197o
60660.859743,19.1,0.319,83,26,o,0,1.5,32.18265,6.50604,6364.97,10438.91,2.9,2.29,-37.7,-0.385,18.61,19.23,03a60661o0200o
60660.864721,19.364,0.384,65,25,o,0,1.3,32.18265,6.50604,7459.06,212.49,2.39,2.11,-46.3,-0.401,18.71,19.31,03a60661o0211o
60660.867429,19.13,0.33,81,27,o,0,1.09,32.18265,6.50604,6310.96,10359.53,2.86,2.23,-38.3,-0.394,18.58,19.18,03a60661o0217o
60660.874708,19.378,0.373,64,24,o,0,1.12,32.18265,6.50604,7439.08,328.07,2.44,2.1,-55.5,-0.389,18.62,19.27,03a60661o0233o
60660.88017,20.106,0.818,33,27,o,0,1.13,32.18265,6.50604,6289.89,10474.93,2.89,2.22,-36.5,-0.397,18.54,19.11,03a60661o0245o
60662.449279,19.528,0.436,56,24,o,0,0.93,32.18265,6.50604,2269.37,4760.04,2.96,2.8,49.1,-0.4,18.75,19.5,01a60662o0055o
60662.455303,19.243,0.301,73,22,o,0,1.33,32.18265,6.50604,2286.72,4796.57,3.13,2.9,48.8,-0.376,18.67,19.46,01a60662o0068o
60662.458987,20.389,0.91,25,23,o,0,1.36,32.18265,6.50604,2227.51,4719.3,3.03,2.89,43.2,-0.391,18.66,19.42,01a60662o0076o
60663.109649,19.957,0.395,38,15,o,0,0.77,32.18265,6.50604,2323.97,4736.25,2.03,1.86,84.9,-0.395,19.15,20.33,04a60663o0183o
60663.112867,19.627,0.272,51,14,o,0,1.32,32.18265,6.50604,2343.86,4775.45,2.09,1.92,89.6,-0.391,19.09,20.3,04a60663o0190o
60663.118833,19.554,0.279,55,15,o,0,1.19,32.18265,6.50604,2285.89,4698.24,1.99,1.84,89.2,-0.402,19.11,20.18,04a60663o0203o
60663.131114,19.322,0.266,68,18,o,0,0.8,32.18265,6.50604,2266.12,4815.52,2.04,1.9,84.7,-0.396,18.97,19.95,04a60663o0230o
60664.3325,20.355,0.417,26,11,o,0,0.99,32.18265,6.50604,1768.44,1716.37,2.0,1.96,-86.2,-0.466,19.43,20.62,02a60664o0310o
60664.335728,20.152,0.313,32,10,o,0,1.59,32.18265,6.50604,1749.32,1674.91,2.03,2.0,61.3,-0.462,19.41,20.62,02a60664o0317o
60664.343046,19.444,0.206,61,12,o,0,1.01,32.18265,6.50604,1805.5,1754.82,1.99,1.93,67.9,-0.469,19.42,20.55,02a60664o0333o
60664.353208,19.572,0.226,54,12,o,0,1.06,32.18265,6.50604,1825.7,1637.47,2.0,1.96,83.9,-0.468,19.32,20.34,02a60664o0355o
60664.845889,19.294,0.204,70,14,c,0,1.01,32.18265,6.50604,8692.34,8901.46,3.1,2.63,-57.0,-0.378,19.27,21.19,03a60665o0165c
60664.855704,19.679,0.259,49,13,c,0,1.13,32.18265,6.50604,8714.66,8940.57,3.02,2.48,-55.5,-0.388,19.31,21.18,03a60665o0186c
60664.858885,19.722,0.24,47,11,c,0,1.26,32.18265,6.50604,8658.92,8861.39,2.95,2.45,-53.4,-0.382,19.33,21.19,03a60665o0193c
60664.872973,19.878,0.351,41,14,c,0,0.72,32.18265,6.50604,8638.32,8975.34,2.86,2.39,-52.7,-0.388,19.31,21.2,03a60665o0223c
60666.324052,20.141,0.367,32,12,o,0,1.07,32.18265,6.50604,8628.69,4950.04,2.63,2.55,75.7,-0.414,19.44,20.68,01a60666o0221o
60666.339446,19.471,0.217,59,13,o,0,0.92,32.18265,6.50604,8643.98,4987.67,2.68,2.58,-79.3,-0.417,19.4,20.63,01a60666o0254o
60666.346944,19.37,0.207,65,13,o,0,1.26,32.18265,6.50604,8582.58,4909.82,2.9,2.84,81.2,-0.394,19.26,20.59,01a60666o0270o
60666.350647,19.704,0.241,48,12,o,0,1.1,32.18265,6.50604,8563.64,5025.57,2.82,2.73,-79.0,-0.4,19.31,20.56,01a60666o0278o
60667.051655,19.093,0.196,84,16,o,0,1.97,32.18265,6.50604,8631.78,4932.62,2.45,1.81,-11.2,-0.461,19.16,20.27,04a60667o0053o
60667.054845,18.931,0.207,97,20,o,0,1.11,32.18265,6.50604,8649.03,4970.81,2.48,1.83,-12.1,-0.443,19.15,20.3,04a60667o0060o
60667.067556,19.478,0.351,59,21,o,0,1.08,32.18265,6.50604,8590.78,4893.05,2.52,1.81,-12.9,-0.451,19.18,20.32,04a60667o0088o
60667.074443,19.273,0.234,71,17,o,0,2.01,32.18265,6.50604,8571.06,5008.76,2.45,1.84,-17.5,-0.438,19.16,20.33,04a60667o0103o
60668.31308,19.244,0.162,73,12,o,0,1.49,32.18265,6.50604,6133.06,2020.83,2.2,2.15,-86.9,-0.418,19.31,20.44,02a60668o0265o
60668.316275,19.988,0.254,37,9,o,0,1.52,32.18265,6.50604,6116.16,1981.61,2.07,2.02,-77.1,-0.425,19.38,20.46,02a60668o0272o
60668.321721,19.817,0.283,43,12,o,0,1.26,32.18265,6.50604,6171.93,2059.03,2.15,2.1,74.8,-0.418,19.33,20.45,02a60668o0284o
60668.332617,19.43,0.22,61,14,o,0,0.79,32.18265,6.50604,6193.44,1940.77,2.15,2.12,-75.2,-0.413,19.37,20.48,02a60668o0308o
60668.802445,19.681,0.216,49,10,c,0,1.12,32.18265,6.50604,4343.08,8497.28,2.61,2.33,-50.0,-0.364,19.49,21.24,03a60669o0067c
60668.805602,20.259,0.351,29,10,c,0,0.91,32.18265,6.50604,4361.58,8537.05,2.65,2.32,-46.0,-0.367,19.49,21.3,03a60669o0074c
60668.816006,19.75,0.217,46,10,c,0,1.02,32.18265,6.50604,4306.42,8457.13,2.65,2.33,-47.9,-0.367,19.5,21.35,03a60669o0097c
60668.82143,19.941,0.25,38,10,c,0,1.4,32.18265,6.50604,4285.19,8574.27,2.79,2.49,-47.5,-0.357,19.45,21.35,03a60669o0109c
60671.085713,20.041,0.348,35,12,o,0,1.22,32.18265,6.50604,4167.54,2711.28,1.96,1.86,8.9,-0.458,19.31,20.68,04a60671o0125o
60671.088889,19.489,0.178,58,10,o,0,1.75,32.18265,6.50604,4183.6,2750.14,1.95,1.89,-6.7,-0.449,19.34,20.7,04a60671o0132o
60671.094352,19.36,0.189,66,12,o,0,0.99,32.18265,6.50604,4125.99,2672.31,1.89,1.82,4.6,-0.451,19.33,20.7,04a60671o0144o
60671.110965,20.025,0.323,36,12,o,0,1.51,32.18265,6.50604,4108.6,2790.0,1.98,1.88,-1.5,-0.453,19.24,20.61,04a60671o0180o
60672.306442,20.5,0.557,23,13,o,0,1.18,32.18265,6.50604,8330.16,7750.42,2.21,2.13,64.5,-0.446,19.5,20.76,02a60672o0245o
60672.309649,19.967,0.347,37,13,o,0,0.85,32.18265,6.50604,8310.03,7712.82,2.27,2.14,56.7,-0.439,19.49,20.67,02a60672o0252o
60672.316489,20.117,0.398,33,13,o,0,0.89,32.18265,6.50604,8368.09,7790.69,2.21,2.13,78.0,-0.442,19.45,20.64,02a60672o0267o
60672.326576,19.804,0.312,44,14,o,0,0.67,32.18265,6.50604,8387.82,7674.91,2.21,2.16,60.9,-0.443,19.46,20.61,02a60672o0289o
60672.818401,19.643,0.231,50,12,c,0,1.02,32.18265,6.50604,2284.54,2741.13,2.51,2.36,-67.4,-0.39,19.46,21.32,03a60673o0086c
60672.821567,19.544,0.219,55,12,c,0,0.97,32.18265,6.50604,2306.41,2780.81,2.5,2.32,-63.5,-0.39,19.46,21.32,03a60673o0093c
60672.827902,19.806,0.253,43,11,c,0,1.09,32.18265,6.50604,2251.57,2702.09,2.55,2.35,-68.4,-0.39,19.46,21.31,03a60673o0107c
60672.837994,20.322,0.469,27,13,c,0,0.77,32.18265,6.50604,2229.17,2815.83,2.58,2.39,-72.4,-0.392,19.39,21.3,03a60673o0129c
60674.29331,20.127,0.321,32,10,o,0,1.09,32.18265,6.50604,356.68,4869.93,2.54,2.36,54.6,-0.394,19.53,20.85,01a60674o0215o
60674.29882,20.643,0.488,20,10,o,0,1.01,32.18265,6.50604,376.94,4908.84,2.48,2.32,55.5,-0.402,19.53,20.85,01a60674o0227o
60674.303944,19.727,0.251,47,12,o,0,0.8,32.18265,6.50604,313.43,4828.91,2.58,2.41,56.6,-0.398,19.52,20.85,01a60674o0238o
60674.317826,19.924,0.229,39,9,o,0,1.89,32.18265,6.50604,10518.45,4916.18,2.79,2.44,-55.6,-0.384,19.46,20.75,01a60674o0268o
60674.318751,19.57,0.191,54,10,o,0,1.44,32.18265,6.50604,296.85,4944.17,2.64,2.54,66.5,-0.382,19.46,20.79,01a60674o0270o
60675.048893,19.429,0.257,62,16,o,0,1.18,32.18265,6.50604,373.89,4818.41,2.4,1.94,62.2,-0.389,19.18,20.39,04a60675o0043o
60675.0521,20.105,0.427,33,14,o,0,1.09,32.18265,6.50604,394.62,4857.27,2.39,1.94,64.8,-0.385,19.21,20.51,04a60675o0050o
60675.058056,19.776,0.275,45,12,o,0,1.49,32.18265,6.50604,331.57,4778.51,2.47,2.0,62.4,-0.378,19.21,20.57,04a60675o0063o
60675.060774,18.854,0.265,104,28,o,0,2.11,32.18265,6.50604,10525.59,4904.14,2.98,2.08,-14.6,-0.411,19.23,20.53,04a60675o0069o
60675.068494,21.659,1.623,8,13,o,0,1.37,32.18265,6.50604,313.79,4894.87,2.44,1.98,62.6,-0.383,19.17,20.56,04a60675o0086o
60678.280792,20.245,0.451,29,13,o,0,0.79,32.18265,6.50604,2399.23,6713.12,2.73,2.53,47.8,-0.404,19.44,20.7,01a60678o0185o
60678.283996,20.474,0.416,24,10,o,0,1.49,32.18265,6.50604,2419.6,6752.15,2.75,2.58,52.5,-0.404,19.4,20.69,01a60678o0192o
60678.291657,20.189,0.397,30,12,o,0,1.08,32.18265,6.50604,2360.54,6673.08,2.63,2.43,52.7,-0.417,19.45,20.65,01a60678o0208o
60678.313277,19.636,0.245,51,12,o,0,1.08,32.18265,6.50604,2337.23,6785.37,2.67,2.43,55.7,-0.411,19.44,20.63,01a60678o0255o
60679.066643,20.533,0.693,22,15,o,0,0.94,32.18265,6.50604,2407.09,6667.46,2.16,1.81,-78.3,-0.411,19.16,20.48,04a60679o0081o
60679.069868,20.506,0.56,23,13,o,0,1.02,32.18265,6.50604,2426.83,6706.46,2.2,1.83,-80.6,-0.404,19.18,20.49,04a60679o0088o
60679.077247,20.102,0.391,33,13,o,0,1.61,32.18265,6.50604,2368.05,6628.68,2.21,1.87,-82.4,-0.395,19.15,20.48,04a60679o0102o
60679.094085,20.386,0.529,26,14,o,0,1.28,32.18265,6.50604,2348.35,6746.68,2.26,1.84,-81.6,-0.395,19.13,20.42,04a60679o0139o
60680.273044,20.195,0.437,30,13,o,0,0.72,32.18265,6.50604,8091.77,1928.63,2.15,1.78,-58.3,-0.461,19.39,20.44,02a60680o0165o
60680.276245,19.248,0.187,73,14,o,0,0.74,32.18265,6.50604,8071.31,1891.17,2.14,1.81,-58.8,-0.461,19.41,20.45,02a60680o0172o
60680.282138,20.059,0.274,34,9,o,0,2.09,32.18265,6.50604,8128.45,1970.81,2.12,1.78,-58.1,-0.455,19.42,20.43,02a60680o0185o
60680.292304,19.919,0.313,39,12,o,0,1.54,32.18265,6.50604,8150.05,1853.48,2.12,1.77,-56.2,-0.461,19.38,20.38,02a60680o0207o
60680.786703,20.103,0.958,33,32,o,0,0.87,32.18265,6.50604,2396.14,8543.36,2.62,2.31,-50.3,-0.373,18.37,18.78,03a60681o0015o
60680.789873,20.07,0.697,34,24,o,0,0.99,32.18265,6.50604,2416.58,8583.67,2.61,2.33,-46.4,-0.38,18.65,19.28,03a60681o0022o
60680.797548,23.816,16.5,1,18,o,0,0.96,32.18265,6.50604,2365.06,8505.85,2.63,2.36,-45.6,-0.393,18.9,19.86,03a60681o0039o
60680.816585,19.487,0.339,58,20,o,0,1.25,32.18265,6.50604,2344.52,8621.18,3.12,2.81,-41.0,-0.373,18.77,20.04,03a60681o0081o
60682.257811,20.46,0.8,24,19,o,0,1.46,32.18265,6.50604,526.78,8759.03,2.38,2.23,71.6,-0.479,18.96,19.43,01a60682o0131o
60682.261471,19.536,0.352,56,20,o,0,1.01,32.18265,6.50604,547.86,8798.09,2.37,2.2,69.9,-0.481,18.96,19.42,01a60682o0139o
60682.267444,-21.47,2.024,-9,19,o,0,1.41,32.18265,6.50604,489.94,8720.75,2.28,2.15,71.9,-0.496,18.98,19.4,01a60682o0152o
60682.277915,19.612,0.414,52,22,o,0,1.19,32.18265,6.50604,467.7,8835.7,2.3,2.17,66.8,-0.49,18.94,19.4,01a60682o0174o
60684.785993,19.656,0.819,50,41,o,0,1.09,32.18265,6.50604,4261.66,4633.86,2.55,2.32,-57.0,-0.387,17.92,18.12,03a60685o0014o
60684.789153,24.288,54.25,1,38,o,0,1.27,32.18265,6.50604,4281.92,4673.03,2.6,2.32,-65.3,-0.378,18.03,18.31,03a60685o0021o
60684.798666,20.63,1.627,20,33,o,0,1.23,32.18265,6.50604,4228.74,4593.99,2.55,2.29,-54.5,-0.396,18.15,18.49,03a60685o0042o
60684.817672,-21.317,3.271,-11,35,o,0,1.62,32.18265,6.50604,4208.62,4709.53,2.62,2.35,-52.5,-0.394,18.1,18.51,03a60685o0084o
60687.041109,20.236,1.642,29,48,o,0,1.18,32.18265,6.50604,4525.62,10464.89,2.35,1.9,-65.5,-0.492,18.24,18.5,04a60687o0026o
60687.042916,19.736,0.781,46,36,o,0,0.87,32.18265,6.50604,5441.48,275.0,2.26,2.06,-16.5,-0.391,18.33,18.68,04a60687o0030o
60687.044281,19.337,0.891,67,60,o,0,1.08,32.18265,6.50604,4545.7,10504.54,2.32,1.9,-62.7,-0.474,18.28,18.56,04a60687o0033o
60687.046088,20.442,1.132,24,27,o,0,1.43,32.18265,6.50604,5461.62,314.59,2.25,2.16,-5.4,-0.411,18.39,18.74,04a60687o0037o
60687.051527,19.805,0.807,43,35,o,0,0.94,32.18265,6.50604,4485.26,10426.39,2.53,1.9,-65.7,-0.451,18.31,18.66,04a60687o0049o
60687.052429,19.863,0.694,41,29,o,0,1.63,32.18265,6.50604,5404.73,237.24,2.22,2.08,-11.4,-0.393,18.41,18.8,04a60687o0051o
60687.069722,19.358,0.638,66,42,o,0,1.07,32.18265,6.50604,5384.36,357.27,2.26,2.1,-22.4,-0.388,18.25,18.57,04a60687o0089o
60688.330772,0.0,0.0,0,0,o,0,-0.0,32.18265,6.50604,8691.31,6887.21,3.02,2.84,48.3,-0.46,14.06,14.29,01a60688o0282o
60688.334024,18.196,1.477,191,282,o,0,1.45,32.18265,6.50604,8705.4,6925.1,2.69,2.55,-60.6,-0.471,17.06,17.39,01a60688o0289o
60688.357749,19.809,3.84,43,166,o,0,1.14,32.18265,6.50604,8635.49,6850.81,2.99,2.79,42.4,-0.385,16.52,17.15,01a60688o0340o
60688.365242,17.352,0.424,416,176,o,0,1.46,32.18265,6.50604,8611.97,6968.72,2.94,2.75,-67.0,-0.406,16.32,16.47,01a60688o0356o
60688.79113,19.839,0.621,42,26,o,0,1.03,32.18265,6.50604,8655.43,6960.16,2.6,2.13,-53.5,-0.371,18.42,18.79,03a60689o0027o
60688.794744,-20.809,1.72,-17,30,o,0,0.94,32.18265,6.50604,8672.08,6999.44,2.66,2.25,-51.9,-0.362,18.39,18.87,03a60689o0035o
60688.802896,20.526,1.092,22,24,o,0,1.77,32.18265,6.50604,8616.9,6918.85,2.73,2.34,-46.2,-0.365,18.37,18.85,03a60689o0053o
60688.813769,19.433,0.568,61,35,o,0,0.84,32.18265,6.50604,8600.05,7035.45,2.87,2.42,-52.3,-0.358,18.27,18.74,03a60689o0077o
60690.283869,-21.588,2.295,-8,19,o,0,1.37,32.18265,6.50604,9695.96,544.93,2.67,2.32,-52.7,-0.446,18.96,19.6,01a60690o0180o
60690.289074,20.309,0.626,27,17,o,0,1.5,32.18265,6.50604,9714.14,585.07,2.43,2.26,-54.8,-0.451,18.91,19.6,01a60690o0191o
60690.300597,19.972,0.538,37,20,o,0,1.49,32.18265,6.50604,9653.61,507.12,2.83,2.46,-56.8,-0.433,18.8,19.48,01a60690o0216o
60690.303844,20.644,1.111,20,22,o,0,1.09,32.18265,6.50604,9631.27,625.73,2.67,2.39,-56.3,-0.434,18.79,19.44,01a60690o0223o
60691.093052,-21.018,2.918,-14,42,o,0,0.97,32.18265,6.50604,9719.43,551.2,2.73,2.56,60.8,-0.343,18.47,19.21,04a60691o0018o
60691.096222,19.713,0.831,47,39,o,0,1.3,32.18265,6.50604,9739.17,589.53,2.64,2.56,-20.8,-0.336,18.45,19.17,04a60691o0025o
60691.103036,21.747,5.958,7,43,o,0,1.18,32.18265,6.50604,9680.24,511.83,2.75,2.44,-33.9,-0.339,18.47,19.1,04a60691o0040o
60691.119867,20.156,1.811,32,57,o,0,0.74,32.18265,6.50604,9657.25,631.38,2.96,2.47,-25.5,-0.344,18.3,18.87,04a60691o0077o
60692.260618,20.002,0.385,36,14,o,0,0.89,32.18265,6.50604,1995.07,7543.8,2.09,2.05,-81.6,-0.547,19.39,20.48,02a60692o0127o
60692.270645,20.354,0.404,26,11,o,0,1.37,32.18265,6.50604,1978.72,7504.78,2.04,1.98,-87.0,-0.442,19.38,20.47,02a60692o0149o
60692.274385,19.938,0.399,38,15,o,0,0.72,32.18265,6.50604,2031.97,7581.34,2.37,2.13,40.3,-0.419,19.32,20.58,02a60692o0157o
60692.282253,20.059,0.372,34,13,o,0,1.16,32.18265,6.50604,2049.58,7461.92,2.34,2.04,35.2,-0.414,19.33,20.4,02a60692o0172o
60692.811972,-21.638,2.077,-8,17,o,0,1.1,32.18265,6.50604,8596.86,3092.94,2.45,2.05,-63.3,-0.407,19.03,20.1,03a60693o0075o
60692.825117,20.097,0.587,33,20,o,0,0.87,32.18265,6.50604,8613.34,3131.22,2.47,2.09,-64.3,-0.412,19.0,20.05,03a60693o0104o
60692.828274,23.063,8.143,2,18,o,0,0.79,32.18265,6.50604,8558.99,3053.28,2.38,2.07,-61.6,-0.426,18.99,20.0,03a60693o0111o
60692.833704,-21.788,2.619,-7,18,o,0,1.12,32.18265,6.50604,8538.11,3168.74,2.48,2.17,-61.8,-0.406,18.89,19.87,03a60693o0123o
60694.349536,-24.026,16.167,-1,14,o,0,0.94,32.18265,6.50604,6238.89,6504.29,2.8,2.58,56.2,-0.359,19.2,20.29,01a60694o0318o
60695.035236,21.113,1.434,13,19,c,0,1.34,32.18265,6.50604,6281.01,6483.2,2.41,2.13,-50.5,-0.383,18.66,19.55,04a60695o0017c
60695.038398,20.634,0.723,20,15,c,0,1.16,32.18265,6.50604,6300.65,6521.91,2.34,2.06,-46.2,-0.392,18.95,20.1,04a60695o0024c
60695.044751,20.317,0.46,27,12,c,0,0.83,32.18265,6.50604,6240.91,6443.6,2.4,2.11,-42.6,-0.39,19.15,20.7,04a60695o0038c
60695.055693,22.017,2.257,6,13,c,0,0.74,32.18265,6.50604,6219.75,6560.33,2.46,2.12,-49.6,-0.393,19.21,20.93,04a60695o0062c
60696.280691,-23.135,4.733,-2,10,c,0,1.42,32.18265,6.50604,4365.54,5996.37,2.42,2.23,38.7,-0.401,19.48,21.01,02a60696o0168c
60696.283871,21.188,0.854,12,10,c,0,1.13,32.18265,6.50604,4348.91,5957.28,2.43,2.23,39.9,-0.405,19.48,20.99,02a60696o0175c
60696.290209,21.413,1.314,10,13,c,0,1.0,32.18265,6.50604,4406.14,6035.11,2.48,2.25,37.6,-0.403,19.44,20.95,02a60696o0189c
60696.31169,-22.072,2.184,-5,12,c,0,1.21,32.18265,6.50604,4424.82,5916.85,2.45,2.25,37.5,-0.403,19.36,20.83,02a60696o0236c
60698.314242,20.067,0.393,34,13,o,0,0.87,32.18265,6.50604,6355.36,8441.62,2.79,2.61,-60.6,-0.413,19.41,20.64,01a60698o0104o
60698.317488,21.121,0.928,13,12,o,0,1.33,32.18265,6.50604,6373.33,8479.8,2.8,2.64,-60.9,-0.401,19.36,20.62,01a60698o0111o
60698.334249,-20.64,0.635,-20,13,o,0,1.27,32.18265,6.50604,6305.67,8403.97,2.97,2.76,-52.3,-0.397,19.24,20.48,01a60698o0147o
60700.272442,20.883,5.091,16,82,c,0,0.89,32.18265,6.50604,4458.94,7935.24,2.51,2.36,37.6,-0.396,17.52,19.02,02a60700o0153c
60700.275606,17.682,1.069,307,328,c,0,0.94,32.18265,6.50604,4439.21,7896.19,2.48,2.37,33.6,-0.405,16.14,17.55,02a60700o0160c
60700.281563,18.453,4.268,151,644,c,0,1.43,32.18265,6.50604,4496.65,7971.86,2.45,2.35,32.2,-0.405,16.09,17.48,02a60700o0173c
60700.296645,18.258,2.067,181,373,c,0,1.02,32.18265,6.50604,4516.15,7856.42,2.49,2.35,35.6,-0.396,16.17,17.57,02a60700o0206c
60700.780468,20.919,2.124,16,33,o,0,1.23,32.18265,6.50604,6145.02,2653.95,2.29,2.03,-54.8,-0.422,18.26,18.59,03a60701o0027o
60700.783633,-20.338,0.865,-27,23,o,0,0.86,32.18265,6.50604,6165.73,2692.59,2.24,1.99,-49.0,-0.427,18.65,19.26,03a60701o0034o
60700.789052,20.418,0.776,25,19,o,0,0.73,32.18265,6.50604,6111.42,2613.23,2.3,2.07,-41.8,-0.416,18.93,19.96,03a60701o0046o
60700.801306,-21.903,2.429,-6,15,o,0,0.99,32.18265,6.50604,6089.94,2729.34,2.23,2.04,-39.1,-0.424,19.16,20.37,03a60701o0073o
60704.277446,-20.72,1.561,-19,29,c,0,1.34,32.18265,6.50604,35.66,7649.72,2.42,2.29,-16.7,-0.359,18.99,20.44,02a60704o0028c
60704.284328,-20.999,1.8,-14,26,c,0,0.87,32.18265,6.50604,10271.8,7687.41,2.68,2.5,-43.6,-0.408,18.76,20.16,02a60704o0043c
60704.288023,19.48,0.609,59,36,c,0,1.03,32.18265,6.50604,10250.77,7648.33,2.83,2.59,-36.7,-0.408,18.47,19.9,02a60704o0051c
60704.288475,-19.093,0.46,-84,38,c,0,0.9,32.18265,6.50604,73.1,7688.3,2.44,2.26,-23.3,-0.362,18.2,19.55,02a60704o0052c
60704.293555,18.978,1.224,93,114,c,0,0.82,32.18265,6.50604,10312.29,7727.71,3.25,2.75,-12.0,-0.385,17.5,18.97,02a60704o0063c
60704.299956,-19.589,1.667,-53,88,c,0,1.44,32.18265,6.50604,95.67,7570.55,2.87,2.34,-4.9,-0.381,16.27,17.57,02a60704o0077c
60704.307832,15.804,1.316,1732,2279,c,0,1.52,32.18265,6.50604,10328.78,7612.19,2.94,2.63,-33.6,-0.505,14.82,16.08,02a60704o0094c
60704.778076,19.462,0.819,60,49,o,0,0.74,32.18265,6.50604,344.41,2772.0,2.55,2.19,-73.0,-0.347,18.18,18.43,03a60705o0012o
60704.781231,20.388,1.295,25,33,o,0,0.99,32.18265,6.50604,365.82,2812.33,2.61,2.22,-78.1,-0.356,18.47,19.01,03a60705o0019o
60704.787564,20.213,0.774,30,23,o,0,1.12,32.18265,6.50604,308.19,2732.42,2.68,2.3,-75.8,-0.353,18.74,19.63,03a60705o0033o
60704.797983,-22.206,5.478,-5,26,o,0,0.68,32.18265,6.50604,288.52,2847.9,2.8,2.49,-76.8,-0.357,18.82,19.91,03a60705o0056o
60708.221477,-20.422,0.779,-25,19,c,0,1.23,32.18265,6.50604,7045.35,10193.24,3.41,3.03,-5.2,-0.411,18.95,20.39,02a60708o0038c
60708.223305,-21.27,1.769,-11,20,c,0,1.03,32.18265,6.50604,7044.92,10194.41,3.56,3.39,-12.1,-0.374,18.91,20.5,02a60708o0042c
60708.226504,23.247,11.5,2,21,c,0,0.86,32.18265,6.50604,7024.25,10155.51,3.85,3.17,0.5,-0.407,18.92,20.6,02a60708o0049c
60708.232452,21.094,1.351,13,18,c,0,0.92,32.18265,6.50604,7082.19,10235.09,3.22,2.98,-21.2,-0.384,19.1,20.67,02a60708o0062c
60708.243046,22.154,2.44,5,12,c,0,1.72,32.18265,6.50604,7103.35,10116.78,2.95,2.74,-19.9,-0.39,19.24,20.7,02a60708o0085c
60712.229765,-20.545,0.909,-22,20,o,0,1.67,32.18265,6.50604,8246.14,5829.05,2.16,1.99,41.7,-0.436,18.75,19.12,02a60712o0037o
60712.232984,22.334,4.914,4,21,o,0,1.25,32.18265,6.50604,8225.42,5790.09,2.18,2.04,40.5,-0.429,18.74,19.12,02a60712o0044o
60712.238945,21.88,3.593,6,23,o,0,0.9,32.18265,6.50604,8283.98,5867.13,2.12,2.04,59.3,-0.437,18.77,19.11,02a60712o0057o
60712.248996,-22.093,4.308,-5,23,o,0,1.23,32.18265,6.50604,8304.36,5749.84,2.27,2.12,53.2,-0.695,18.68,19.08,02a60712o0079o
60714.217205,-20.36,1.383,-26,36,o,0,0.87,32.18265,6.50604,8793.44,8823.06,3.31,3.19,-88.1,-0.415,18.3,18.73,01a60714o0016o
60714.236906,22.306,6.111,4,26,o,0,1.12,32.18265,6.50604,8807.99,8861.24,3.42,3.32,-59.9,-0.4,18.56,19.34,01a60714o0059o
60714.240133,-22.684,7.688,-3,24,o,0,1.0,32.18265,6.50604,8746.75,8783.65,3.12,2.87,-60.5,-0.413,18.69,19.35,01a60714o0066o
60714.252114,20.852,1.341,17,22,o,0,0.98,32.18265,6.50604,8720.91,8901.9,3.03,2.68,-58.8,-0.45,18.78,19.34,01a60714o0092o
60716.247263,20.603,1.232,21,26,o,0,0.95,32.18265,6.50604,1925.73,5612.54,2.42,2.02,35.9,-0.429,18.64,19.06,02a60716o0093o
60716.250462,22.514,7.407,4,26,o,0,0.73,32.18265,6.50604,1909.17,5572.76,2.32,2.06,33.7,-0.436,18.59,19.05,02a60716o0100o
60716.256393,-24.224,26.0,-1,19,o,0,2.7,32.18265,6.50604,1966.59,5649.91,2.29,1.93,33.5,-0.433,18.63,19.02,02a60716o0113o
60716.266514,-19.838,0.606,-42,26,o,0,1.17,32.18265,6.50604,1988.77,5532.06,2.3,2.04,34.6,-0.432,18.56,18.96,02a60716o0135o
60718.278328,20.674,1.369,20,27,o,0,1.17,32.18265,6.50604,6136.92,2032.8,2.09,2.04,-58.5,-0.406,18.44,18.75,02a60718o0158o
60718.298045,-19.575,0.601,-54,32,o,0,1.4,32.18265,6.50604,6120.55,1991.81,2.21,2.08,-53.2,-0.42,18.23,18.68,02a60718o0201o
60718.301258,-20.433,1.219,-24,30,o,0,1.3,32.18265,6.50604,6178.18,2068.9,2.18,2.08,-55.1,-0.403,18.25,18.53,02a60718o0208o
60718.306723,20.888,1.908,16,31,o,0,1.41,32.18265,6.50604,6198.87,1953.0,2.21,2.19,-59.8,-0.396,18.18,18.46,02a60718o0220o
60719.022535,-18.461,0.437,-150,65,o,0,1.12,32.18265,6.50604,4434.29,8513.63,2.34,2.05,-59.6,-0.402,17.62,17.68,04a60719o0030o
60719.025707,22.739,17.375,3,51,o,0,1.08,32.18265,6.50604,4451.01,8553.71,2.31,2.02,-51.2,-0.36,17.85,18.15,04a60719o0037o
60719.033443,-23.072,16.909,-2,36,o,0,1.52,32.18265,6.50604,4392.61,8477.36,2.37,2.02,-62.8,-0.394,18.03,18.42,04a60719o0054o
60719.043545,-19.429,0.756,-62,46,o,0,1.01,32.18265,6.50604,4370.01,8593.72,2.3,1.99,-67.2,-0.41,17.97,18.33,04a60719o0076o
60719.258063,-20.803,1.358,-17,24,o,0,1.15,32.18265,6.50604,4407.09,8537.93,2.49,2.39,71.7,-0.417,18.73,19.03,01a60719o0115o
60719.261261,20.877,1.313,16,21,o,0,1.37,32.18265,6.50604,4422.87,8577.0,2.44,2.33,77.7,-0.418,18.76,19.0,01a60719o0122o
60719.276251,21.329,2.456,11,26,o,0,1.38,32.18265,6.50604,4357.5,8499.59,2.55,2.47,78.2,-0.401,18.58,18.86,01a60719o0154o
60719.291503,-19.32,0.404,-68,27,o,0,1.25,32.18265,6.50604,4326.01,8617.03,2.67,2.57,-81.0,-0.401,18.44,18.7,01a60719o0187o
60720.240188,19.635,0.344,51,18,o,0,0.97,32.18265,6.50604,6396.1,7849.56,2.23,2.1,38.0,-0.439,19.06,19.73,02a60720o0074o
60720.243375,22.468,5.065,4,19,o,0,1.16,32.18265,6.50604,6378.39,7810.46,2.19,2.0,44.4,-0.448,19.04,19.6,02a60720o0081o
60720.248879,-22.042,3.848,-6,21,o,0,1.0,32.18265,6.50604,6435.52,7888.68,2.21,1.98,42.8,-0.447,18.92,19.43,02a60720o0093o
60720.260284,20.681,1.146,19,22,o,0,1.64,32.18265,6.50604,6452.06,7770.7,2.26,2.17,61.4,-0.434,18.73,19.2,02a60720o0118o
60720.767902,-19.332,0.961,-67,65,o,0,1.3,32.18265,6.50604,4227.46,2701.38,2.51,2.28,-59.8,-0.412,17.55,17.51,03a60721o0027o
60720.771061,18.705,0.394,120,47,o,0,1.24,32.18265,6.50604,4243.71,2740.44,2.46,2.24,-56.6,-0.414,17.99,18.24,03a60721o0034o
60720.776495,20.798,1.627,17,28,o,0,1.26,32.18265,6.50604,4187.61,2662.09,2.42,2.15,-61.7,-0.409,18.4,19.01,03a60721o0046o
60720.786466,21.397,2.875,10,29,o,0,1.03,32.18265,6.50604,4168.17,2777.91,2.43,2.22,-62.5,-0.403,18.44,19.1,03a60721o0068o
60724.248682,-21.28,1.609,-11,18,o,0,0.56,32.18265,6.50604,10194.48,5748.13,2.25,1.96,-51.8,-0.488,19.25,20.09,02a60724o0086o
60724.251861,20.898,1.057,16,17,o,0,1.15,32.18265,6.50604,10172.66,5707.83,2.26,1.98,-49.5,-0.483,19.22,20.09,02a60724o0093o
60724.268849,-20.548,0.766,-22,17,o,0,0.94,32.18265,6.50604,10230.03,5786.37,2.31,1.95,-50.5,-0.477,19.19,20.04,02a60724o0130o
60724.273938,-20.748,1.725,-18,32,o,0,1.67,32.18265,6.50604,31.01,5624.38,2.04,1.86,-61.1,-0.395,19.11,19.87,02a60724o0141o
