MJD,m,dm,uJy,duJy,F,err,chi/N,RA,Dec,x,y,maj,min,phi,apfit,mag5sig,Sky,Obs
60295.073121,-21.063,1.514,-14,21,o,0,1.31,210.38137,-23.95712,1071.76,5940.18,2.65,2.35,-61.2,-0.397,18.88,19.92,03a60295o0586o
60295.07731,-20.912,1.425,-16,22,o,0,1.25,210.38137,-23.95712,1049.45,5899.11,2.75,2.42,-59.2,-0.4,18.84,19.85,03a60295o0595o
60295.084717,-19.308,0.483,-69,33,o,0,0.98,210.38137,-23.95712,1105.44,5975.62,2.77,2.47,-60.0,-0.638,18.62,19.47,03a60295o0611o
60295.093641,-19.668,1.242,-49,61,o,0,0.98,210.38137,-23.95712,1123.25,5859.99,2.95,2.59,-60.3,-0.386,17.83,18.03,03a60295o0630o
60305.644335,21.062,2.103,14,29,o,0,0.86,210.38137,-23.95712,1590.75,9340.03,2.87,2.59,66.8,-0.409,18.54,19.01,01a60305o0888o
60305.650828,20.277,1.285,28,36,o,0,0.89,210.38137,-23.95712,1577.91,9302.81,3.23,2.93,61.3,-0.386,18.41,19.03,01a60305o0901o
60305.652318,19.718,0.707,47,33,o,0,0.96,210.38137,-23.95712,1636.97,9382.83,3.36,3.01,63.5,-0.39,18.41,19.02,01a60305o0904o
60305.658459,-20.547,1.411,-22,31,o,0,1.1,210.38137,-23.95712,1664.33,9265.67,3.07,2.8,61.6,-0.394,18.37,18.85,01a60305o0916o
60309.585429,21.698,3.154,8,24,o,0,0.97,210.38137,-23.95712,7533.97,1700.71,2.59,2.44,30.3,-0.436,18.66,19.17,01a60309o0815o
60309.610949,20.511,1.11,23,25,o,0,0.69,210.38137,-23.95712,7523.38,1660.21,2.75,2.6,21.8,-0.415,18.71,19.4,01a60309o0862o
60309.614315,23.069,11.692,2,25,o,0,0.8,210.38137,-23.95712,7580.2,1737.74,2.84,2.72,41.4,-0.403,18.69,19.43,01a60309o0869o
60309.618686,-19.545,0.376,-55,21,o,0,1.05,210.38137,-23.95712,7603.54,1619.92,2.64,2.59,58.6,-0.428,18.8,19.46,01a60309o0878o
60310.592382,-20.109,0.8,-33,26,o,0,1.1,210.38137,-23.95712,3705.66,1891.22,3.29,3.16,24.1,-0.398,18.54,19.44,01a60310o0822o
60310.596331,-23.178,15.5,-2,30,o,0,1.23,210.38137,-23.95712,3687.44,1852.17,4.07,3.83,49.4,-0.35,18.36,19.46,01a60310o0830o
60310.602657,19.23,0.335,74,25,o,0,1.23,210.38137,-23.95712,3748.32,1931.19,3.43,3.12,36.0,-0.42,18.63,19.51,01a60310o0841o
60310.628109,-25.833,125.0,0,21,o,0,1.15,210.38137,-23.95712,3774.81,1813.93,2.94,2.66,41.5,-0.418,18.85,19.63,01a60310o0888o
60313.338033,-21.14,1.635,-13,21,o,0,0.98,210.38137,-23.95712,884.68,7816.55,2.2,1.94,-74.3,-0.421,18.85,19.46,04a60313o0595o
60313.353367,20.555,1.032,22,22,o,0,1.11,210.38137,-23.95712,861.14,7779.21,2.4,2.07,-78.8,-0.364,18.77,19.4,04a60313o0626o
60313.359316,-20.691,1.089,-19,21,o,0,1.39,210.38137,-23.95712,924.32,7857.83,2.48,2.01,-80.3,-0.363,18.72,19.28,04a60313o0637o
60313.361143,19.988,0.767,37,28,o,0,0.74,210.38137,-23.95712,943.27,7741.37,2.35,2.02,-76.7,-0.404,18.66,19.18,04a60313o0641o
60314.337958,21.921,3.83,6,24,o,0,1.21,210.38137,-23.95712,8738.72,3726.09,2.23,1.97,-32.2,-0.428,18.66,19.15,04a60314o0593o
60314.349062,-19.713,0.499,-47,24,o,0,0.93,210.38137,-23.95712,8719.7,3689.01,2.3,2.09,-34.1,-0.408,18.66,19.17,04a60314o0612o
60314.355947,20.848,1.468,17,24,o,0,1.04,210.38137,-23.95712,8777.06,3767.01,2.29,1.95,-26.5,-0.426,18.67,19.12,04a60314o0627o
60314.359191,21.694,3.316,8,25,o,0,0.88,210.38137,-23.95712,8795.58,3650.93,2.33,1.98,-26.9,-0.41,18.61,19.01,04a60314o0634o
60317.335736,20.207,0.519,30,16,o,0,1.37,210.38137,-23.95712,4809.06,7635.03,2.05,1.87,-55.5,-0.426,19.19,20.28,04a60317o0578o
60317.34582,-21.151,1.172,-13,15,o,0,1.57,210.38137,-23.95712,4788.79,7598.02,2.13,1.85,-48.2,-0.412,19.18,20.33,04a60317o0598o
60317.351545,20.484,0.711,23,16,o,0,1.02,210.38137,-23.95712,4847.65,7676.8,2.06,1.87,-46.0,-0.424,19.17,20.23,04a60317o0610o
60317.355697,25.303,68.0,0,19,o,0,0.89,210.38137,-23.95712,4865.18,7561.49,2.25,1.96,-51.7,-0.402,19.1,20.17,04a60317o0619o
60321.338779,-20.085,0.571,-34,19,o,0,1.08,210.38137,-23.95712,9192.36,9838.63,2.15,1.91,-0.6,-0.524,19.4,20.82,04a60321o0652o
60321.36124,20.666,1.098,20,22,o,0,1.31,210.38137,-23.95712,9173.86,9804.93,2.17,1.94,-1.2,-0.501,19.1,20.32,04a60321o0694o
60321.363536,-21.012,1.777,-14,25,o,0,0.92,210.38137,-23.95712,9234.15,9882.09,2.2,1.93,-3.7,-0.512,18.99,20.07,04a60321o0699o
60321.368293,19.733,0.628,46,29,o,0,1.18,210.38137,-23.95712,9254.78,9765.23,2.15,1.89,1.6,-0.508,18.6,19.27,04a60321o0707o
60322.335763,19.977,0.407,37,15,o,0,1.29,210.38137,-23.95712,1012.28,9773.89,2.28,1.81,-71.6,-0.467,19.37,20.78,04a60322o0644o
60322.338969,20.008,0.476,36,17,o,0,0.91,210.38137,-23.95712,993.36,9734.68,2.35,1.84,-70.8,-0.457,19.35,20.78,04a60322o0651o
60322.352013,23.984,18.0,1,17,o,0,0.78,210.38137,-23.95712,1052.67,9814.68,2.4,1.84,-70.3,-0.456,19.39,20.77,04a60322o0677o
60322.364907,20.148,0.702,32,22,o,0,0.77,210.38137,-23.95712,1074.65,9698.0,2.45,1.91,-70.5,-0.446,19.05,20.15,04a60322o0703o
60323.0773,21.145,0.986,13,12,c,0,1.17,210.38137,-23.95712,848.16,9627.81,2.79,2.41,-43.5,-0.396,19.53,21.26,03a60323o0625c
60323.081485,-23.194,5.636,-2,11,c,0,1.64,210.38137,-23.95712,829.72,9587.62,2.76,2.37,-40.7,-0.402,19.58,21.27,03a60323o0634c
60323.096384,-24.636,30.0,0,15,c,0,0.89,210.38137,-23.95712,883.84,9668.86,2.72,2.34,-45.7,-0.412,19.52,21.04,03a60323o0666c
60323.102941,19.997,0.391,36,14,c,0,1.34,210.38137,-23.95712,906.28,9551.09,2.76,2.38,-50.3,-0.409,19.33,20.71,03a60323o0680c
60324.064123,22.48,3.0,4,11,c,0,1.23,210.38137,-23.95712,2735.29,7641.6,2.65,2.32,-49.0,-0.38,19.54,21.29,03a60324o0615c
60324.067305,22.163,2.367,5,12,c,0,1.05,210.38137,-23.95712,2716.78,7601.94,2.69,2.35,-45.3,-0.381,19.52,21.3,03a60324o0622c
60324.074741,21.83,1.304,7,9,c,0,1.13,210.38137,-23.95712,2774.36,7679.24,2.52,2.23,-47.9,-0.383,19.57,21.33,03a60324o0638c
60324.093851,-20.29,0.296,-28,8,c,0,1.87,210.38137,-23.95712,2793.69,7563.05,2.57,2.28,-49.5,-0.38,19.58,21.3,03a60324o0679c
60325.339742,-20.613,0.544,-21,11,o,0,1.86,210.38137,-23.95712,2853.5,7735.62,2.21,1.99,-41.1,-0.392,19.2,20.57,04a60325o0560o
60325.359604,20.899,0.784,16,12,o,0,1.53,210.38137,-23.95712,2837.71,7699.29,2.2,1.99,-58.1,-0.389,19.21,20.56,04a60325o0597o
60325.363807,21.434,1.73,10,17,o,0,0.99,210.38137,-23.95712,2898.03,7776.7,2.16,1.92,-58.6,-0.402,19.19,20.46,04a60325o0606o
60325.370937,20.133,0.64,32,21,o,0,0.93,210.38137,-23.95712,2918.2,7661.62,2.12,1.85,-68.4,-0.394,18.94,19.88,04a60325o0620o
60326.315033,20.266,0.439,28,12,o,0,1.2,210.38137,-23.95712,984.83,1900.7,2.15,1.93,48.1,-0.427,19.25,20.63,04a60326o0620o
60326.318238,22.345,3.125,4,13,o,0,1.33,210.38137,-23.95712,966.27,1861.5,2.25,1.92,44.8,-0.437,19.25,20.67,04a60326o0627o
60326.323731,-21.713,1.508,-8,11,o,0,1.62,210.38137,-23.95712,1023.24,1941.26,2.07,1.89,50.0,-0.436,19.31,20.66,04a60326o0639o
60326.32926,-23.318,7.429,-2,13,o,0,1.3,210.38137,-23.95712,1044.78,1824.39,2.16,1.9,45.7,-0.437,19.3,20.65,04a60326o0651o
60328.080566,20.521,0.49,22,11,c,0,1.66,210.38137,-23.95712,4987.05,5880.31,3.08,2.85,-48.4,-0.348,19.3,21.22,03a60328o0577c
60328.096944,-22.635,3.375,-3,11,c,0,1.26,210.38137,-23.95712,4969.78,5841.06,2.94,2.73,-44.9,-0.356,19.34,21.13,03a60328o0610c
60328.100114,20.433,0.5,24,12,c,0,1.12,210.38137,-23.95712,5026.06,5919.66,3.09,2.83,-49.8,-0.354,19.25,21.1,03a60328o0617c
60328.104283,-21.47,1.278,-9,12,c,0,1.22,210.38137,-23.95712,5047.25,5804.35,2.79,2.51,-50.9,-0.356,19.29,20.93,03a60328o0626c
60329.331943,21.225,1.115,12,13,o,0,0.93,210.38137,-23.95712,5021.79,5898.43,1.93,1.8,-49.3,-0.439,19.35,20.83,04a60329o0461o
60329.353051,20.41,0.589,25,15,o,0,1.56,210.38137,-23.95712,5008.36,5862.33,2.01,1.83,-51.9,-0.429,19.29,20.72,04a60329o0505o
60329.358527,20.724,0.576,19,11,o,0,1.83,210.38137,-23.95712,5068.06,5940.46,2.06,1.94,-52.1,-0.441,19.31,20.75,04a60329o0517o
60329.363607,-21.5,1.487,-9,14,o,0,1.36,210.38137,-23.95712,5087.69,5824.67,1.99,1.8,-37.3,-0.435,19.32,20.57,04a60329o0528o
60333.327793,22.485,5.893,4,22,o,0,0.97,210.38137,-23.95712,6810.43,3859.42,2.13,1.96,-33.5,-0.489,18.85,19.64,04a60333o0644o
60333.330992,19.697,0.411,48,20,o,0,1.16,210.38137,-23.95712,6789.07,3821.53,2.09,1.97,-30.5,-0.491,18.91,19.67,04a60333o0651o
60333.350791,20.75,0.993,18,18,o,0,0.77,210.38137,-23.95712,6852.46,3900.58,2.12,1.99,-34.7,-0.483,19.05,20.02,04a60333o0688o
60333.360649,-21.472,1.541,-9,14,o,0,0.96,210.38137,-23.95712,6874.05,3784.7,2.14,1.92,-32.9,-0.479,19.2,20.31,04a60333o0709o
60334.317998,19.39,0.436,64,28,o,0,1.79,210.38137,-23.95712,9051.29,7889.98,2.01,1.91,-32.5,-0.445,18.64,19.01,04a60334o0632o
60334.322177,19.937,0.724,38,28,o,0,1.32,210.38137,-23.95712,9032.62,7852.05,2.13,1.89,-11.3,-0.416,18.63,19.05,04a60334o0641o
60334.327674,21.063,2.094,14,29,o,0,1.42,210.38137,-23.95712,9092.37,7929.51,2.07,1.9,-19.9,-0.42,18.65,19.08,04a60334o0653o
60334.337555,19.872,0.642,41,26,o,0,0.97,210.38137,-23.95712,9112.12,7814.69,2.16,1.99,-27.7,-0.409,18.66,19.16,04a60334o0673o
60337.331725,-22.48,5.069,-4,19,o,0,1.89,210.38137,-23.95712,6983.89,2114.93,2.06,1.94,-45.6,-0.47,18.67,19.09,04a60337o0659o
60337.334951,21.043,1.686,14,23,o,0,1.15,210.38137,-23.95712,6965.9,2076.18,2.09,1.99,-38.2,-0.467,18.68,19.08,04a60337o0666o
60337.355449,19.729,0.542,47,25,o,0,0.73,210.38137,-23.95712,7029.15,2155.23,2.1,2.0,-27.6,-0.469,18.72,19.17,04a60337o0705o
60337.361175,20.269,0.709,28,20,o,0,1.74,210.38137,-23.95712,7050.1,2038.63,2.08,1.94,-34.9,-0.475,18.71,19.15,04a60337o0717o
60338.319097,-23.904,29.0,-1,29,o,0,1.05,210.38137,-23.95712,8900.1,5665.72,2.17,1.98,-24.9,-0.445,18.64,19.04,04a60338o0641o
60338.321826,-22.132,6.0,-5,31,o,0,0.76,210.38137,-23.95712,8881.68,5627.71,2.2,1.99,-25.4,-0.444,18.66,19.15,04a60338o0647o
60338.3278,-21.837,4.17,-7,28,o,0,0.82,210.38137,-23.95712,8941.45,5704.51,2.2,2.05,-39.4,-0.442,18.68,19.18,04a60338o0660o
60338.337848,20.524,1.364,22,30,o,0,1.57,210.38137,-23.95712,8962.41,5588.91,2.05,1.96,-56.8,-0.472,18.73,19.21,04a60338o0680o
60345.329,21.386,1.506,10,15,o,0,1.22,210.38137,-23.95712,1154.77,6078.38,2.18,1.89,83.3,-0.406,19.22,20.43,04a60345o0550o
60345.331747,-20.666,0.718,-20,14,o,0,0.96,210.38137,-23.95712,1133.69,6039.87,2.22,1.95,84.5,-0.386,19.21,20.41,04a60345o0556o
60345.342395,22.803,5.238,3,14,o,0,1.03,210.38137,-23.95712,1199.4,6118.02,2.19,1.95,85.6,-0.391,19.21,20.47,04a60345o0578o
60345.348539,21.143,1.27,13,16,o,0,0.82,210.38137,-23.95712,1221.27,6001.71,2.14,1.91,-87.3,-0.406,19.27,20.48,04a60345o0591o
60346.311958,19.922,1.171,39,46,o,0,0.97,210.38137,-23.95712,7096.38,8017.41,1.93,1.78,-19.2,-0.449,18.1,19.21,04a60346o0622o
60346.315174,-19.312,0.366,-68,25,o,0,1.56,210.38137,-23.95712,7079.06,7979.54,1.9,1.75,-16.1,-0.457,18.2,19.29,04a60346o0629o
60346.327578,20.946,2.254,15,34,o,0,1.19,210.38137,-23.95712,7142.59,8056.99,1.96,1.81,-40.6,-0.439,18.36,19.47,04a60346o0653o
60346.33449,19.709,0.858,48,41,o,0,0.96,210.38137,-23.95712,7163.39,7940.74,2.0,1.87,-39.9,-0.432,18.51,19.68,04a60346o0668o
60349.29815,22.839,4.3,3,11,o,0,1.33,210.38137,-23.95712,1038.19,4139.58,2.08,1.9,67.7,-0.419,19.33,20.82,04a60349o0536o
60349.306503,-22.932,5.188,-2,13,o,0,1.36,210.38137,-23.95712,1025.96,4098.59,2.21,1.95,-30.0,-0.419,19.19,20.7,04a60349o0551o
60349.309781,21.192,1.064,12,13,o,0,1.61,210.38137,-23.95712,1083.7,4177.14,2.23,2.0,-30.1,-0.417,19.17,20.73,04a60349o0558o
60349.321134,20.176,0.376,31,12,o,0,1.54,210.38137,-23.95712,1107.28,4062.1,1.94,1.84,70.4,-0.43,19.32,20.73,04a60349o0581o
60350.321267,-23.313,8.5,-2,15,o,0,0.93,210.38137,-23.95712,7217.79,9964.9,1.86,1.7,-28.2,-0.475,19.46,20.89,04a60350o0588o
60350.324067,20.957,0.937,15,14,o,0,1.1,210.38137,-23.95712,7200.04,9926.18,1.86,1.69,-32.5,-0.478,19.42,20.9,04a60350o0594o
60350.329503,20.839,0.851,17,14,o,0,1.47,210.38137,-23.95712,7261.45,10004.82,1.88,1.72,-22.7,-0.477,19.45,20.88,04a60350o0606o
60350.338297,20.296,0.462,28,13,o,0,1.28,210.38137,-23.95712,7284.92,9887.54,1.95,1.83,-27.9,-0.463,19.44,20.86,04a60350o0624o
60351.047285,20.646,0.8,20,16,o,0,1.0,210.38137,-23.95712,7054.9,9987.17,3.43,2.79,-32.8,-0.377,19.2,20.86,03a60351o0524o
60351.072415,21.224,0.985,12,12,o,0,1.51,210.38137,-23.95712,7036.19,9945.36,2.86,2.27,-38.9,-0.412,19.47,20.99,03a60351o0577o
60351.075379,22.166,2.571,5,13,o,0,0.97,210.38137,-23.95712,7093.88,10023.99,2.83,2.32,-41.4,-0.404,19.47,21.0,03a60351o0583o
60351.081736,20.37,0.57,26,15,o,0,1.04,210.38137,-23.95712,7114.88,9906.84,3.16,2.71,-41.6,-0.396,19.29,21.01,03a60351o0597o
60352.05496,20.959,0.845,15,13,o,0,1.05,210.38137,-23.95712,6905.65,5816.18,2.16,1.93,-52.6,-0.454,19.58,21.01,03a60352o0627o
60352.056781,20.637,0.565,20,11,o,0,1.28,210.38137,-23.95712,6887.68,5777.48,2.23,1.93,-59.4,-0.45,19.58,21.0,03a60352o0631o
60352.060971,21.651,1.257,8,10,o,0,1.5,210.38137,-23.95712,6943.97,5854.26,2.16,1.87,-52.9,-0.453,19.6,21.0,03a60352o0640o
60352.071468,20.324,0.484,27,13,o,0,0.81,210.38137,-23.95712,6964.03,5739.76,2.12,1.83,-52.2,-0.461,19.61,20.98,03a60352o0661o
60353.284684,-20.968,0.866,-15,13,o,0,1.16,210.38137,-23.95712,6959.34,5791.4,2.07,1.86,-35.6,-0.439,19.4,20.73,04a60353o0572o
60353.287855,-21.146,1.031,-13,13,o,0,1.3,210.38137,-23.95712,6941.67,5753.2,2.12,1.92,-34.1,-0.438,19.32,20.74,04a60353o0579o
60353.290585,22.06,2.628,5,14,o,0,0.76,210.38137,-23.95712,7001.2,5830.03,2.09,1.89,-35.5,-0.439,19.39,20.76,04a60353o0585o
60353.296038,-22.195,2.622,-5,13,o,0,1.87,210.38137,-23.95712,7020.63,5714.16,2.1,1.94,-34.3,-0.442,19.34,20.77,04a60353o0597o
60354.312842,-21.699,2.208,-8,17,o,0,1.26,210.38137,-23.95712,3017.31,9687.41,2.25,1.76,-71.7,-0.492,19.42,20.85,04a60354o0582o
60354.318609,19.94,0.41,38,16,o,0,1.29,210.38137,-23.95712,3002.02,9647.45,2.25,1.79,-71.4,-0.479,19.4,20.84,04a60354o0591o
60354.321768,-20.098,0.511,-33,17,o,0,1.33,210.38137,-23.95712,3062.58,9726.37,2.12,1.68,-73.5,-0.49,19.46,20.83,04a60354o0598o
60354.328682,-20.521,0.753,-22,17,o,0,0.88,210.38137,-23.95712,3086.84,9610.04,2.1,1.67,-75.5,-0.494,19.48,20.84,04a60354o0613o
60357.293342,19.878,0.277,41,11,o,0,1.07,210.38137,-23.95712,3095.19,5997.54,1.96,1.78,-73.5,-0.446,19.49,20.92,04a60357o0590o
60357.303527,21.834,1.852,7,12,o,0,1.15,210.38137,-23.95712,3082.64,5956.79,1.92,1.8,-77.0,-0.451,19.49,20.88,04a60357o0610o
60357.305335,24.791,21.5,0,10,o,0,1.61,210.38137,-23.95712,3140.6,6035.22,1.99,1.8,-79.4,-0.446,19.44,20.9,04a60357o0614o
60357.309539,20.869,0.704,16,12,o,0,1.05,210.38137,-23.95712,3164.27,5919.61,1.89,1.79,-72.7,-0.446,19.45,20.86,04a60357o0623o
60359.032029,20.756,0.696,18,13,o,0,1.12,210.38137,-23.95712,8937.55,2063.82,2.58,2.36,-50.7,-0.405,19.29,20.83,03a60359o0590o
60359.043202,-21.19,0.879,-12,11,o,0,1.23,210.38137,-23.95712,8920.19,2024.77,2.35,2.11,-56.7,-0.425,19.42,20.85,03a60359o0613o
60359.046381,-21.365,1.189,-10,12,o,0,0.82,210.38137,-23.95712,8974.92,2101.83,2.4,2.16,-54.4,-0.42,19.41,20.85,03a60359o0620o
60359.050944,-25.248,49.5,0,14,o,0,1.06,210.38137,-23.95712,9000.96,1985.12,2.43,2.22,-56.6,-0.42,19.39,20.81,03a60359o0630o
60360.054235,22.091,2.208,5,12,o,0,1.03,210.38137,-23.95712,5111.41,2210.08,2.09,1.91,-53.9,-0.446,19.59,20.99,03a60360o0635o
60360.05605,21.447,1.102,10,11,o,0,0.85,210.38137,-23.95712,5094.18,2170.62,2.08,1.89,-52.2,-0.452,19.57,20.98,03a60360o0639o
60360.060225,21.384,1.032,10,10,o,0,1.35,210.38137,-23.95712,5152.16,2249.6,2.08,1.9,-53.0,-0.448,19.57,20.99,03a60360o0648o
60360.065713,-22.601,2.967,-3,10,o,0,1.58,210.38137,-23.95712,5174.09,2134.11,2.1,1.89,-53.0,-0.447,19.57,20.96,03a60360o0660o
60361.299157,-21.099,1.324,-13,18,o,0,1.01,210.38137,-23.95712,5087.66,2229.35,1.9,1.83,-79.8,-0.482,19.15,20.08,04a60361o0586o
60361.301555,20.26,0.539,29,15,o,0,1.4,210.38137,-23.95712,5070.36,2190.51,1.95,1.9,-26.6,-0.476,18.98,19.98,04a60361o0591o
60361.304282,-19.636,0.363,-51,18,o,0,1.34,210.38137,-23.95712,5130.36,2267.94,1.96,1.94,-70.7,-0.483,18.75,19.7,04a60361o0597o
60361.309733,-21.775,1.945,-7,14,o,0,0.6,210.38137,-23.95712,5151.67,2152.27,1.88,1.85,-72.4,-0.489,19.08,20.17,04a60361o0609o
60362.285703,19.558,0.481,55,26,o,0,0.9,210.38137,-23.95712,902.91,7822.3,2.87,2.37,-81.1,-0.355,18.72,19.62,04a60362o0604o
60362.289512,22.174,4.962,5,24,o,0,1.1,210.38137,-23.95712,883.36,7783.13,2.73,2.27,-86.1,-0.366,18.7,19.64,04a60362o0611o
60362.292684,-21.535,2.453,-9,22,o,0,1.31,210.38137,-23.95712,945.64,7863.32,2.6,2.1,-78.4,-0.363,18.81,19.65,04a60362o0618o
60362.297761,19.903,0.565,40,22,o,0,1.19,210.38137,-23.95712,967.13,7745.92,2.79,2.37,-84.4,-0.355,18.7,19.69,04a60362o0629o
60363.038509,20.02,0.717,36,26,o,0,1.22,210.38137,-23.95712,796.4,7686.54,3.49,3.18,-60.3,-0.353,18.53,19.67,03a60363o0600o
60363.040774,20.257,0.745,29,21,o,0,1.65,210.38137,-23.95712,776.44,7647.09,3.34,3.06,-54.0,-0.368,18.64,19.66,03a60363o0605o
60363.045021,20.234,0.754,29,22,o,0,1.29,210.38137,-23.95712,839.09,7724.94,3.15,2.92,-60.1,-0.383,18.66,19.68,03a60363o0613o
60363.050094,20.115,0.685,33,22,o,0,1.36,210.38137,-23.95712,860.87,7611.7,2.97,2.55,-61.1,-0.372,18.82,19.7,03a60363o0624o
60364.033443,-20.308,0.805,-27,22,o,0,1.34,210.38137,-23.95712,8735.24,3805.0,2.61,2.28,-54.3,-0.409,18.68,19.35,03a60364o0584o
60364.043956,19.892,0.546,40,22,o,0,0.98,210.38137,-23.95712,8719.01,3766.97,2.39,2.03,-58.4,-0.414,18.8,19.37,03a60364o0605o
60364.046723,20.284,0.78,28,22,o,0,0.88,210.38137,-23.95712,8775.37,3845.06,2.54,2.29,-53.3,-0.413,18.72,19.38,03a60364o0611o
60364.04953,20.249,0.78,29,22,o,0,0.95,210.38137,-23.95712,8797.24,3728.88,2.62,2.37,-54.2,-0.405,18.71,19.4,03a60364o0617o
60365.290982,19.341,0.426,67,28,o,0,0.88,210.38137,-23.95712,8757.48,3737.42,2.37,1.96,-24.7,-0.418,18.56,18.97,04a60365o0590o
60365.292928,22.283,6.138,4,27,o,0,0.88,210.38137,-23.95712,8740.26,3698.96,2.39,2.08,-25.9,-0.414,18.59,18.99,04a60365o0594o
60365.29995,23.036,10.733,2,24,o,0,1.4,210.38137,-23.95712,8801.78,3776.38,2.36,2.01,-23.5,-0.426,18.58,19.0,04a60365o0608o
60365.305968,20.176,0.99,31,31,o,0,0.94,210.38137,-23.95712,8824.08,3659.41,2.42,2.05,-26.2,-0.411,18.56,19.0,04a60365o0620o
60366.258679,-20.83,1.672,-17,28,o,0,0.97,210.38137,-23.95712,4814.55,7642.91,2.13,1.86,-66.6,-0.412,18.58,19.09,04a60366o0553o
60366.270194,-20.594,1.122,-21,24,o,0,1.95,210.38137,-23.95712,4799.6,7605.45,2.04,1.81,-62.8,-0.41,18.57,19.11,04a60366o0575o
60366.272555,19.462,0.364,60,22,o,0,1.99,210.38137,-23.95712,4859.01,7682.59,2.1,1.84,-67.1,-0.414,18.63,19.12,04a60366o0580o
60366.275983,-19.701,0.433,-48,21,o,0,1.79,210.38137,-23.95712,4877.85,7566.79,1.93,1.78,-60.9,-0.436,18.69,19.09,04a60366o0587o
60367.007311,23.542,19.429,1,27,o,0,1.46,210.38137,-23.95712,4713.63,7613.02,3.04,2.63,-38.0,-0.342,18.49,19.15,03a60367o0532o
60367.010488,19.661,0.682,50,34,o,0,0.94,210.38137,-23.95712,4696.83,7573.72,3.65,3.24,-33.0,-0.338,18.25,19.16,03a60367o0539o
60367.014323,20.145,0.927,32,30,o,0,1.07,210.38137,-23.95712,4752.73,7651.88,2.97,2.58,-40.9,-0.348,18.49,19.15,03a60367o0547o
60367.028992,21.108,2.246,13,29,o,0,0.93,210.38137,-23.95712,4775.87,7533.42,3.12,2.62,-42.2,-0.327,18.48,19.19,03a60367o0574o
60372.028288,-24.315,37.667,-1,26,o,0,1.28,210.38137,-23.95712,873.07,9635.64,3.04,2.76,-46.9,-0.412,18.8,19.73,03a60372o0592o
60372.032086,20.878,1.513,16,24,o,0,1.05,210.38137,-23.95712,856.6,9595.66,2.96,2.61,-43.1,-0.417,18.85,19.75,03a60372o0600o
60375.074263,-24.094,16.571,-1,14,o,0,0.83,210.38137,-23.95712,7802.56,2947.38,2.17,1.94,-51.2,-0.457,19.37,20.47,03a60375o0624o
60375.077925,20.33,0.454,27,12,o,0,1.26,210.38137,-23.95712,7820.98,2987.59,2.16,1.93,-55.5,-0.458,19.34,20.47,03a60375o0632o
60375.084472,-21.755,1.793,-7,13,o,0,0.96,210.38137,-23.95712,7765.23,2909.31,2.17,2.03,-52.2,-0.456,19.33,20.48,03a60375o0646o
60375.11228,20.779,0.644,18,11,o,0,1.29,210.38137,-23.95712,7740.56,3028.72,2.19,1.94,-47.5,-0.462,19.33,20.48,03a60375o0705o
60376.046894,20.066,0.354,34,12,o,0,1.11,210.38137,-23.95712,1062.08,1777.3,2.22,2.0,-60.5,-0.415,19.45,20.66,03a60376o0448o
60376.050103,20.943,0.808,15,12,o,0,1.33,210.38137,-23.95712,1043.95,1737.25,2.25,2.0,-62.9,-0.425,19.43,20.66,03a60376o0455o
60376.085834,19.911,0.345,39,14,o,0,1.21,210.38137,-23.95712,9455.38,8781.46,2.64,2.08,-46.7,-0.411,19.35,20.45,03a60376o0531o
60376.091006,-21.213,1.137,-12,14,o,0,1.0,210.38137,-23.95712,9431.5,8898.43,2.66,2.08,-46.9,-0.409,19.33,20.45,03a60376o0542o
60377.205243,-21.993,3.346,-6,19,o,0,1.16,210.38137,-23.95712,6702.67,5314.12,2.64,2.43,-43.6,-0.418,19.03,20.41,04a60377o0224o
60377.208019,-20.893,0.922,-16,15,o,0,1.29,210.38137,-23.95712,6678.56,5277.62,2.17,1.97,-34.9,-0.454,19.21,20.48,04a60377o0230o
60377.213043,21.143,1.031,13,13,o,0,1.63,210.38137,-23.95712,6742.0,5354.09,2.12,1.9,-29.0,-0.443,19.24,20.45,04a60377o0241o
60377.248897,19.867,0.324,41,13,o,0,1.81,210.38137,-23.95712,6776.89,5248.28,2.29,2.03,-33.7,-0.453,19.21,20.51,04a60377o0316o
60378.254919,20.198,0.494,30,15,o,0,0.78,210.38137,-23.95712,5047.88,5904.19,1.98,1.87,-54.4,-0.438,19.41,21.11,04a60378o0564o
60378.257348,20.383,0.49,26,12,o,0,1.1,210.38137,-23.95712,5029.04,5865.41,2.05,1.86,-32.6,-0.442,19.43,20.84,04a60378o0569o
60378.260128,21.863,1.712,6,11,o,0,1.61,210.38137,-23.95712,5089.64,5942.88,2.05,1.87,-34.1,-0.435,19.41,20.8,04a60378o0575o
60378.295412,-22.518,2.724,-4,10,o,0,2.3,210.38137,-23.95712,5134.31,5826.07,2.07,1.87,-25.5,-0.447,19.46,20.78,04a60378o0606o
60378.96439,21.127,0.596,13,8,c,0,1.89,210.38137,-23.95712,4970.36,5876.06,2.33,2.12,-58.6,-0.385,19.7,21.5,03a60379o0483c
60378.967593,21.111,0.729,13,10,c,0,1.34,210.38137,-23.95712,4952.43,5837.63,2.34,2.1,-59.0,-0.378,19.71,21.5,03a60379o0490c
60379.002892,20.484,0.379,23,9,c,0,1.27,210.38137,-23.95712,5010.44,5913.64,2.34,2.08,-62.1,-0.379,19.74,21.49,03a60379o0560c
60379.006511,20.987,0.632,15,9,c,0,0.93,210.38137,-23.95712,5030.99,5798.93,2.32,2.06,-60.5,-0.379,19.74,21.49,03a60379o0568c
60379.991793,20.165,0.296,31,9,c,0,1.12,210.38137,-23.95712,4881.48,3945.95,2.44,2.21,-60.8,-0.393,19.73,21.69,03a60380o0541c
60379.993633,20.403,0.335,25,8,c,0,1.56,210.38137,-23.95712,4864.85,3905.76,2.41,2.2,-52.6,-0.395,19.73,21.69,03a60380o0545c
60380.02609,22.013,1.488,6,8,c,0,1.15,210.38137,-23.95712,4930.64,3982.47,2.39,2.19,-56.6,-0.4,19.75,21.67,03a60380o0612c
60380.029255,20.465,0.303,24,7,c,0,1.8,210.38137,-23.95712,4951.63,3866.48,2.42,2.22,-53.9,-0.397,19.71,21.67,03a60380o0619c
60381.253711,20.863,0.723,16,12,o,0,1.19,210.38137,-23.95712,4914.89,3972.59,2.06,1.9,-24.9,-0.504,19.45,20.87,04a60381o0557o
60381.256434,20.176,0.337,31,10,o,0,1.79,210.38137,-23.95712,4898.02,3933.86,1.96,1.89,-36.7,-0.508,19.47,20.88,04a60381o0563o
60381.260308,19.769,0.219,45,10,o,0,1.59,210.38137,-23.95712,4958.88,4011.83,2.03,1.87,-18.2,-0.51,19.47,20.88,04a60381o0571o
60381.265783,19.906,0.318,40,13,o,0,0.9,210.38137,-23.95712,4980.87,3896.68,2.01,1.88,-12.6,-0.515,19.47,20.81,04a60381o0583o
60382.185266,21.798,2.793,7,19,o,0,1.47,210.38137,-23.95712,6816.45,3857.25,2.36,2.34,44.9,-0.464,19.26,20.67,04a60382o0429o
60382.188495,19.644,0.266,50,13,o,0,1.36,210.38137,-23.95712,6791.15,3821.13,2.11,1.94,-40.1,-0.486,19.4,20.75,04a60382o0436o
60382.19323,19.104,0.219,83,18,o,0,1.02,210.38137,-23.95712,6854.1,3896.81,2.3,2.27,-8.0,-0.495,19.3,20.74,04a60382o0446o
60382.203379,20.387,0.636,25,16,o,0,1.41,210.38137,-23.95712,6873.49,3782.24,2.28,2.19,-6.1,-0.518,19.3,20.73,04a60382o0468o
60384.000022,19.522,0.175,56,10,c,0,1.28,210.38137,-23.95712,8942.19,7964.21,2.68,2.31,-59.8,-0.395,19.73,21.65,03a60384o0559c
60384.005494,19.749,0.192,46,9,c,0,1.09,210.38137,-23.95712,8925.39,7924.47,2.61,2.27,-57.8,-0.393,19.74,21.63,03a60384o0570c
60384.007767,19.512,0.149,57,8,c,0,1.03,210.38137,-23.95712,8984.04,8003.35,2.52,2.2,-56.5,-0.395,19.74,21.63,03a60384o0575c
60384.014246,19.447,0.141,60,8,c,0,1.24,210.38137,-23.95712,9004.25,7887.52,2.53,2.22,-58.9,-0.393,19.76,21.6,03a60384o0589c
60385.236467,19.087,0.153,84,13,o,0,1.42,210.38137,-23.95712,9074.76,7897.44,2.09,1.91,8.3,-0.42,19.24,21.37,04a60385o0534o
60385.252766,18.519,0.093,142,13,o,0,1.59,210.38137,-23.95712,9066.46,7859.9,2.09,1.92,-17.1,-0.449,19.53,20.87,04a60385o0566o
60385.255044,18.763,0.132,114,15,o,0,1.63,210.38137,-23.95712,9127.42,7937.53,1.99,1.85,-20.5,-0.473,19.5,20.93,04a60385o0571o
60385.257868,19.215,0.188,75,14,o,0,1.25,210.38137,-23.95712,9147.15,7821.03,2.17,2.01,-17.1,-0.446,19.44,20.93,04a60385o0577o
60385.513261,18.914,0.146,99,14,o,0,1.08,210.38137,-23.95712,5373.93,3509.33,2.35,2.03,34.3,-0.448,19.28,20.49,02a60385o0003o
60385.513712,19.008,0.139,90,12,o,0,1.4,210.38137,-23.95712,5392.5,3547.67,2.25,1.87,33.5,-0.455,19.37,20.49,02a60385o0004o
60385.514165,19.21,0.178,75,13,o,0,1.37,210.38137,-23.95712,5334.2,3469.7,2.26,1.93,32.6,-0.444,19.33,20.49,02a60385o0005o
60385.514617,19.111,0.162,82,13,o,0,1.26,210.38137,-23.95712,5315.65,3585.48,2.33,1.96,33.8,-0.447,19.32,20.49,02a60385o0006o
60385.515068,19.179,0.154,77,12,o,0,1.58,210.38137,-23.95712,5355.56,3527.23,2.35,2.0,32.9,-0.447,19.3,20.49,02a60385o0007o
60385.650482,18.799,0.281,110,31,o,0,0.72,210.38137,-23.95712,5278.26,6960.29,2.8,2.73,64.4,-0.416,18.49,19.39,02a60385o0294o
60385.812561,19.12,0.293,82,24,o,0,0.96,210.38137,-23.95712,5140.77,7041.07,3.14,2.62,-38.9,-0.349,18.63,19.82,03a60386o0120o
60385.813012,19.197,0.28,76,21,o,0,1.39,210.38137,-23.95712,5124.3,7002.08,2.76,2.41,-39.8,-0.367,18.79,19.82,03a60386o0121o
60385.813463,18.796,0.188,110,21,o,0,1.54,210.38137,-23.95712,5181.32,7080.37,2.74,2.38,-42.4,-0.377,18.79,19.81,03a60386o0122o
60385.813914,19.358,0.289,66,19,o,0,1.82,210.38137,-23.95712,5201.18,6964.8,2.74,2.37,-39.4,-0.378,18.8,19.84,03a60386o0123o
60385.814364,19.39,0.366,64,23,o,0,1.03,210.38137,-23.95712,5160.92,7021.94,2.74,2.38,-42.0,-0.385,18.77,19.82,03a60386o0124o
60385.877538,18.963,0.144,94,14,o,0,1.09,210.38137,-23.95712,5274.03,6959.2,2.7,2.27,-46.3,-0.381,19.26,20.71,03a60386o0250o
60386.186141,18.897,0.184,100,18,o,0,1.06,210.38137,-23.95712,6988.8,2110.98,2.48,2.25,71.9,-0.459,19.21,20.65,04a60386o0438o
60386.189362,18.723,0.107,118,13,o,0,1.41,210.38137,-23.95712,6967.04,2074.61,2.17,2.02,-42.0,-0.45,19.37,20.74,04a60386o0445o
60386.194537,19.172,0.185,78,14,o,0,1.14,210.38137,-23.95712,7024.31,2152.29,2.19,2.04,-39.2,-0.45,19.4,20.75,04a60386o0456o
60386.204688,18.881,0.112,102,11,o,0,1.97,210.38137,-23.95712,7045.25,2037.34,2.08,1.93,-41.1,-0.476,19.43,20.71,04a60386o0478o
60386.995667,19.057,0.143,86,12,c,0,1.09,210.38137,-23.95712,7026.53,2146.27,3.23,3.05,-55.2,-0.396,19.29,21.48,03a60387o0514c
60386.997992,18.95,0.141,96,14,c,0,1.39,210.38137,-23.95712,7009.38,2107.2,3.77,3.59,-61.0,-0.376,19.16,21.52,03a60387o0519c
60387.000769,19.121,0.156,82,13,c,0,1.01,210.38137,-23.95712,7064.6,2185.45,3.08,2.91,-58.7,-0.396,19.36,21.5,03a60387o0525c
60387.026628,19.274,0.149,71,11,c,0,1.57,210.38137,-23.95712,7094.0,2068.31,3.01,2.86,-42.7,-0.397,19.39,21.48,03a60387o0579c
60387.989695,18.657,0.074,125,9,c,0,1.52,210.38137,-23.95712,8843.76,5737.57,2.45,2.09,-60.2,-0.392,19.68,21.43,03a60388o0535c
60387.991518,18.984,0.098,92,9,c,0,1.38,210.38137,-23.95712,8825.35,5699.41,2.41,2.11,-57.5,-0.39,19.7,21.42,03a60388o0539c
60387.99611,18.556,0.071,137,10,c,0,1.23,210.38137,-23.95712,8882.23,5777.56,2.43,2.1,-57.3,-0.388,19.68,21.41,03a60388o0549c
60388.001668,18.891,0.095,101,10,c,0,1.32,210.38137,-23.95712,8904.7,5662.97,2.39,2.08,-56.6,-0.391,19.7,21.41,03a60388o0561c
60389.299216,18.759,0.125,114,14,o,0,1.24,210.38137,-23.95712,1812.35,4946.95,2.3,2.17,-77.7,-0.398,19.27,20.72,04a60389o0469o
60389.325601,18.698,0.13,120,16,o,0,0.8,210.38137,-23.95712,1838.28,4959.62,2.19,2.02,-88.8,-0.413,19.23,20.54,04a60389o0523o
60389.32878,18.514,0.105,143,15,o,0,1.14,210.38137,-23.95712,1778.76,4879.07,2.08,1.96,-77.5,-0.422,19.28,20.49,04a60389o0530o
60389.33393,18.355,0.084,165,14,o,0,1.23,210.38137,-23.95712,1760.76,4991.43,2.22,2.01,-89.8,-0.412,19.21,20.52,04a60389o0541o
60390.294897,18.339,0.092,168,15,o,0,1.27,210.38137,-23.95712,7786.29,8789.48,2.19,1.96,-19.4,-0.406,19.14,20.22,04a60390o0452o
60390.298063,18.746,0.133,115,15,o,0,1.59,210.38137,-23.95712,7806.23,8825.99,2.03,1.79,-18.8,-0.446,19.2,20.24,04a60390o0459o
60390.303526,18.296,0.087,174,15,o,0,1.13,210.38137,-23.95712,7747.21,8742.66,2.11,1.78,-23.1,-0.436,19.25,20.31,04a60390o0470o
60390.328321,18.38,0.103,162,17,o,0,1.61,210.38137,-23.95712,7734.5,8839.2,1.98,1.78,-24.7,-0.451,19.37,20.59,04a60390o0520o
60390.977275,18.325,0.09,170,15,o,0,1.3,210.38137,-23.95712,2965.65,1759.94,2.06,1.87,-64.6,-0.429,19.16,19.94,03a60391o0526o
60390.979587,18.142,0.086,201,17,o,0,1.25,210.38137,-23.95712,2948.59,1721.77,2.03,1.88,-54.9,-0.442,19.16,19.95,03a60391o0531o
60390.982352,18.581,0.135,134,18,o,0,1.06,210.38137,-23.95712,3004.96,1801.29,2.06,1.89,-61.0,-0.434,19.16,19.95,03a60391o0537o
60390.987399,18.446,0.101,152,15,o,0,1.55,210.38137,-23.95712,3026.37,1685.22,2.02,1.86,-59.8,-0.427,19.21,19.96,03a60391o0548o
60393.225859,18.231,0.158,185,29,o,0,1.06,210.38137,-23.95712,5008.1,9588.37,2.11,1.79,-60.5,-0.432,18.67,19.16,04a60393o0460o
60393.229036,18.308,0.165,172,28,o,0,0.75,210.38137,-23.95712,4988.51,9548.76,1.98,1.72,-51.4,-0.459,18.7,19.17,04a60393o0467o
60393.232209,18.355,0.181,165,30,o,0,1.19,210.38137,-23.95712,5051.74,9627.36,2.22,1.84,-51.4,-0.415,18.63,19.17,04a60393o0474o
60393.237661,17.859,0.098,261,26,o,0,0.97,210.38137,-23.95712,5074.14,9509.96,2.12,1.79,-50.3,-0.429,18.66,19.17,04a60393o0486o
60399.503737,18.668,0.137,124,17,o,0,1.44,210.38137,-23.95712,9656.53,6457.11,2.56,2.48,-43.3,-0.444,18.93,19.52,01a60399o0596o
60399.53235,18.593,0.147,133,20,o,0,1.08,210.38137,-23.95712,9646.46,6488.35,2.51,2.46,-30.7,-0.442,18.95,19.52,01a60399o0653o
60399.557504,18.399,0.154,159,24,o,0,0.96,210.38137,-23.95712,9564.98,6404.81,2.6,2.52,-71.4,-0.441,18.85,19.39,01a60399o0701o
60399.582884,18.686,0.185,122,22,o,0,0.88,210.38137,-23.95712,9520.75,6518.96,2.57,2.54,67.2,-0.434,18.8,19.31,01a60399o0749o
60400.034844,18.352,0.104,166,17,o,0,1.19,210.38137,-23.95712,3521.34,610.62,2.13,1.9,-48.9,-0.387,18.99,19.6,03a60400o0679o
60400.038064,18.504,0.117,144,17,o,0,1.34,210.38137,-23.95712,3539.09,650.08,2.2,1.92,-61.2,-0.382,18.99,19.68,03a60400o0686o
60400.045034,18.242,0.112,183,20,o,0,0.8,210.38137,-23.95712,3483.67,572.23,2.17,1.96,-52.6,-0.383,18.86,19.41,03a60400o0701o
60400.055173,18.304,0.105,173,18,o,0,1.11,210.38137,-23.95712,3462.13,690.99,2.12,1.92,-47.6,-0.394,18.93,19.48,03a60400o0723o
60401.285834,18.07,0.073,215,16,o,0,1.06,210.38137,-23.95712,3532.86,634.21,1.94,1.83,39.6,-0.452,19.25,20.24,04a60401o0426o
60401.289002,18.679,0.146,123,18,o,0,1.07,210.38137,-23.95712,3549.72,671.76,2.0,1.83,5.4,-0.453,19.16,20.24,04a60401o0433o
60401.294498,18.266,0.109,179,20,o,0,0.74,210.38137,-23.95712,3492.8,587.52,1.92,1.85,-0.1,-0.459,19.19,20.18,04a60401o0445o
60401.304329,18.496,0.112,145,16,o,0,1.2,210.38137,-23.95712,3475.06,697.11,1.94,1.83,12.9,-0.46,19.19,20.19,04a60401o0465o
60402.013827,18.394,0.052,159,8,o,0,1.15,210.38137,-23.95712,3746.96,6709.71,2.5,2.22,-59.2,-0.385,20.03,20.54,03a60402o0231o
60402.026834,18.439,0.051,153,8,o,0,1.23,210.38137,-23.95712,3765.14,6751.09,2.34,2.1,-53.9,-0.391,20.07,20.45,03a60402o0240o
60402.040082,18.406,0.043,158,7,o,0,1.3,210.38137,-23.95712,3706.03,6674.31,2.25,2.04,-50.1,-0.4,20.13,20.46,03a60402o0249o
60405.074201,18.592,0.059,133,8,o,0,1.44,210.38137,-23.95712,3741.71,6719.41,2.65,2.25,-48.7,-0.354,19.92,20.41,03a60405o0251o
60411.156046,18.798,0.072,110,8,o,0,1.8,210.38137,-23.95712,9069.11,7899.54,2.13,1.95,-20.6,-0.482,20.14,20.73,04a60411o0157o
60411.170697,18.851,0.095,105,10,o,0,0.96,210.38137,-23.95712,9058.78,7863.47,2.25,2.02,-16.9,-0.483,20.13,20.73,04a60411o0167o
60411.178987,19.01,0.11,90,10,o,0,0.93,210.38137,-23.95712,9123.73,7940.13,2.31,2.08,-11.8,-0.476,20.13,20.77,04a60411o0173o
60418.233714,18.782,0.148,111,16,o,0,0.82,210.38137,-23.95712,7744.3,6547.32,2.22,1.88,-24.1,-0.437,19.2,20.3,04a60418o0549o
60418.236525,19.018,0.166,90,15,o,0,1.17,210.38137,-23.95712,7762.96,6582.55,2.21,1.88,-24.3,-0.447,19.19,20.3,04a60418o0555o
60418.242014,18.94,0.181,96,17,o,0,1.19,210.38137,-23.95712,7705.45,6499.39,2.06,1.84,-53.0,-0.454,19.18,20.28,04a60418o0567o
60418.265854,19.41,0.236,62,15,o,0,0.95,210.38137,-23.95712,7689.69,6597.75,2.16,1.88,-24.7,-0.452,19.37,20.62,04a60418o0617o
60418.999103,18.186,0.546,193,105,o,0,1.21,210.38137,-23.95712,7579.55,6621.99,2.4,2.11,-50.1,-0.444,17.07,17.38,03a60419o0623o
60419.002271,18.548,0.842,138,116,o,0,1.18,210.38137,-23.95712,7597.35,6661.91,2.38,2.08,-42.2,-0.416,17.04,17.34,03a60419o0630o
60419.008784,19.336,0.494,67,33,o,0,1.0,210.38137,-23.95712,7541.4,6583.11,2.33,1.91,-53.6,-0.422,18.34,18.79,03a60419o0644o
60419.043453,18.927,0.144,98,14,o,0,1.39,210.38137,-23.95712,7518.82,6702.43,2.2,1.9,-49.6,-0.438,19.3,20.38,03a60419o0716o
60419.965936,19.362,0.294,65,19,o,0,1.03,210.38137,-23.95712,1537.37,675.7,2.26,1.98,-55.9,-0.443,19.07,19.91,03a60420o0560o
60419.969613,19.073,0.189,85,16,o,0,1.51,210.38137,-23.95712,1555.15,715.98,2.18,1.95,-55.2,-0.439,19.14,19.91,03a60420o0568o
60419.976752,19.062,0.186,86,16,o,0,1.7,210.38137,-23.95712,1498.14,637.87,2.2,1.95,-57.3,-0.438,19.11,19.91,03a60420o0583o
60419.987092,19.374,0.23,65,15,o,0,1.77,210.38137,-23.95712,1474.33,755.55,2.23,1.94,-59.1,-0.436,19.09,19.91,03a60420o0605o
60427.999799,20.177,1.0,31,31,o,0,1.15,210.38137,-23.95712,5584.07,4734.8,2.51,2.36,-52.1,-0.412,18.35,18.81,03a60428o0480o
60428.003083,19.445,0.571,60,34,o,0,0.95,210.38137,-23.95712,5601.33,4773.88,2.65,2.47,-50.6,-0.395,18.27,18.78,03a60428o0487o
60428.008276,19.541,0.661,55,37,o,0,0.74,210.38137,-23.95712,5545.57,4694.67,2.59,2.38,-52.5,-0.403,18.3,18.73,03a60428o0498o
60431.985343,19.483,0.312,58,18,o,0,0.96,210.38137,-23.95712,3741.24,6720.82,2.7,2.48,-38.9,-0.365,18.97,20.3,03a60432o0267o
60431.988652,19.022,0.184,89,16,o,0,1.45,210.38137,-23.95712,3762.84,6759.98,2.34,2.12,-49.4,-0.389,19.08,20.2,03a60432o0274o
60431.994156,19.701,0.288,48,14,o,0,1.27,210.38137,-23.95712,3706.73,6681.86,2.35,2.12,-43.6,-0.389,19.21,20.4,03a60432o0286o
60432.004467,18.888,0.202,101,20,o,0,0.8,210.38137,-23.95712,3684.9,6798.71,2.69,2.37,-16.1,-0.378,18.83,20.04,03a60432o0308o
60433.171168,19.36,0.202,66,13,o,0,1.43,210.38137,-23.95712,3891.55,6765.17,2.15,1.92,-67.8,-0.422,19.36,20.7,04a60433o0479o
60433.174481,19.178,0.169,77,13,o,0,1.06,210.38137,-23.95712,3915.23,6799.82,2.27,2.12,-64.3,-0.418,19.25,20.69,04a60433o0486o
60433.180843,19.432,0.232,61,14,o,0,1.02,210.38137,-23.95712,3858.54,6716.49,2.02,1.84,-69.2,-0.419,19.36,20.64,04a60433o0498o
60433.191237,19.196,0.179,76,14,o,0,0.96,210.38137,-23.95712,3842.13,6823.21,2.06,1.85,-64.5,-0.418,19.37,20.61,04a60433o0520o
60434.173668,20.416,0.547,25,14,o,0,0.85,210.38137,-23.95712,1667.99,2725.82,2.5,2.25,51.9,-0.4,19.2,20.7,04a60434o0488o
60434.176491,19.655,0.254,50,13,o,0,1.11,210.38137,-23.95712,1686.97,2762.34,2.3,2.07,40.7,-0.417,19.28,20.66,04a60434o0494o
60434.210618,20.028,0.419,35,15,o,0,1.38,210.38137,-23.95712,1636.51,2651.83,2.25,2.05,51.8,-0.422,19.25,20.55,04a60434o0566o
60434.218021,20.103,0.419,33,14,o,0,1.16,210.38137,-23.95712,1617.8,2762.73,2.37,2.18,45.1,-0.414,19.19,20.57,04a60434o0582o
60435.018717,20.416,0.517,25,13,c,0,0.91,210.38137,-23.95712,1622.58,2643.3,3.0,2.83,-65.9,-0.379,19.35,21.25,03a60435o0102c
60435.022542,20.06,0.335,34,12,c,0,1.16,210.38137,-23.95712,1640.68,2684.17,2.85,2.7,-55.8,-0.382,19.38,21.24,03a60435o0110c
60435.02827,20.49,0.444,23,10,c,0,1.35,210.38137,-23.95712,1582.13,2604.68,2.65,2.52,-64.7,-0.392,19.46,21.22,03a60435o0122c
60435.043966,20.173,0.33,31,10,c,0,1.33,210.38137,-23.95712,1561.73,2723.94,2.54,2.37,-58.8,-0.392,19.45,21.14,03a60435o0155c
60435.927913,20.872,0.621,16,10,c,0,1.23,210.38137,-23.95712,3526.75,8450.88,2.73,2.46,-29.9,-0.377,19.57,21.5,03a60436o0475c
60435.93097,20.967,0.577,15,9,c,0,1.15,210.38137,-23.95712,3545.78,8490.78,2.59,2.34,-39.1,-0.373,19.61,21.48,03a60436o0480c
60435.936131,19.984,0.248,37,9,c,0,1.61,210.38137,-23.95712,3489.86,8413.55,2.67,2.41,-30.8,-0.375,19.61,21.46,03a60436o0490c
60435.945994,19.771,0.259,45,12,c,0,0.73,210.38137,-23.95712,3468.28,8531.17,2.62,2.36,-36.1,-0.372,19.6,21.46,03a60436o0509c
60437.164434,19.707,0.301,48,14,o,0,1.2,210.38137,-23.95712,3717.46,8506.52,2.27,1.93,-70.8,-0.441,19.34,20.75,04a60437o0471o
60437.167613,19.658,0.258,50,13,o,0,1.08,210.38137,-23.95712,3737.84,8541.69,2.46,1.91,-74.1,-0.434,19.34,20.74,04a60437o0478o
60437.173942,19.448,0.199,60,12,o,0,1.07,210.38137,-23.95712,3684.84,8458.26,2.39,1.97,-74.8,-0.439,19.34,20.72,04a60437o0490o
60437.187009,19.922,0.323,39,13,o,0,1.47,210.38137,-23.95712,3668.0,8562.3,2.36,1.86,-75.9,-0.443,19.37,20.73,04a60437o0516o
60438.915562,20.205,0.309,30,9,c,0,0.84,210.38137,-23.95712,1716.39,4853.87,2.3,2.12,-57.5,-0.412,19.68,21.52,03a60439o0478c
60438.919192,20.052,0.266,35,9,c,0,1.08,210.38137,-23.95712,1734.81,4893.49,2.31,2.19,-43.3,-0.413,19.67,21.51,03a60439o0486c
60438.924411,19.71,0.182,47,9,c,0,1.01,210.38137,-23.95712,1679.13,4816.49,2.25,2.07,-49.7,-0.417,19.72,21.51,03a60439o0496c
60438.937027,20.031,0.252,35,9,c,0,1.48,210.38137,-23.95712,1656.78,4933.06,2.31,2.13,-57.5,-0.414,19.65,21.46,03a60439o0523c
60439.90887,20.678,0.459,19,9,c,0,1.51,210.38137,-23.95712,7579.43,8845.87,2.52,2.2,-59.9,-0.4,19.7,21.56,03a60440o0460c
60439.912056,20.765,0.513,18,9,c,0,1.17,210.38137,-23.95712,7596.97,8885.96,2.68,2.27,-70.1,-0.398,19.68,21.58,03a60440o0467c
60439.919625,21.004,0.619,14,9,c,0,1.12,210.38137,-23.95712,7539.34,8808.2,2.58,2.25,-52.6,-0.399,19.71,21.56,03a60440o0481c
60439.932553,21.625,1.075,8,9,c,0,1.37,210.38137,-23.95712,7517.98,8926.64,2.59,2.3,-57.3,-0.401,19.67,21.53,03a60440o0509c
60441.089043,18.949,0.419,96,40,o,0,1.28,210.38137,-23.95712,2943.67,1835.53,2.5,2.27,48.7,-0.402,18.02,19.27,04a60441o0308o
60441.092293,24.199,52.0,1,40,o,0,1.1,210.38137,-23.95712,2925.84,1797.15,2.32,2.1,51.2,-0.419,18.01,19.17,04a60441o0314o
60441.095453,16.993,0.873,579,506,o,0,1.08,210.38137,-23.95712,2986.53,1875.56,2.37,2.17,39.3,-0.412,15.41,16.59,04a60441o0321o
60441.130844,19.836,0.863,42,36,o,0,1.46,210.38137,-23.95712,3036.21,1755.95,2.79,2.56,44.1,-0.386,18.01,19.33,04a60441o0389o
60442.158795,19.851,0.298,42,12,o,0,1.5,210.38137,-23.95712,5755.4,1031.62,2.09,2.04,-2.7,-0.46,19.41,20.8,04a60442o0464o
60442.162462,19.542,0.209,55,12,o,0,1.51,210.38137,-23.95712,5777.63,1066.62,2.15,2.12,88.1,-0.442,19.42,20.8,04a60442o0472o
60442.167867,19.917,0.295,39,12,o,0,1.19,210.38137,-23.95712,5716.09,985.04,2.18,2.12,24.3,-0.442,19.37,20.81,04a60442o0483o
60442.178641,20.603,0.741,21,16,o,0,0.64,210.38137,-23.95712,5699.21,1092.39,2.22,2.17,-5.4,-0.458,19.32,20.76,04a60442o0506o
60442.902842,19.847,0.274,42,12,c,0,0.98,210.38137,-23.95712,5743.99,1056.12,2.62,2.32,-55.4,-0.396,19.56,21.43,03a60443o0450c
60442.911035,20.811,0.415,17,7,c,0,2.46,210.38137,-23.95712,5762.03,1097.05,2.53,2.26,-52.6,-0.397,19.6,21.39,03a60443o0467c
60442.913823,20.223,0.36,30,11,c,0,1.28,210.38137,-23.95712,5702.84,1017.8,2.65,2.32,-52.2,-0.394,19.53,21.4,03a60443o0473c
60442.925303,20.213,0.359,30,11,c,0,0.87,210.38137,-23.95712,5681.03,1136.35,2.48,2.26,-47.6,-0.406,19.61,21.34,03a60443o0498c
60443.90914,19.854,0.291,42,12,c,0,0.93,210.38137,-23.95712,9466.93,4664.85,2.5,2.25,-37.0,-0.386,19.26,20.97,03a60444o0465c
60443.913012,20.482,0.689,23,16,c,0,1.43,210.38137,-23.95712,9487.29,4705.07,2.43,2.2,-38.5,-0.391,18.65,20.29,03a60444o0472c
60443.9195,-21.311,1.812,-11,20,c,0,1.32,210.38137,-23.95712,9432.09,4626.58,2.77,2.4,-12.2,-0.381,18.77,20.54,03a60444o0486c
60443.92959,20.75,0.654,18,12,c,0,0.76,210.38137,-23.95712,9410.13,4742.44,2.74,2.44,-10.8,-0.383,19.48,21.29,03a60444o0508c
60447.080751,19.652,0.505,50,25,c,0,1.17,210.38137,-23.95712,3580.98,2581.61,2.92,2.71,-79.9,-0.387,18.46,20.64,03a60447o0007c
60447.083804,19.827,0.621,43,26,c,0,0.83,210.38137,-23.95712,3598.67,2621.08,2.72,2.53,8.7,-0.401,18.45,20.51,03a60447o0013c
60447.089446,-20.362,0.956,-26,25,c,0,1.41,210.38137,-23.95712,3542.55,2542.88,2.83,2.64,12.1,-0.394,18.18,20.25,03a60447o0024c
60447.100707,-21.314,3.0,-11,32,c,0,1.04,210.38137,-23.95712,3522.34,2657.38,3.16,2.93,4.5,-0.379,18.27,20.39,03a60447o0046c
60447.88325,19.343,0.275,66,18,o,0,1.06,210.38137,-23.95712,9521.22,6596.74,2.47,2.07,-53.8,-0.385,18.85,19.54,03a60448o0416o
60447.886481,19.511,0.249,57,14,o,0,1.41,210.38137,-23.95712,9539.42,6637.7,2.35,2.02,-56.1,-0.397,19.15,20.0,03a60448o0423o
60447.892061,19.812,0.464,43,20,o,0,0.96,210.38137,-23.95712,9486.06,6558.96,2.37,2.01,-55.7,-0.398,19.07,19.92,03a60448o0435o
60447.903427,21.148,1.368,13,17,o,0,1.2,210.38137,-23.95712,9461.86,6676.97,2.41,2.03,-56.5,-0.39,18.82,19.59,03a60448o0459o
60449.138126,19.859,0.485,41,20,o,0,1.34,210.38137,-23.95712,9676.43,6483.99,2.42,2.16,-19.4,-0.444,18.86,19.64,04a60449o0423o
60449.141292,19.595,0.407,53,21,o,0,1.03,210.38137,-23.95712,9694.48,6520.47,2.51,2.26,-10.3,-0.42,18.82,19.62,04a60449o0430o
60449.14817,19.617,0.474,52,24,o,0,1.13,210.38137,-23.95712,9641.0,6437.15,2.23,2.12,-76.4,-0.414,18.81,19.59,04a60449o0442o
60449.159019,20.857,1.104,16,18,o,0,1.45,210.38137,-23.95712,9620.15,6543.26,2.48,2.18,-9.8,-0.416,18.79,19.62,04a60449o0465o
60455.907106,21.404,2.0,10,20,o,0,1.02,210.38137,-23.95712,7527.28,4698.08,2.47,2.08,-54.1,-0.416,18.85,19.55,03a60456o0472o
60455.910764,21.397,2.111,10,21,o,0,1.24,210.38137,-23.95712,7547.37,4737.73,2.49,2.08,-51.6,-0.414,18.86,19.54,03a60456o0480o
60455.91974,19.417,0.297,62,18,o,0,1.25,210.38137,-23.95712,7491.08,4660.67,2.32,2.07,-49.4,-0.439,18.85,19.5,03a60456o0499o
60455.932582,19.698,0.391,48,19,o,0,1.82,210.38137,-23.95712,7466.71,4776.36,2.59,2.11,-52.4,-0.399,18.74,19.44,03a60456o0526o
60457.144247,20.97,0.99,15,15,o,0,1.49,210.38137,-23.95712,7633.42,4601.71,2.38,2.2,-28.8,-0.446,19.02,20.08,04a60457o0444o
60457.147882,-21.365,1.301,-10,13,o,0,1.52,210.38137,-23.95712,7655.19,4637.92,2.27,2.07,-21.0,-0.454,19.1,20.06,04a60457o0452o
60457.155451,19.985,0.575,37,21,o,0,1.37,210.38137,-23.95712,7598.3,4556.27,2.14,1.99,-61.3,-0.484,19.07,19.94,04a60457o0468o
60457.165847,22.555,4.52,4,16,o,0,1.17,210.38137,-23.95712,7576.09,4663.87,2.31,2.11,-41.9,-0.429,19.04,20.07,04a60457o0490o
60458.164569,20.495,0.728,23,17,o,0,0.85,210.38137,-23.95712,1804.12,8586.9,2.68,2.1,-73.1,-0.392,19.07,20.28,04a60458o0488o
60458.167778,20.763,0.783,18,14,o,0,1.67,210.38137,-23.95712,1820.39,8622.25,2.58,1.95,-71.9,-0.407,19.16,20.28,04a60458o0495o
60458.174339,20.395,0.68,25,17,o,0,1.4,210.38137,-23.95712,1766.02,8542.73,2.26,1.87,-69.2,-0.449,19.12,20.21,04a60458o0509o
60458.184452,19.889,0.401,40,16,o,0,1.11,210.38137,-23.95712,1741.89,8654.62,2.24,1.83,-71.1,-0.45,19.15,20.21,04a60458o0531o
60458.918897,20.362,0.448,26,12,o,0,3.4,210.38137,-23.95712,1610.54,8543.54,2.61,2.21,-47.4,-0.385,19.12,20.15,03a60459o0497o
60458.921866,-22.0,2.833,-6,16,o,0,1.2,210.38137,-23.95712,1629.23,8583.38,2.56,2.25,-28.4,-0.379,19.1,20.15,03a60459o0503o
60458.927713,-18.47,2.0,-149,297,o,0,0.98,210.38137,-23.95712,1574.61,8507.46,2.5,2.14,-51.4,-0.383,16.01,16.51,03a60459o0515o
60459.016479,21.243,1.877,12,22,o,0,1.33,210.38137,-23.95712,1553.02,8631.62,2.66,2.3,-55.3,-0.375,18.78,19.55,03a60459o0542o
60459.896482,19.582,0.232,53,12,o,0,1.56,210.38137,-23.95712,5437.8,8405.41,3.08,2.76,-34.9,-0.375,19.15,20.75,03a60460o0450o
60459.899293,-20.134,0.736,-32,24,o,0,1.22,210.38137,-23.95712,5455.84,8445.45,3.64,3.28,-61.8,-0.343,18.57,20.31,03a60460o0456o
60459.919458,20.407,0.865,25,22,o,0,1.42,210.38137,-23.95712,5377.76,8483.19,3.05,2.63,-24.6,-0.356,18.55,19.93,03a60460o0499o
60461.136985,23.273,5.333,2,10,c,0,1.2,210.38137,-23.95712,5631.16,8364.15,2.66,1.94,-72.6,-0.422,19.55,21.53,04a60461o0356c
60461.142081,20.137,0.393,32,13,c,0,0.73,210.38137,-23.95712,5650.44,8399.26,2.59,1.95,-70.4,-0.418,19.43,21.34,04a60461o0367c
60461.145266,20.065,0.267,34,9,c,0,1.2,210.38137,-23.95712,5592.2,8319.04,2.59,1.91,-70.9,-0.421,19.66,21.6,04a60461o0374c
60461.155362,20.156,0.393,32,12,c,0,0.73,210.38137,-23.95712,5573.25,8428.73,2.58,1.93,-70.3,-0.437,19.63,21.56,04a60461o0395c
60462.120184,21.827,1.389,7,9,c,0,1.51,210.38137,-23.95712,9845.49,2789.59,3.1,2.4,-25.0,-0.343,19.63,21.71,04a60462o0389c
60462.123044,-21.034,0.68,-14,10,c,0,1.12,210.38137,-23.95712,9867.17,2826.67,3.06,2.46,-20.6,-0.33,19.67,21.71,04a60462o0395c
60462.12851,20.977,0.691,15,10,c,0,1.14,210.38137,-23.95712,9806.04,2743.41,3.02,2.41,-22.8,-0.351,19.62,21.74,04a60462o0407c
60462.139168,20.235,0.345,29,10,c,0,1.4,210.38137,-23.95712,9784.88,2854.22,3.07,2.67,-19.7,-0.335,19.65,21.75,04a60462o0430c
60466.34907,21.04,0.909,14,13,c,0,1.21,210.38137,-23.95712,8792.69,5659.76,2.65,2.58,66.6,-0.395,19.34,21.0,02a60466o0227c
60466.35194,21.0,0.803,14,12,c,0,1.33,210.38137,-23.95712,8775.87,5622.4,2.72,2.61,-73.0,-0.404,19.35,21.0,02a60466o0233c
60466.362156,21.227,1.016,12,12,c,0,1.26,210.38137,-23.95712,8839.83,5700.58,2.73,2.65,-76.2,-0.395,19.33,21.04,02a60466o0254c
60466.368186,20.964,0.886,15,13,c,0,1.1,210.38137,-23.95712,8861.23,5583.51,2.72,2.6,-68.0,-0.395,19.34,21.04,02a60466o0266c
60469.112532,-19.99,1.032,-37,38,c,0,1.19,210.38137,-23.95712,7743.74,6533.82,2.45,2.09,-42.4,-0.412,18.0,19.67,04a60469o0373c
60469.115359,-19.721,1.222,-47,57,c,0,0.87,210.38137,-23.95712,7762.45,6570.71,2.52,2.17,-47.0,-0.404,17.61,19.32,04a60469o0379c
60469.121146,20.73,1.036,18,19,c,0,1.43,210.38137,-23.95712,7704.7,6489.3,2.57,2.13,-47.5,-0.399,18.7,20.45,04a60469o0391c
60469.131239,-20.208,1.383,-30,42,c,0,1.09,210.38137,-23.95712,7685.42,6598.27,2.43,2.12,-50.4,-0.415,18.16,19.8,04a60469o0412c
60470.148575,18.209,0.064,189,12,c,0,22.92,210.38137,-23.95712,1549.32,717.6,3.28,2.45,43.1,-0.358,19.34,21.36,04a60470o0190c
60470.15178,20.475,0.522,24,12,c,0,1.19,210.38137,-23.95712,1568.42,754.63,3.25,2.42,44.3,-0.355,19.31,21.38,04a60470o0197c
60470.157324,-23.302,7.5,-2,13,c,0,0.92,210.38137,-23.95712,1508.26,674.27,3.45,2.57,44.0,-0.334,19.0,21.1,04a60470o0209c
60470.167859,21.13,0.96,13,12,c,0,1.34,210.38137,-23.95712,1485.63,788.15,3.56,2.78,43.5,-0.327,19.2,21.36,04a60470o0232c
60474.861558,20.482,0.569,23,13,o,0,0.97,210.38137,-23.95712,7806.07,2969.22,2.18,1.94,-60.2,-0.447,19.29,20.46,03a60475o0296o
60474.864813,20.553,0.663,22,14,o,0,0.96,210.38137,-23.95712,7824.68,3009.67,2.15,1.91,-52.3,-0.456,19.26,20.4,03a60475o0303o
60474.870383,20.383,0.635,26,16,o,0,0.92,210.38137,-23.95712,7768.6,2931.81,2.12,1.93,-48.1,-0.462,19.28,20.41,03a60475o0315o
60474.881673,22.498,4.344,4,16,o,0,0.85,210.38137,-23.95712,7746.51,3048.73,2.15,1.87,-55.7,-0.451,19.19,20.34,03a60475o0339o
60475.869823,19.738,0.843,46,39,o,0,0.97,210.38137,-23.95712,9496.37,8846.03,2.86,2.17,-48.2,-0.42,18.73,19.46,03a60476o0286o
60475.873148,-19.611,0.723,-52,38,o,0,1.41,210.38137,-23.95712,9514.28,8885.3,2.84,2.23,-46.1,-0.419,18.76,19.47,03a60476o0293o
60475.878364,21.607,3.957,8,33,o,0,1.36,210.38137,-23.95712,9459.35,8805.22,2.87,2.21,-50.9,-0.418,18.7,19.49,03a60476o0304o
60475.88896,19.563,0.777,54,42,o,0,1.34,210.38137,-23.95712,9436.99,8921.43,3.11,2.31,-46.2,-0.431,18.66,19.45,03a60476o0327o
60483.87193,-23.172,15.357,-2,30,o,0,0.8,210.38137,-23.95712,1622.02,2642.13,2.31,2.08,-63.0,-0.406,18.33,18.54,03a60484o0405o
60483.875342,-19.813,0.608,-43,26,o,0,1.68,210.38137,-23.95712,1641.65,2682.65,2.37,2.13,-63.6,-0.41,18.31,18.54,03a60484o0412o
60483.881353,-21.476,3.639,-9,34,o,0,0.75,210.38137,-23.95712,1583.29,2605.06,2.39,2.19,-58.8,-0.416,18.3,18.55,03a60484o0425o
