MJD,m,dm,uJy,duJy,F,err,chi/N,RA,Dec,x,y,maj,min,phi,apfit,mag5sig,Sky,Obs
60401.254957,-22.339,3.059,-4,13,o,0,1.79,198.14574,-29.96537,5646.8,2104.53,2.08,1.96,-25.3,-0.474,19.31,20.45,04a60401o0361o
60401.258053,20.781,0.797,18,14,o,0,1.4,198.14574,-29.96537,5666.92,2140.85,2.04,1.91,-11.0,-0.498,19.3,20.4,04a60401o0367o
60401.264491,22.329,3.656,4,16,o,0,1.46,198.14574,-29.96537,5606.45,2058.23,2.08,1.96,-22.3,-0.494,19.26,20.39,04a60401o0381o
60401.274967,-21.158,0.962,-12,12,o,0,2.33,198.14574,-29.96537,5585.21,2166.45,1.96,1.95,-19.8,-0.482,19.27,20.32,04a60401o0403o
60401.977823,-24.166,9.818,-1,8,o,0,1.4,198.14574,-29.96537,981.88,8157.06,2.44,2.06,-58.5,-0.383,20.2,20.68,03a60402o0205o
60401.990298,-25.011,18.7,0,7,o,0,1.94,198.14574,-29.96537,997.95,8197.09,2.47,2.06,-53.1,-0.385,20.22,20.68,03a60402o0214o
60402.004163,22.0,1.274,6,7,o,0,1.69,198.14574,-29.96537,942.38,8121.51,2.49,2.1,-51.6,-0.382,20.16,20.58,03a60402o0224o
60404.90493,22.811,2.705,3,7,o,0,1.21,198.14574,-29.96537,9568.63,2424.84,2.31,2.02,-50.7,-0.401,20.44,21.23,03a60405o0130o
60404.915192,-22.208,1.586,-5,8,o,0,2.17,198.14574,-29.96537,9553.15,2385.35,2.31,1.98,-56.4,-0.395,20.44,21.18,03a60405o0137o
60404.926275,-21.242,0.507,-12,6,o,0,1.89,198.14574,-29.96537,9611.9,2463.03,2.32,1.98,-56.5,-0.388,20.43,21.2,03a60405o0145o
60411.149162,22.286,1.6,4,7,o,0,3.55,198.14574,-29.96537,1540.46,6446.1,2.2,2.03,-62.2,-0.403,20.17,20.86,04a60411o0152o
60411.167931,-21.56,0.826,-9,7,o,0,1.83,198.14574,-29.96537,1540.42,6408.0,2.2,2.06,-77.5,-0.387,20.17,20.81,04a60411o0165o
60411.174844,-21.556,0.948,-9,8,o,0,3.81,198.14574,-29.96537,1605.9,6485.99,2.39,2.11,-42.7,-0.37,20.13,20.87,04a60411o0170o
60418.180393,23.28,8.714,2,15,o,0,1.12,198.14574,-29.96537,4989.23,8032.1,2.22,1.92,-43.4,-0.402,19.15,20.28,04a60418o0437o
60418.183558,22.441,3.667,4,14,o,0,2.17,198.14574,-29.96537,5007.99,8067.42,2.4,2.02,-38.0,-0.398,19.12,20.27,04a60418o0444o
60418.18952,21.05,1.05,14,14,o,0,1.6,198.14574,-29.96537,4951.98,7985.47,2.27,1.97,-39.4,-0.433,19.15,20.26,04a60418o0457o
60418.199393,20.897,0.93,16,15,o,0,1.65,198.14574,-29.96537,4935.59,8090.96,2.18,1.88,-42.6,-0.416,19.15,20.26,04a60418o0477o
60418.919198,-21.05,0.825,-14,11,o,0,2.32,198.14574,-29.96537,4802.72,7999.84,2.28,1.99,-55.7,-0.402,19.26,20.25,03a60419o0461o
60418.922928,22.536,4.25,4,15,o,0,1.43,198.14574,-29.96537,4818.81,8039.77,2.31,2.03,-50.1,-0.402,19.25,20.21,03a60419o0469o
60418.928222,21.328,1.318,11,14,o,0,0.99,198.14574,-29.96537,4766.25,7962.63,2.27,1.99,-51.5,-0.408,19.29,20.24,03a60419o0480o
60418.964347,15.662,1.508,1973,2976,o,0,0.85,198.14574,-29.96537,4737.99,8084.03,2.29,2.0,-48.9,-0.4,13.53,13.44,03a60419o0553o
60419.921468,-20.236,0.588,-29,17,o,0,1.57,198.14574,-29.96537,3628.4,2185.11,2.1,1.94,-50.0,-0.437,19.07,19.81,03a60420o0467o
60419.925189,20.395,0.614,25,16,o,0,1.54,198.14574,-29.96537,3647.61,2224.94,2.18,2.0,-50.2,-0.442,19.04,19.81,03a60420o0475o
60419.930613,-21.295,1.713,-11,19,o,0,1.26,198.14574,-29.96537,3588.63,2147.47,2.14,1.96,-54.8,-0.439,19.06,19.8,03a60420o0486o
60419.961581,22.739,5.231,3,15,o,0,1.44,198.14574,-29.96537,3561.23,2268.21,2.1,1.9,-53.1,-0.444,19.08,19.82,03a60420o0551o
60427.941268,-20.695,1.452,-19,28,o,0,1.53,198.14574,-29.96537,7266.33,6244.41,2.58,2.38,-50.2,-0.422,18.54,19.17,03a60428o0357o
60427.9464,-21.39,2.82,-10,28,o,0,0.94,198.14574,-29.96537,7285.38,6284.81,2.56,2.2,-50.5,-0.4,18.56,19.12,03a60428o0368o
60427.949248,-19.457,0.441,-60,26,o,0,1.18,198.14574,-29.96537,7229.27,6206.52,2.52,2.28,-53.8,-0.42,18.52,19.08,03a60428o0374o
60427.959238,-21.078,2.087,-14,28,o,0,0.91,198.14574,-29.96537,7206.15,6323.36,2.47,2.25,-54.0,-0.422,18.56,19.13,03a60428o0395o
60431.956633,23.672,13.167,1,16,o,0,1.53,198.14574,-29.96537,975.35,8169.21,2.66,2.33,-46.5,-0.38,19.15,20.57,03a60432o0206o
60431.960396,-20.264,0.472,-28,13,o,0,2.24,198.14574,-29.96537,991.87,8208.65,2.85,2.47,-27.9,-0.374,19.1,20.56,03a60432o0214o
60431.965934,20.374,0.568,26,15,o,0,1.37,198.14574,-29.96537,936.89,8131.44,2.64,2.34,-41.0,-0.382,19.27,20.69,03a60432o0226o
60431.975834,-23.212,7.5,-2,14,o,0,1.28,198.14574,-29.96537,915.67,8249.75,2.61,2.3,-43.9,-0.379,19.09,20.34,03a60432o0247o
60433.164332,24.541,21.5,1,12,o,0,1.23,198.14574,-29.96537,1169.76,8266.17,2.48,2.01,-76.8,-0.395,19.34,20.71,04a60433o0464o
60433.167511,21.379,1.385,10,14,o,0,0.86,198.14574,-29.96537,1186.61,8302.28,2.43,1.92,-77.5,-0.4,19.41,20.75,04a60433o0471o
60433.172661,21.133,0.914,13,12,o,0,1.59,198.14574,-29.96537,1129.34,8221.21,2.45,2.02,-77.5,-0.394,19.35,20.69,04a60433o0482o
60433.182705,26.049,77.0,0,11,o,0,1.93,198.14574,-29.96537,1111.49,8329.2,2.49,2.01,-76.4,-0.382,19.38,20.71,04a60433o0502o
60434.150229,21.645,1.5,8,12,o,0,1.72,198.14574,-29.96537,9244.2,4181.38,2.53,2.24,-19.9,-0.417,19.38,20.82,04a60434o0438o
60434.157227,-21.491,1.245,-9,12,o,0,1.56,198.14574,-29.96537,9261.62,4215.37,2.64,2.34,-19.9,-0.413,19.32,20.78,04a60434o0452o
60434.160412,-23.928,13.2,-1,13,o,0,1.55,198.14574,-29.96537,9202.99,4134.35,2.79,2.56,-18.6,-0.384,19.23,20.84,04a60434o0459o
60434.170947,20.361,0.522,26,14,o,0,1.29,198.14574,-29.96537,9183.3,4241.62,2.58,2.26,-23.8,-0.413,19.34,20.72,04a60434o0482o
60434.92606,-23.927,7.714,-1,8,c,0,1.8,198.14574,-29.96537,9133.05,4292.6,2.52,2.2,-50.7,-0.392,19.72,21.66,03a60435o0010c
60434.929255,22.83,3.158,3,8,c,0,1.29,198.14574,-29.96537,9150.1,4332.13,2.55,2.2,-54.6,-0.391,19.7,21.67,03a60435o0017c
60434.936994,-22.158,1.483,-5,7,c,0,1.98,198.14574,-29.96537,9091.49,4255.31,2.84,2.42,-58.4,-0.386,19.6,21.67,03a60435o0032c
60434.997961,-20.066,0.297,-34,10,c,0,2.05,198.14574,-29.96537,9063.97,4375.6,3.1,2.8,-61.4,-0.376,19.34,21.31,03a60435o0058c
60435.905382,-22.234,2.176,-5,10,c,0,1.71,198.14574,-29.96537,4864.17,9951.45,3.5,3.22,-61.3,-0.341,19.38,21.61,03a60436o0432c
60435.908908,23.264,6.571,2,12,c,0,1.04,198.14574,-29.96537,4882.85,9991.21,3.3,3.23,-9.4,-0.34,19.39,21.6,03a60436o0439c
60435.914545,-22.888,3.133,-2,8,c,0,1.97,198.14574,-29.96537,4828.28,9913.52,2.77,2.44,-41.5,-0.371,19.63,21.57,03a60436o0449c
60435.924768,-20.831,0.57,-17,10,c,0,1.24,198.14574,-29.96537,4806.35,10031.57,2.73,2.48,-45.6,-0.368,19.64,21.57,03a60436o0469c
60437.143636,-25.388,61.0,0,16,o,0,0.61,198.14574,-29.96537,5105.98,9964.23,2.22,1.89,-65.9,-0.419,19.36,20.73,04a60437o0427o
60437.153825,-21.074,1.181,-14,16,o,0,1.65,198.14574,-29.96537,5127.11,9993.67,2.5,1.93,-77.5,-0.458,19.32,20.77,04a60437o0448o
60437.156663,-22.596,4.429,-3,15,o,0,1.44,198.14574,-29.96537,5068.13,9913.74,2.5,1.95,-71.0,-0.462,19.32,20.8,04a60437o0454o
60437.162163,-23.034,5.833,-2,13,o,0,1.82,198.14574,-29.96537,5051.34,10026.33,2.13,1.88,-70.8,-0.428,19.41,20.79,04a60437o0466o
60438.897761,22.946,3.706,2,9,c,0,1.35,198.14574,-29.96537,3432.61,6340.94,2.47,2.27,-51.2,-0.383,19.67,21.59,03a60439o0440c
60438.901858,20.854,0.504,16,8,c,0,1.55,198.14574,-29.96537,3449.37,6379.97,2.51,2.25,-47.5,-0.384,19.66,21.59,03a60439o0449c
60438.907675,21.048,0.598,14,8,c,0,1.63,198.14574,-29.96537,3393.42,6302.64,2.48,2.26,-48.4,-0.38,19.63,21.6,03a60439o0461c
60438.920112,21.346,0.707,10,7,c,0,2.11,198.14574,-29.96537,3370.56,6420.35,2.42,2.25,-50.3,-0.386,19.66,21.57,03a60439o0488c
60439.894732,-21.757,1.324,-7,10,c,0,1.67,198.14574,-29.96537,8934.33,10397.53,2.97,2.54,-47.9,-0.406,19.64,21.64,03a60440o0430c
60439.897744,20.591,0.476,21,10,c,0,1.58,198.14574,-29.96537,8951.91,10438.61,3.06,2.6,-35.0,-0.404,19.61,21.65,03a60440o0436c
60439.902926,22.13,2.0,5,10,c,0,1.12,198.14574,-29.96537,8895.42,10357.15,2.8,2.32,-52.1,-0.422,19.74,21.63,03a60440o0447c
60439.90431,-21.887,1.184,-6,8,c,0,1.22,198.14574,-29.96537,2666.37,30.86,2.38,2.22,-70.0,-0.365,19.7,21.67,03a60440o0450c
60439.907493,-22.694,2.5,-3,8,c,0,1.9,198.14574,-29.96537,2685.81,71.31,2.31,2.2,-42.0,-0.376,19.76,21.64,03a60440o0457c
60439.915888,21.867,1.5,6,10,c,0,1.27,198.14574,-29.96537,8873.92,10477.97,2.62,2.45,-46.5,-0.397,19.66,21.6,03a60440o0474c
60439.923798,-21.153,0.685,-13,9,c,0,2.42,198.14574,-29.96537,2607.88,112.06,2.4,2.3,-29.2,-0.378,19.71,21.63,03a60440o0490c
60441.046985,17.23,0.049,466,23,o,0,77.8,198.14574,-29.96537,1548.44,324.17,2.57,2.07,33.5,-0.463,18.86,20.23,04a60441o0221o
60441.050167,19.971,0.866,37,32,o,0,1.09,198.14574,-29.96537,1532.84,284.1,2.4,1.91,40.5,-0.474,18.55,19.72,04a60441o0228o
60441.076305,-20.853,1.019,-17,17,o,0,1.44,198.14574,-29.96537,1612.56,362.69,2.25,1.95,35.7,-0.444,19.05,20.39,04a60441o0280o
60441.080904,-18.772,0.66,-112,74,o,0,1.1,198.14574,-29.96537,1633.21,245.16,2.53,2.02,38.6,-0.457,17.78,18.98,04a60441o0290o
60441.082713,19.18,1.432,77,111,o,0,1.39,198.14574,-29.96537,8131.25,10497.3,2.29,2.05,-22.1,-0.472,17.27,18.48,04a60441o0294o
60441.115726,19.862,1.615,41,67,o,0,1.01,198.14574,-29.96537,2595.1,184.12,2.71,2.4,38.3,-0.413,17.33,18.59,04a60441o0362o
60442.135953,19.971,0.372,37,14,o,0,1.06,198.14574,-29.96537,7841.01,2508.97,2.4,2.17,-30.2,-0.398,19.4,20.86,04a60442o0416o
60442.139151,-21.996,2.154,-6,12,o,0,1.67,198.14574,-29.96537,7862.44,2544.65,2.46,2.19,-26.7,-0.393,19.39,20.86,04a60442o0423o
60442.145954,21.128,1.022,13,13,o,0,1.32,198.14574,-29.96537,7804.83,2462.1,2.43,2.16,-33.8,-0.398,19.43,20.89,04a60442o0437o
60442.156905,21.266,1.195,11,14,o,0,1.09,198.14574,-29.96537,7783.55,2570.07,2.34,2.14,-28.0,-0.404,19.42,20.86,04a60442o0460o
60442.88771,-21.779,1.227,-7,9,c,0,1.25,198.14574,-29.96537,7779.85,2593.74,2.7,2.32,-54.7,-0.398,19.58,21.52,03a60443o0417c
60442.890956,23.344,5.6,2,9,c,0,1.1,198.14574,-29.96537,7799.33,2634.45,2.81,2.34,-55.1,-0.396,19.52,21.5,03a60443o0424c
60442.896424,-21.845,1.526,-7,10,c,0,1.36,198.14574,-29.96537,7744.87,2556.44,2.84,2.43,-55.7,-0.392,19.5,21.49,03a60443o0436c
60442.907233,20.399,0.38,25,10,c,0,1.5,198.14574,-29.96537,7719.99,2673.64,2.86,2.51,-54.3,-0.397,19.46,21.43,03a60443o0459c
60443.898538,22.158,1.556,5,8,c,0,2.0,198.14574,-29.96537,1246.77,5941.34,2.42,2.2,-54.6,-0.417,19.66,21.43,03a60444o0442c
60443.901311,-21.378,0.863,-10,9,c,0,1.64,198.14574,-29.96537,1263.65,5980.44,2.43,2.19,-45.7,-0.42,19.66,21.43,03a60444o0448c
60443.908207,21.545,2.525,9,22,c,0,0.98,198.14574,-29.96537,1208.4,5904.34,2.43,2.19,-45.8,-0.419,19.07,20.76,03a60444o0463c
60443.91813,20.777,2.533,18,45,c,0,1.19,198.14574,-29.96537,1187.89,6021.41,2.64,2.39,-28.1,-0.405,18.06,19.78,03a60444o0483c
60447.860558,-17.879,0.492,-256,126,o,0,1.52,198.14574,-29.96537,6712.14,7963.82,2.45,2.05,-48.0,-0.413,16.63,16.58,03a60448o0369o
60447.866214,-19.911,3.287,-39,130,o,0,1.19,198.14574,-29.96537,6731.08,8004.2,2.34,1.99,-48.4,-0.422,16.91,16.83,03a60448o0380o
60447.869063,18.678,0.564,123,69,o,0,1.11,198.14574,-29.96537,6676.61,7925.42,2.38,2.0,-44.6,-0.419,17.51,17.61,03a60448o0386o
60447.881389,-21.341,1.633,-11,17,o,0,1.18,198.14574,-29.96537,6654.42,8043.17,2.3,2.0,-42.7,-0.426,18.93,19.59,03a60448o0412o
60449.113431,20.531,1.066,22,24,o,0,1.6,198.14574,-29.96537,6898.5,7921.57,2.11,1.94,-41.4,-0.432,18.69,19.39,04a60449o0372o
60449.122809,-21.231,1.92,-12,22,o,0,1.6,198.14574,-29.96537,6921.52,7952.5,2.23,2.02,-52.4,-0.41,18.65,19.39,04a60449o0391o
60449.126731,20.979,1.621,15,24,o,0,1.39,198.14574,-29.96537,6863.63,7871.29,2.17,1.97,-51.7,-0.424,18.7,19.38,04a60449o0399o
60449.136604,-19.999,0.497,-36,18,o,0,1.93,198.14574,-29.96537,6844.28,7980.22,2.14,2.0,-43.8,-0.422,18.81,19.56,04a60449o0420o
60455.869254,-20.24,0.59,-29,17,o,0,1.63,198.14574,-29.96537,9203.58,6234.43,2.56,2.07,-50.6,-0.378,18.97,19.75,03a60456o0393o
60455.872037,-21.001,1.324,-14,19,o,0,0.79,198.14574,-29.96537,9223.84,6275.09,2.54,2.07,-52.3,-0.382,18.98,19.76,03a60456o0399o
60455.878399,-20.554,0.839,-22,18,o,0,1.23,198.14574,-29.96537,9166.44,6196.62,2.7,2.2,-49.1,-0.367,18.91,19.74,03a60456o0412o
60455.888496,20.528,0.722,22,16,o,0,1.61,198.14574,-29.96537,9142.56,6312.61,2.71,2.11,-51.9,-0.368,18.9,19.66,03a60456o0433o
60457.119001,-20.695,0.714,-19,14,o,0,2.12,198.14574,-29.96537,9356.08,6096.83,2.34,2.09,-4.0,-0.414,19.13,20.17,04a60457o0390o
60457.128818,-21.943,2.548,-6,16,o,0,1.88,198.14574,-29.96537,9376.24,6130.01,2.39,2.07,-16.1,-0.424,19.12,20.15,04a60457o0411o
60457.131671,-22.914,6.438,-2,16,o,0,1.54,198.14574,-29.96537,9317.9,6050.07,2.33,2.18,-19.9,-0.417,19.11,20.1,04a60457o0417o
60457.137797,21.54,1.576,9,14,o,0,2.07,198.14574,-29.96537,9296.65,6161.71,2.42,2.12,-10.5,-0.389,19.15,20.13,04a60457o0430o
60458.125971,-22.306,4.0,-4,17,o,0,1.12,198.14574,-29.96537,3206.17,10052.17,2.08,1.76,-67.0,-0.46,19.2,20.24,04a60458o0404o
60458.129189,23.634,12.444,1,16,o,0,1.69,198.14574,-29.96537,3223.02,10088.72,2.34,1.78,-70.2,-0.475,19.21,20.28,04a60458o0411o
60458.135563,-19.84,0.42,-42,18,o,0,1.19,198.14574,-29.96537,3167.73,10007.24,2.22,1.8,-66.2,-0.448,19.14,20.25,04a60458o0425o
60458.14656,-20.443,0.701,-24,17,o,0,1.64,198.14574,-29.96537,3146.37,10118.76,2.4,1.86,-71.5,-0.458,19.16,20.25,04a60458o0449o
60458.865088,22.644,4.053,3,13,o,0,1.7,198.14574,-29.96537,2972.65,10031.08,2.6,2.18,-37.4,-0.384,19.25,20.48,03a60459o0385o
60458.868827,-21.616,1.804,-8,15,o,0,1.25,198.14574,-29.96537,2989.09,10070.83,2.69,2.25,-35.2,-0.385,19.22,20.44,03a60459o0393o
60458.874487,-20.701,0.854,-19,16,o,0,1.2,198.14574,-29.96537,2935.26,9993.33,2.54,2.12,-45.4,-0.39,19.25,20.36,03a60459o0405o
60458.884631,-21.651,1.787,-8,14,o,0,1.57,198.14574,-29.96537,2911.29,10112.12,2.66,2.22,-41.4,-0.386,19.2,20.26,03a60459o0426o
60459.858501,-19.909,0.51,-40,20,o,0,1.28,198.14574,-29.96537,6757.63,9920.41,2.9,2.41,-31.0,-0.389,18.47,19.91,03a60460o0369o
60459.86131,21.791,6.615,7,46,o,0,1.09,198.14574,-29.96537,6774.28,9960.57,3.04,2.41,-33.3,-0.385,18.2,19.68,03a60460o0375o
60459.866517,-22.182,2.708,-5,13,o,0,1.23,198.14574,-29.96537,6719.87,9880.97,2.96,2.48,-33.0,-0.393,19.33,20.93,03a60460o0386o
60459.878803,-21.014,1.105,-14,16,o,0,1.52,198.14574,-29.96537,6697.52,9999.69,2.95,2.45,-40.4,-0.389,19.08,20.61,03a60460o0412o
60461.091578,-20.692,1.056,-19,20,c,0,1.3,198.14574,-29.96537,6994.78,9861.48,2.42,2.02,-56.2,-0.424,19.16,20.97,04a60461o0258c
60461.09522,-20.416,0.789,-25,20,c,0,1.35,198.14574,-29.96537,7012.92,9897.63,2.71,2.02,-69.3,-0.447,18.83,20.68,04a60461o0266c
60461.102038,-20.317,0.878,-27,24,c,0,1.14,198.14574,-29.96537,6956.3,9812.79,2.47,2.03,-63.9,-0.46,18.89,20.76,04a60461o0281c
60461.117402,23.819,19.75,1,21,c,0,0.96,198.14574,-29.96537,6936.94,9920.6,2.74,1.96,-69.6,-0.438,19.14,20.94,04a60461o0314c
60462.086985,-22.891,3.412,-2,9,c,0,1.51,198.14574,-29.96537,7287.02,4244.92,2.57,2.3,-49.1,-0.363,19.55,21.7,04a60462o0318c
60462.090248,21.721,1.0,7,7,c,0,2.26,198.14574,-29.96537,7307.49,4280.94,2.57,2.21,-45.1,-0.37,19.6,21.67,04a60462o0325c
60462.096212,-21.256,0.663,-11,8,c,0,1.81,198.14574,-29.96537,7247.31,4198.64,2.45,2.14,-40.9,-0.374,19.63,21.65,04a60462o0338c
60462.106625,-21.738,1.216,-7,9,c,0,1.68,198.14574,-29.96537,7229.39,4307.12,2.53,2.26,-42.2,-0.368,19.61,21.71,04a60462o0360c
60466.309611,-23.194,6.091,-2,12,c,0,1.35,198.14574,-29.96537,7035.91,4202.73,2.59,2.48,85.7,-0.385,19.3,20.91,02a60466o0145c
60466.314914,20.31,0.477,27,13,c,0,1.17,198.14574,-29.96537,7019.56,4166.15,2.62,2.5,-83.1,-0.383,19.28,20.88,02a60466o0156c
60466.318841,-21.225,1.274,-12,15,c,0,0.94,198.14574,-29.96537,7079.23,4244.23,2.7,2.59,75.4,-0.38,19.24,20.87,02a60466o0164c
60466.328669,21.521,1.5,9,13,c,0,1.2,198.14574,-29.96537,7106.09,4131.75,2.66,2.49,-86.9,-0.379,19.25,20.85,02a60466o0185c
60469.089361,-20.934,2.5,-15,38,c,0,1.07,198.14574,-29.96537,4992.8,7991.97,2.4,1.83,-73.2,-0.419,17.87,19.53,04a60469o0323c
60469.092535,-18.738,1.194,-116,139,c,0,1.04,198.14574,-29.96537,5009.19,8028.29,2.58,1.89,-71.3,-0.408,16.8,18.43,04a60469o0330c
60469.098076,-21.741,7.462,-7,54,c,0,0.91,198.14574,-29.96537,4954.44,7947.22,2.39,1.86,-68.3,-0.43,18.02,19.69,04a60469o0342c
60469.109302,-18.855,1.066,-104,111,c,0,1.19,198.14574,-29.96537,4933.82,8057.79,2.45,1.8,-74.9,-0.411,16.89,18.53,04a60469o0366c
60470.146759,20.384,0.467,26,12,c,0,1.15,198.14574,-29.96537,3669.77,2172.45,2.57,2.39,43.5,-0.361,19.37,21.35,04a60470o0186c
60470.149966,-22.184,2.185,-5,11,c,0,1.28,198.14574,-29.96537,3688.22,2209.92,2.66,2.49,44.6,-0.354,19.33,21.34,04a60470o0193c
60470.155505,22.872,4.615,3,12,c,0,1.41,198.14574,-29.96537,3626.17,2131.82,2.82,2.61,46.0,-0.345,19.26,21.34,04a60470o0205c
60470.177046,-20.817,0.699,-17,12,c,0,1.49,198.14574,-29.96537,3595.39,2248.7,3.05,2.87,44.6,-0.329,19.17,21.23,04a60470o0252c
60474.84758,-21.298,1.021,-11,11,o,0,3.07,198.14574,-29.96537,5242.26,4363.5,2.16,1.95,-50.0,-0.426,19.24,20.42,03a60475o0266o
60474.851711,21.956,2.385,6,14,o,0,1.72,198.14574,-29.96537,5261.39,4403.71,2.16,1.95,-51.7,-0.426,19.22,20.38,03a60475o0275o
60474.857788,20.211,0.553,30,16,o,0,1.51,198.14574,-29.96537,5204.85,4326.52,2.11,1.92,-51.8,-0.435,19.22,20.37,03a60475o0288o
60474.868045,21.168,1.155,12,14,o,0,1.47,198.14574,-29.96537,5182.83,4443.13,2.1,1.92,-51.1,-0.438,19.23,20.29,03a60475o0310o
60475.827023,19.723,1.028,47,48,o,0,0.98,198.14574,-29.96537,1058.21,10126.1,3.0,2.63,-34.5,-0.419,18.72,19.62,03a60476o0196o
60475.829852,-19.239,0.538,-73,39,o,0,1.27,198.14574,-29.96537,1077.84,10165.76,2.82,2.44,-33.3,-0.442,18.77,19.6,03a60476o0202o
60475.83502,-18.945,0.391,-96,38,o,0,2.07,198.14574,-29.96537,1021.56,10088.12,3.01,2.58,-26.6,-0.435,18.71,19.6,03a60476o0213o
60475.845708,20.935,3.262,15,50,o,0,1.23,198.14574,-29.96537,1000.95,10207.39,3.12,2.75,-31.3,-0.423,18.66,19.58,03a60476o0235o
60475.847139,20.046,0.566,35,20,o,0,1.74,198.14574,-29.96537,4607.74,60.98,2.27,2.07,-45.0,-0.357,18.77,19.55,03a60476o0238o
60481.139081,20.748,2.16,18,39,o,0,1.0,198.14574,-29.96537,3068.62,8080.0,2.48,2.12,-58.5,-0.423,18.25,18.55,04a60481o0120o
60481.14272,-19.65,0.781,-50,39,o,0,1.01,198.14574,-29.96537,3087.03,8118.55,2.42,2.1,-59.2,-0.419,18.27,18.51,04a60481o0128o
60481.150048,-20.617,1.66,-21,34,o,0,1.07,198.14574,-29.96537,3026.02,8042.34,2.34,1.96,-70.4,-0.43,18.28,18.47,04a60481o0144o
60481.16764,-20.656,1.631,-20,32,o,0,1.58,198.14574,-29.96537,2996.34,8161.14,2.58,2.08,-69.8,-0.423,18.18,18.45,04a60481o0182o
60483.795319,-22.78,8.85,-3,25,o,0,1.54,198.14574,-29.96537,9133.58,4297.16,2.41,2.05,-52.5,-0.389,18.45,18.77,03a60484o0242o
60483.799567,26.096,211.0,0,28,o,0,1.34,198.14574,-29.96537,9150.3,4337.47,2.28,2.0,-53.9,-0.415,18.48,18.75,03a60484o0251o
60483.805605,-22.326,6.812,-4,29,o,0,1.05,198.14574,-29.96537,9093.93,4258.74,2.31,1.98,-53.9,-0.411,18.45,18.76,03a60484o0264o
60483.81658,-21.27,2.5,-11,28,o,0,1.3,198.14574,-29.96537,9070.67,4375.97,2.43,1.99,-54.4,-0.386,18.39,18.67,03a60484o0287o
60486.811449,-20.851,0.781,-17,13,o,0,1.6,198.14574,-29.96537,4862.81,9964.89,2.83,2.3,-31.7,-0.373,19.23,20.48,03a60487o0267o
60486.814629,21.536,1.745,9,15,o,0,1.63,198.14574,-29.96537,4882.01,10005.41,3.0,2.37,-29.2,-0.374,19.17,20.38,03a60487o0274o
60486.82017,-21.122,1.14,-13,15,o,0,1.79,198.14574,-29.96537,4825.54,9926.62,2.58,2.15,-36.8,-0.387,19.24,20.29,03a60487o0286o
60486.833109,22.771,5.941,3,17,o,0,1.54,198.14574,-29.96537,4805.83,10046.05,2.77,2.25,-32.9,-0.372,19.08,20.1,03a60487o0314o
60487.797479,22.223,1.818,5,8,c,0,1.23,198.14574,-29.96537,3427.42,6349.58,2.5,2.28,-48.3,-0.379,19.69,21.81,03a60488o0221c
60487.8012,-21.022,0.565,-14,8,c,0,1.89,198.14574,-29.96537,3447.09,6389.88,2.38,2.19,-47.4,-0.388,19.74,21.8,03a60488o0229c
60487.807264,-21.149,0.549,-13,7,c,0,1.53,198.14574,-29.96537,3390.93,6312.22,2.5,2.22,-44.1,-0.382,19.71,21.83,03a60488o0242c
60487.817325,-21.911,1.19,-6,7,c,0,2.03,198.14574,-29.96537,3368.13,6427.48,2.56,2.32,-46.8,-0.381,19.68,21.81,03a60488o0264c
60489.025497,-21.644,11.0,-8,88,o,0,1.5,198.14574,-29.96537,3570.47,6367.92,2.12,1.89,-61.9,-0.432,17.08,18.37,04a60489o0176o
60489.032953,-19.592,2.278,-53,120,o,0,2.01,198.14574,-29.96537,3590.46,6401.42,2.05,1.85,-45.3,-0.409,16.62,17.86,04a60489o0192o
60489.037214,18.612,1.444,130,188,o,0,0.72,198.14574,-29.96537,3532.64,6320.93,2.04,1.86,-52.1,-0.422,16.4,17.66,04a60489o0201o
60489.048368,20.132,3.704,32,119,o,0,1.42,198.14574,-29.96537,3511.45,6430.3,2.04,1.87,-52.1,-0.422,16.89,18.16,04a60489o0225o
60490.059967,22.307,4.769,4,21,o,0,1.91,198.14574,-29.96537,9191.55,10266.53,2.4,1.94,0.4,-0.521,19.22,20.4,04a60490o0158o
60490.061324,-22.839,7.818,-3,21,o,0,1.1,198.14574,-29.96537,2653.92,42.55,2.24,1.8,43.4,-0.446,19.31,20.48,04a60490o0161o
60490.063164,-20.109,0.473,-33,16,o,0,2.33,198.14574,-29.96537,9208.32,10304.59,2.3,1.95,0.6,-0.527,19.28,20.49,04a60490o0165o
60490.064522,21.098,1.625,13,22,o,0,1.35,198.14574,-29.96537,2673.28,79.66,2.12,1.77,43.0,-0.461,19.34,20.51,04a60490o0168o
60490.068635,21.003,1.293,14,19,o,0,1.35,198.14574,-29.96537,9146.7,10221.81,2.45,1.9,5.8,-0.5,19.28,20.47,04a60490o0177o
60490.080693,-19.974,0.567,-37,21,o,0,1.19,198.14574,-29.96537,9125.92,10336.33,2.28,1.86,1.4,-0.527,19.27,20.54,04a60490o0203o
60490.082045,-21.356,1.202,-10,12,o,0,2.46,198.14574,-29.96537,2590.4,112.75,2.21,1.79,43.8,-0.457,19.39,20.62,04a60490o0206o
60490.813994,-18.923,2.056,-98,201,c,0,1.43,198.14574,-29.96537,8932.09,10411.88,3.29,2.62,-40.8,-0.475,16.21,18.25,03a60491o0197c
60490.816943,19.064,2.812,86,242,c,0,1.26,198.14574,-29.96537,8949.37,10452.19,3.2,2.59,-38.4,-0.464,16.19,18.21,03a60491o0203c
60490.821259,17.111,0.636,520,331,c,0,1.28,198.14574,-29.96537,2664.12,45.24,2.64,2.51,-39.3,-0.394,15.97,18.02,03a60491o0212c
60490.822256,16.26,0.58,1138,660,c,0,0.83,198.14574,-29.96537,8892.58,10371.25,3.56,2.89,-29.5,-0.455,15.24,17.41,03a60491o0214c
60490.824174,18.361,2.133,164,351,c,0,1.41,198.14574,-29.96537,2684.71,84.89,2.63,2.49,-64.2,-0.398,15.8,17.84,03a60491o0218c
60490.832247,18.931,1.435,97,139,c,0,1.5,198.14574,-29.96537,8874.07,10488.8,3.5,2.83,-33.3,-0.444,16.48,18.58,03a60491o0235c
60490.843032,19.773,2.684,45,120,c,0,1.12,198.14574,-29.96537,2605.19,125.5,2.94,2.9,-69.0,-0.342,16.82,18.97,03a60491o0258c
60491.878782,-19.279,2.435,-70,172,c,0,1.02,198.14574,-29.96537,7788.8,2647.84,2.59,2.41,-47.5,-0.406,17.31,19.26,03a60492o0090c
60491.884034,19.317,5.706,68,388,c,0,1.21,198.14574,-29.96537,7734.08,2567.28,2.77,2.59,-48.6,-0.392,18.1,20.12,03a60492o0101c
60493.054418,20.27,0.498,28,14,o,0,1.8,198.14574,-29.96537,7832.83,2475.8,2.35,1.99,-28.0,-0.415,19.37,20.71,04a60493o0247o
60493.05759,19.734,0.284,46,13,o,0,1.56,198.14574,-29.96537,7850.94,2513.21,2.39,1.96,-28.7,-0.413,19.39,20.67,04a60493o0254o
60493.063157,19.782,0.291,44,13,o,0,1.56,198.14574,-29.96537,7792.75,2433.05,2.32,1.99,-27.8,-0.411,19.35,20.67,04a60493o0266o
60493.074273,19.764,0.305,45,14,o,0,1.16,198.14574,-29.96537,7768.32,2545.85,2.36,1.98,-25.3,-0.413,19.38,20.72,04a60493o0290o
60494.035483,20.775,0.804,18,14,o,0,1.14,198.14574,-29.96537,1376.39,6002.08,2.29,1.97,86.8,-0.395,19.28,20.55,04a60494o0206o
60494.038722,20.614,0.729,21,15,o,0,0.89,198.14574,-29.96537,1393.09,6038.38,2.27,1.96,85.4,-0.395,19.27,20.55,04a60494o0213o
60494.044372,20.715,0.609,19,11,o,0,1.87,198.14574,-29.96537,1334.87,5959.27,2.31,2.0,82.4,-0.39,19.29,20.55,04a60494o0225o
60494.055588,19.732,0.343,46,16,o,0,0.83,198.14574,-29.96537,1314.42,6069.37,2.22,1.9,87.5,-0.394,19.35,20.57,04a60494o0249o
60497.059003,19.812,1.04,43,45,o,0,1.01,198.14574,-29.96537,1276.49,4052.36,2.29,2.02,56.8,-0.388,17.95,19.18,04a60497o0255o
60497.062269,19.645,0.508,50,26,o,0,1.37,198.14574,-29.96537,1296.64,4089.65,2.27,1.98,62.7,-0.39,17.98,19.27,04a60497o0262o
60497.067987,19.268,0.27,71,19,o,0,2.03,198.14574,-29.96537,1234.01,4011.86,2.21,1.97,57.3,-0.405,18.1,19.45,04a60497o0274o
60497.079523,18.845,0.305,105,32,o,0,0.95,198.14574,-29.96537,1210.41,4124.79,2.25,1.91,57.4,-0.391,17.83,19.1,04a60497o0299o
60498.02722,19.679,0.286,49,14,o,0,1.58,198.14574,-29.96537,6898.34,7891.41,2.01,1.84,-25.3,-0.429,19.44,20.86,04a60498o0185o
60498.030861,19.194,0.15,76,12,o,0,2.41,198.14574,-29.96537,6918.13,7928.36,2.03,1.83,-40.6,-0.423,19.47,20.82,04a60498o0193o
60498.036346,19.395,0.125,63,8,o,0,5.27,198.14574,-29.96537,6859.06,7848.03,1.98,1.81,-28.3,-0.433,19.48,20.82,04a60498o0205o
60498.049282,19.21,0.169,75,13,o,0,1.73,198.14574,-29.96537,6838.1,7958.31,1.97,1.79,-36.1,-0.431,19.52,20.92,04a60498o0233o
60501.045068,19.844,0.265,42,11,o,0,2.08,198.14574,-29.96537,5638.75,2073.79,2.01,1.91,-29.1,-0.44,19.39,20.82,04a60501o0222o
60501.048285,19.256,0.112,72,8,o,0,3.94,198.14574,-29.96537,5658.02,2110.97,2.0,1.91,-25.5,-0.438,19.37,20.84,04a60501o0229o
60501.058413,19.296,0.175,69,12,o,0,1.46,198.14574,-29.96537,5595.2,2030.17,2.06,1.99,-33.2,-0.438,19.43,20.93,04a60501o0251o
60501.064886,19.252,0.164,72,12,o,0,1.65,198.14574,-29.96537,5571.64,2146.38,2.09,2.0,-25.7,-0.442,19.41,20.96,04a60501o0265o
60505.027975,19.167,0.305,78,24,o,0,1.55,198.14574,-29.96537,9812.28,2403.67,2.83,2.21,-24.3,-0.368,18.84,19.67,04a60505o0175o
60505.032073,19.456,0.387,60,23,o,0,1.24,198.14574,-29.96537,9830.98,2442.01,2.75,2.26,-26.6,-0.379,18.77,19.42,04a60505o0184o
60505.037535,19.74,0.399,46,18,o,0,1.6,198.14574,-29.96537,9769.22,2360.38,2.77,2.2,-27.1,-0.376,18.86,19.67,04a60505o0196o
60505.048898,18.711,0.217,119,26,o,0,1.01,198.14574,-29.96537,9742.72,2473.89,2.98,2.14,-21.8,-0.375,18.74,19.37,04a60505o0221o
60506.085843,19.183,0.402,77,31,o,0,1.24,198.14574,-29.96537,9321.52,6075.32,2.54,2.02,-10.9,-0.411,18.52,19.07,04a60506o0288o
60506.089011,18.591,0.243,133,32,o,0,1.23,198.14574,-29.96537,9340.71,6115.55,2.4,2.14,-15.5,-0.424,18.45,18.85,04a60506o0295o
60506.099076,18.712,0.312,119,37,o,0,1.21,198.14574,-29.96537,9275.12,6038.72,2.58,2.21,-17.0,-0.409,18.37,18.82,04a60506o0316o
60506.104802,18.841,0.359,106,38,o,0,0.89,198.14574,-29.96537,9252.0,6156.46,2.6,2.25,-11.0,-0.411,18.35,18.78,04a60506o0327o
60509.048392,20.122,1.005,32,33,o,0,0.81,198.14574,-29.96537,3193.43,10027.38,2.35,1.79,-75.7,-0.484,18.68,19.09,04a60509o0217o
60509.051691,19.16,0.392,79,31,o,0,1.1,198.14574,-29.96537,3209.8,10065.94,2.39,1.76,-74.7,-0.492,18.69,19.11,04a60509o0224o
60509.066039,19.469,0.43,59,26,o,0,1.4,198.14574,-29.96537,3149.21,9987.81,2.5,1.89,-73.8,-0.472,18.57,19.02,04a60509o0255o
60509.071653,19.69,0.72,48,35,o,0,0.98,198.14574,-29.96537,3125.12,10105.68,2.6,1.94,-74.1,-0.473,18.58,19.02,04a60509o0267o
60510.070867,18.488,0.251,146,37,o,0,1.02,198.14574,-29.96537,6974.6,9823.14,2.66,2.28,-67.1,-0.404,18.48,19.04,04a60510o0266o
60510.073679,18.7,0.25,120,30,o,0,1.49,198.14574,-29.96537,6990.5,9862.73,2.95,2.38,-75.6,-0.359,18.39,19.02,04a60510o0272o
60510.080193,18.894,0.357,100,36,o,0,1.25,198.14574,-29.96537,6930.37,9784.58,3.02,2.48,-76.5,-0.333,18.38,18.95,04a60510o0286o
60510.101538,18.707,0.296,120,35,o,0,1.27,198.14574,-29.96537,6897.22,9908.13,2.56,2.24,-67.5,-0.397,18.41,18.84,04a60510o0332o
60513.026059,19.644,0.604,50,30,o,0,1.07,198.14574,-29.96537,7278.54,4208.19,2.68,2.39,-27.7,-0.364,18.39,19.17,04a60513o0173o
60513.029708,20.306,1.156,27,32,o,0,1.03,198.14574,-29.96537,7297.27,4246.53,2.59,2.33,-31.7,-0.375,18.44,19.15,04a60513o0181o
60513.043065,20.03,0.921,35,32,o,0,0.98,198.14574,-29.96537,7232.09,4166.72,2.77,2.45,-22.2,-0.356,18.27,19.07,04a60513o0210o
60513.048549,18.518,0.196,142,28,o,0,1.14,198.14574,-29.96537,7211.72,4282.67,2.55,2.35,-35.5,-0.382,18.36,19.04,04a60513o0222o
60514.032179,19.532,0.573,56,32,o,0,1.03,198.14574,-29.96537,8999.79,8297.85,3.38,3.13,-51.2,-0.334,18.36,19.43,04a60514o0184o
60514.035383,19.747,0.646,46,30,o,0,1.06,198.14574,-29.96537,9018.01,8336.9,3.36,3.13,-54.4,-0.343,18.38,19.42,04a60514o0191o
60514.04185,-20.323,1.016,-27,27,o,0,0.87,198.14574,-29.96537,8957.11,8257.76,2.86,2.64,-57.2,-0.39,18.51,19.37,04a60514o0205o
60514.059728,-21.566,3.92,-9,34,o,0,1.55,198.14574,-29.96537,8927.76,8374.94,3.71,3.42,-53.4,-0.339,18.17,19.23,04a60514o0244o
60515.758124,19.407,0.259,63,16,o,0,1.36,198.14574,-29.96537,3276.47,4404.89,2.87,2.51,-61.2,-0.396,19.02,20.5,03a60516o0143o
60515.76135,19.499,0.286,58,16,o,0,1.2,198.14574,-29.96537,3295.35,4444.16,2.81,2.53,-53.4,-0.416,19.02,20.48,03a60516o0150o
60515.767832,19.387,0.226,64,14,o,0,1.29,198.14574,-29.96537,3240.35,4367.31,2.74,2.51,-57.9,-0.4,19.04,20.49,03a60516o0164o
60515.777892,19.613,0.269,52,14,o,0,1.6,198.14574,-29.96537,3219.7,4482.39,2.77,2.44,-60.8,-0.397,19.02,20.43,03a60516o0186o
60517.002172,19.632,0.195,51,10,c,0,2.22,198.14574,-29.96537,3390.3,4408.81,2.24,2.12,80.8,-0.364,19.43,21.22,04a60517o0114c
60517.005902,20.033,0.309,35,11,c,0,1.15,198.14574,-29.96537,3409.36,4445.72,2.26,2.17,82.7,-0.369,19.43,21.26,04a60517o0122c
60517.015776,19.79,0.221,44,10,c,0,1.45,198.14574,-29.96537,3349.27,4367.29,2.49,2.39,74.9,-0.352,19.33,21.24,04a60517o0143c
60517.022242,19.63,0.19,51,10,c,0,1.63,198.14574,-29.96537,3327.26,4481.95,2.47,2.39,76.8,-0.348,19.33,21.23,04a60517o0157c
60517.997974,19.802,0.217,44,10,c,0,1.84,198.14574,-29.96537,4986.03,7973.76,2.55,1.95,-74.5,-0.398,19.45,21.19,04a60518o0105c
60518.001158,19.234,0.125,74,9,c,0,1.81,198.14574,-29.96537,5002.88,8011.1,2.54,1.91,-73.5,-0.397,19.5,21.21,04a60518o0112c
60518.00751,19.397,0.165,63,10,c,0,1.19,198.14574,-29.96537,4946.01,7932.54,2.51,1.87,-75.3,-0.403,19.52,21.22,04a60518o0126c
60518.020428,20.339,0.33,27,9,c,0,2.3,198.14574,-29.96537,4920.19,8045.63,2.57,1.98,-75.0,-0.394,19.48,21.14,04a60518o0154c
60521.013169,20.002,0.295,36,11,c,0,1.49,198.14574,-29.96537,3659.08,2173.12,2.21,2.03,36.1,-0.399,19.47,21.25,04a60521o0132c
60521.016375,19.597,0.183,53,10,c,0,1.45,198.14574,-29.96537,3677.19,2210.98,2.21,2.01,32.9,-0.402,19.54,21.27,04a60521o0139c
60521.02523,19.532,0.162,56,9,c,0,1.98,198.14574,-29.96537,3614.03,2133.17,2.22,2.0,37.3,-0.398,19.48,21.3,04a60521o0158c
60521.036294,19.857,0.22,41,9,c,0,2.05,198.14574,-29.96537,3590.42,2250.21,2.27,2.05,31.1,-0.392,19.5,21.27,04a60521o0182c
60522.737974,20.133,0.508,32,16,o,0,1.22,198.14574,-29.96537,1630.26,2254.59,2.68,2.4,-74.7,-0.406,19.18,20.62,03a60523o0094o
60522.741236,19.947,0.376,38,14,o,0,1.49,198.14574,-29.96537,1650.11,2294.13,2.71,2.39,-69.5,-0.402,19.22,20.67,03a60523o0101o
60522.748653,20.446,0.525,24,13,o,0,1.77,198.14574,-29.96537,1591.41,2217.02,2.57,2.32,-68.3,-0.418,19.26,20.62,03a60523o0115o
60522.760204,20.185,0.506,31,16,o,0,1.35,198.14574,-29.96537,1572.76,2334.04,2.74,2.4,-72.1,-0.405,19.19,20.65,03a60523o0140o
60523.737115,19.639,0.311,51,16,o,0,1.85,198.14574,-29.96537,5214.72,4341.89,2.4,2.19,-50.8,-0.434,19.11,20.41,03a60524o0091o
60523.740329,19.794,0.35,44,15,o,0,1.58,198.14574,-29.96537,5234.24,4381.01,2.57,2.35,-51.4,-0.41,19.04,20.42,03a60524o0098o
60523.746432,19.591,0.326,53,17,o,0,1.43,198.14574,-29.96537,5178.0,4303.59,2.5,2.26,-54.7,-0.421,19.07,20.41,03a60524o0111o
60523.757078,19.69,0.336,48,16,o,0,1.4,198.14574,-29.96537,5156.09,4419.34,2.49,2.24,-52.0,-0.416,19.08,20.4,03a60524o0134o
60527.741188,20.043,0.381,35,13,o,0,1.99,198.14574,-29.96537,7239.85,6234.5,2.63,2.27,-49.2,-0.417,19.15,20.54,03a60528o0051o
60527.746338,19.625,0.288,51,15,o,0,1.25,198.14574,-29.96537,7259.46,6275.2,2.74,2.36,-48.1,-0.404,19.09,20.52,03a60528o0062o
60527.749538,20.108,0.361,33,12,o,0,2.92,198.14574,-29.96537,7204.81,6197.42,2.65,2.26,-50.9,-0.412,19.11,20.5,03a60528o0069o
60527.760568,19.347,0.277,66,18,o,0,1.15,198.14574,-29.96537,7182.74,6313.62,2.85,2.67,-49.6,-0.411,18.98,20.49,03a60528o0093o
60534.720123,19.574,1.351,54,73,o,0,0.8,198.14574,-29.96537,9101.07,4278.17,2.58,2.06,-62.8,-0.379,17.62,17.86,03a60535o0045o
60534.724225,-19.174,0.748,-78,58,o,0,1.02,198.14574,-29.96537,9118.68,4318.48,2.59,2.22,-56.6,-0.385,17.73,18.06,03a60535o0054o
60534.7301,20.827,4.206,17,71,o,0,0.7,198.14574,-29.96537,9063.69,4237.87,2.61,2.09,-60.9,-0.373,17.56,17.85,03a60535o0067o
60534.740658,-19.254,1.684,-72,122,o,0,1.3,198.14574,-29.96537,9040.09,4353.5,2.67,2.14,-60.2,-0.368,16.84,17.02,03a60535o0090o
60536.973528,19.55,0.482,55,26,o,0,1.42,198.14574,-29.96537,5086.59,9910.62,2.65,2.04,-72.0,-0.446,18.64,19.34,04a60537o0027o
60536.979081,19.714,0.628,47,30,o,0,0.86,198.14574,-29.96537,5106.16,9950.52,2.36,2.04,-58.6,-0.39,18.75,19.46,04a60537o0039o
60536.982256,19.342,0.385,67,26,o,0,1.11,198.14574,-29.96537,5046.39,9871.28,2.42,2.05,-67.5,-0.398,18.71,19.48,04a60537o0046o
60536.992892,19.219,0.364,74,27,o,0,1.04,198.14574,-29.96537,5024.28,9989.13,2.24,1.89,-64.3,-0.406,18.77,19.45,04a60537o0069o
60538.721705,21.0,1.436,14,21,o,0,2.03,198.14574,-29.96537,3392.1,6330.42,2.71,2.46,-46.2,-0.371,18.48,19.13,03a60539o0045o
60538.725321,-20.701,1.293,-19,25,o,0,1.47,198.14574,-29.96537,3410.79,6370.23,2.71,2.55,-34.0,-0.37,18.52,19.21,03a60539o0053o
60538.732537,25.027,59.5,0,21,o,0,1.8,198.14574,-29.96537,3357.7,6291.88,2.67,2.39,-46.5,-0.361,18.55,19.25,03a60539o0069o
60538.742532,21.331,2.455,11,26,o,0,1.22,198.14574,-29.96537,3335.95,6407.92,2.82,2.48,-45.6,-0.358,18.48,19.22,03a60539o0091o
60539.720242,19.993,3.73,36,136,o,0,1.26,198.14574,-29.96537,8902.53,10384.51,3.29,2.46,-44.8,-0.499,17.82,18.44,03a60540o0041o
60539.723426,-20.551,1.932,-22,42,o,0,1.99,198.14574,-29.96537,8920.33,10425.79,3.47,2.64,-41.4,-0.447,18.18,18.85,03a60540o0048o
60539.725239,20.84,2.73,17,46,o,0,1.09,198.14574,-29.96537,2649.4,60.68,2.72,2.5,-66.2,-0.357,18.03,18.52,03a60540o0052o
60539.728863,-18.722,0.539,-118,64,o,0,1.44,198.14574,-29.96537,8863.77,10343.24,3.39,2.52,-44.9,-0.462,18.05,18.58,03a60540o0060o
60539.740347,18.307,0.234,173,40,o,0,1.57,198.14574,-29.96537,8845.89,10458.96,3.53,2.61,-38.6,-0.48,18.42,19.15,03a60540o0085o
60539.741248,22.08,6.889,5,37,o,0,1.48,198.14574,-29.96537,8846.09,10458.7,3.55,2.66,-42.3,-0.471,18.43,19.17,03a60540o0087o
60539.743501,19.82,0.658,43,28,o,0,1.2,198.14574,-29.96537,2571.09,100.01,2.73,2.44,-71.6,-0.362,18.47,19.19,03a60540o0092o
60544.977427,20.487,0.739,23,17,o,0,1.34,198.14574,-29.96537,1358.07,5981.15,2.44,2.12,88.3,-0.378,18.84,19.83,04a60545o0041o
60544.981054,20.621,0.74,20,15,o,0,1.48,198.14574,-29.96537,1374.69,6020.33,2.54,2.3,89.9,-0.365,18.9,20.09,04a60545o0049o
60544.986481,21.281,1.303,11,14,o,0,1.39,198.14574,-29.96537,1312.72,5943.87,2.43,2.09,84.0,-0.374,19.05,20.17,04a60545o0061o
60544.99744,-21.479,3.382,-9,32,o,0,1.0,198.14574,-29.96537,1288.85,6063.1,2.44,2.18,81.4,-0.372,18.32,19.41,04a60545o0085o
60549.974141,14.96,2.03,3768,7649,o,0,1.28,198.14574,-29.96537,5606.51,2068.65,2.37,2.2,-22.4,-0.406,12.53,13.11,04a60550o0030o
60549.977297,16.728,3.561,739,2632,o,0,1.03,198.14574,-29.96537,5624.54,2108.51,2.52,2.34,-19.9,-0.386,13.61,14.49,04a60550o0037o
60549.984512,15.904,0.57,1579,900,o,0,1.14,198.14574,-29.96537,5558.29,2031.26,2.36,2.23,-11.5,-0.395,14.73,15.85,04a60550o0053o
