MJD,m,dm,uJy,duJy,F,err,chi/N,RA,Dec,x,y,maj,min,phi,apfit,mag5sig,Sky,Obs
60267.627243,-21.53,2.18,-9,19,c,0,0.92,194.59407,27.96615,3065.25,3865.97,2.66,2.49,33.1,-0.401,19.05,20.32,02a60267o0921c
60267.632514,-20.351,0.707,-26,19,c,0,1.35,194.59407,27.96615,3084.65,3905.29,2.87,2.78,23.1,-0.4,18.92,20.32,02a60267o0932c
60281.612723,20.639,0.856,20,17,o,0,1.9,194.59407,27.96615,1677.01,7528.16,2.32,2.03,33.3,-0.422,19.03,19.82,02a60281o0900o
60281.615905,-21.576,1.897,-8,16,o,0,2.14,194.59407,27.96615,1698.5,7566.79,2.26,2.03,28.1,-0.424,19.05,19.83,02a60281o0907o
60281.637035,21.469,1.522,9,14,o,0,1.42,194.59407,27.96615,1643.05,7488.11,2.1,1.85,23.2,-0.432,19.19,19.93,02a60281o0952o
60281.647973,21.134,1.208,13,15,o,0,1.02,194.59407,27.96615,1627.37,7604.07,1.95,1.84,23.7,-0.45,19.22,19.94,02a60281o0975o
60283.620907,-19.73,0.357,-47,17,o,0,1.75,194.59407,27.96615,9842.54,7606.32,2.47,2.37,-52.2,-0.437,19.09,19.95,02a60283o0915o
60283.625997,-21.282,1.667,-11,19,o,0,2.73,194.59407,27.96615,9863.86,7648.86,2.39,2.19,-55.2,-0.449,19.15,19.97,02a60283o0926o
60283.630197,-24.069,19.833,-1,17,o,0,2.43,194.59407,27.96615,9804.58,7570.9,2.34,2.22,-55.1,-0.454,19.15,20.0,02a60283o0935o
60283.642222,-23.271,8.083,-2,14,o,0,2.06,194.59407,27.96615,9787.52,7688.44,2.41,2.32,-57.3,-0.445,19.14,20.04,02a60283o0960o
60285.601539,20.322,0.518,27,14,o,0,3.54,194.59407,27.96615,8844.16,3548.49,2.25,1.91,-63.6,-0.453,19.21,19.99,02a60285o0871o
60285.617107,19.565,0.509,54,28,o,0,1.72,194.59407,27.96615,9909.94,8969.9,2.6,2.35,-57.1,-0.475,18.64,19.85,01a60285o0888o
60285.619637,20.703,0.831,19,16,o,0,2.65,194.59407,27.96615,8858.7,3586.15,2.3,1.95,-58.4,-0.443,19.23,20.08,02a60285o0904o
60285.622803,20.574,0.805,21,17,o,0,1.38,194.59407,27.96615,8799.61,3509.09,2.29,1.97,-57.1,-0.441,19.21,20.09,02a60285o0911o
60285.624394,19.1,0.413,83,34,o,0,2.15,194.59407,27.96615,9911.67,8922.64,2.7,2.55,-73.9,-0.465,17.95,19.64,01a60285o0903o
60285.627912,-20.81,1.743,-17,30,o,0,1.97,194.59407,27.96615,9989.13,8998.63,2.53,2.32,-74.0,-0.486,18.22,19.74,01a60285o0910o
60285.634479,-21.334,1.5,-11,16,o,0,1.42,194.59407,27.96615,8780.28,3628.1,2.16,1.93,-61.3,-0.438,19.27,20.11,02a60285o0936o
60285.650446,-20.592,0.689,-21,14,o,0,1.88,194.59407,27.96615,10065.16,8844.34,2.79,2.32,-55.8,-0.473,19.26,20.12,01a60285o0956o
60286.634233,-23.794,12.714,-1,14,o,0,2.48,194.59407,27.96615,2404.11,1815.34,2.76,2.7,18.0,-0.448,19.34,20.66,01a60286o0261o
60286.647681,20.233,0.438,29,13,o,0,4.2,194.59407,27.96615,2415.13,1751.53,3.37,3.33,6.7,-0.414,19.15,20.71,01a60286o0289o
60286.658285,-22.127,2.439,-5,12,o,0,4.76,194.59407,27.96615,2497.02,1802.95,2.44,2.43,75.4,-0.453,19.33,20.29,01a60286o0311o
60286.662348,-19.663,0.857,-50,42,o,0,1.4,194.59407,27.96615,2527.2,1678.02,2.82,2.62,71.5,-0.426,18.21,18.67,01a60286o0319o
60290.619253,22.313,2.542,4,11,c,0,1.94,194.59407,27.96615,7873.69,9679.29,2.7,2.62,-46.1,-0.411,19.57,21.32,02a60290o0882c
60290.629025,-23.076,5.083,-2,11,c,0,2.16,194.59407,27.96615,7892.59,9717.69,2.73,2.56,-45.7,-0.426,19.54,21.33,02a60290o0898c
60290.633011,21.466,1.412,9,13,c,0,1.23,194.59407,27.96615,7834.39,9640.42,2.76,2.66,-47.9,-0.41,19.53,21.33,02a60290o0905c
60290.645292,-22.253,2.346,-5,11,c,0,2.41,194.59407,27.96615,7819.45,9758.97,2.66,2.66,-23.1,-0.405,19.59,21.42,02a60290o0929c
60291.660113,-20.935,1.198,-15,18,o,0,1.95,194.59407,27.96615,6930.25,3927.18,2.48,2.34,46.6,-0.425,18.87,19.37,01a60291o0859o
60291.663717,21.718,5.304,8,40,o,0,1.18,194.59407,27.96615,6905.9,3889.34,2.6,2.53,45.9,-0.439,18.21,18.26,01a60291o0865o
60293.596796,-21.031,0.829,-14,12,c,0,1.29,194.59407,27.96615,8246.6,1909.38,2.88,2.72,-57.0,-0.402,19.36,21.13,02a60293o0850c
60293.610391,21.128,0.905,13,12,c,0,2.07,194.59407,27.96615,8260.14,1946.78,2.7,2.55,-66.4,-0.405,19.46,21.25,02a60293o0877c
60293.614516,-22.635,3.95,-3,13,c,0,1.86,194.59407,27.96615,8203.21,1868.86,2.63,2.41,-63.3,-0.404,19.48,21.26,02a60293o0886c
60293.625243,21.134,0.766,13,10,c,0,1.51,194.59407,27.96615,8189.7,1986.38,2.7,2.43,-60.6,-0.412,19.5,21.28,02a60293o0908c
60295.581468,0.0,21.095,0,13,o,0,2.57,194.59407,27.96615,8648.6,4710.79,2.56,2.43,-57.6,-0.456,19.39,20.57,01a60295o0819o
60295.584703,20.991,0.914,15,13,o,0,2.76,194.59407,27.96615,8628.05,4670.75,2.54,2.46,-53.4,-0.439,19.37,20.56,01a60295o0826o
60295.590764,21.1,1.054,13,14,o,0,1.77,194.59407,27.96615,8686.84,4746.84,2.58,2.45,-66.9,-0.445,19.36,20.57,01a60295o0837o
60295.601345,22.995,5.667,2,13,o,0,3.58,194.59407,27.96615,8707.17,4630.95,2.7,2.63,-79.8,-0.45,19.34,20.65,01a60295o0859o
60302.542042,21.392,2.309,10,23,o,0,1.21,194.59407,27.96615,5048.08,5711.72,2.54,2.13,30.4,-0.43,18.65,19.2,02a60302o0744o
60302.545235,20.819,1.55,17,26,o,0,0.92,194.59407,27.96615,5064.73,5750.44,2.64,2.12,27.3,-0.427,18.66,19.26,02a60302o0751o
60302.552571,23.567,16.333,1,22,o,0,1.75,194.59407,27.96615,5005.02,5673.7,2.69,2.07,29.6,-0.423,18.75,19.33,02a60302o0767o
60302.559528,-20.551,0.964,-22,21,o,0,1.75,194.59407,27.96615,4982.59,5788.02,2.74,2.17,24.7,-0.42,18.73,19.4,02a60302o0782o
60305.577003,19.968,0.555,37,21,o,0,2.3,194.59407,27.96615,10168.33,1764.99,2.37,1.65,-58.7,-0.491,18.85,19.14,02a60305o0835o
60305.578813,19.994,0.623,36,23,o,0,1.24,194.59407,27.96615,10189.16,1803.74,2.35,1.79,-58.7,-0.462,18.81,19.15,02a60305o0839o
60305.583839,-20.123,0.703,-32,23,o,0,1.43,194.59407,27.96615,10130.4,1727.26,2.21,1.73,-56.4,-0.472,18.82,19.17,02a60305o0850o
60305.586203,-21.963,4.209,-6,25,o,0,0.63,194.59407,27.96615,338.16,1760.5,1.82,1.78,41.1,-0.473,18.87,19.14,02a60305o0855o
60305.589365,-19.79,0.468,-44,21,o,0,1.06,194.59407,27.96615,355.57,1799.28,1.86,1.8,32.9,-0.461,18.86,19.16,02a60305o0862o
60305.595995,-25.219,77.667,0,23,o,0,0.87,194.59407,27.96615,299.97,1719.44,1.92,1.91,-71.2,-0.465,18.77,19.19,02a60305o0876o
60305.602079,19.718,0.421,47,20,o,0,1.61,194.59407,27.96615,10117.49,1845.76,2.19,1.9,-54.8,-0.45,18.86,19.25,02a60305o0889o
60305.606816,-20.176,0.668,-31,21,o,0,1.2,194.59407,27.96615,281.95,1837.87,1.95,1.87,37.2,-0.448,18.87,19.23,02a60305o0899o
60306.565127,-20.136,0.858,-32,28,o,0,0.78,194.59407,27.96615,8914.17,5486.7,2.21,2.1,26.1,-0.452,18.84,19.31,02a60306o0813o
60306.568772,20.369,0.833,26,22,o,0,1.51,194.59407,27.96615,8934.7,5525.84,2.14,2.08,32.7,-0.443,18.89,19.34,02a60306o0821o
60306.582684,-22.198,4.767,-5,23,o,0,0.83,194.59407,27.96615,8875.93,5451.08,2.09,2.0,40.4,-0.44,18.93,19.39,02a60306o0851o
60306.591944,20.62,1.125,20,23,o,0,0.8,194.59407,27.96615,8860.36,5566.92,2.23,2.08,35.5,-0.428,18.94,19.46,02a60306o0869o
60308.577113,21.605,2.221,8,18,o,0,4.47,194.59407,27.96615,7876.22,598.94,2.25,2.21,-66.3,-0.486,19.05,19.64,01a60308o0622o
60308.580348,-21.531,1.789,-9,16,o,0,4.97,194.59407,27.96615,7856.8,557.96,2.37,2.3,65.6,-0.46,18.98,19.66,01a60308o0629o
60308.585452,-20.156,0.566,-31,18,o,0,2.09,194.59407,27.96615,7914.92,637.57,2.43,2.4,80.5,-0.454,18.97,19.69,01a60308o0640o
60308.596541,20.213,0.657,30,20,o,0,1.9,194.59407,27.96615,7936.1,517.77,2.48,2.44,-73.4,-0.458,18.98,19.75,01a60308o0661o
60310.588265,22.455,5.333,4,20,o,0,0.82,194.59407,27.96615,5688.87,9302.04,2.1,2.0,39.0,-0.449,19.1,19.65,02a60310o0839o
60310.59208,20.547,0.909,22,20,o,0,1.09,194.59407,27.96615,5712.29,9341.21,2.29,2.06,41.2,-0.438,19.01,19.67,02a60310o0846o
60310.595255,-21.439,1.772,-10,17,o,0,1.37,194.59407,27.96615,5653.22,9262.54,2.26,2.04,40.7,-0.433,19.03,19.66,02a60310o0853o
60310.613899,20.733,0.861,18,16,o,0,1.47,194.59407,27.96615,5641.13,9381.65,2.19,2.01,38.6,-0.439,19.07,19.71,02a60310o0889o
60311.546464,20.587,0.878,21,19,o,0,1.48,194.59407,27.96615,3904.68,770.81,2.68,2.55,46.7,-0.444,18.9,19.61,01a60311o0632o
60311.549236,19.885,0.468,40,19,o,0,1.81,194.59407,27.96615,3883.42,731.45,2.68,2.51,44.8,-0.429,18.93,19.65,01a60311o0638o
60311.554794,-24.825,43.0,0,18,o,0,2.17,194.59407,27.96615,3941.38,811.36,2.71,2.5,45.4,-0.432,18.93,19.64,01a60311o0650o
60311.569107,20.387,0.72,25,18,o,0,1.83,194.59407,27.96615,3961.49,694.51,2.61,2.45,46.8,-0.439,18.98,19.68,01a60311o0677o
60312.579407,20.685,0.885,19,17,o,0,2.84,194.59407,27.96615,2658.91,6409.9,3.22,3.0,57.3,-0.419,19.05,20.19,01a60312o0803o
60312.582178,-20.825,0.949,-17,16,o,0,1.57,194.59407,27.96615,2638.77,6371.69,3.06,2.83,49.9,-0.447,19.13,20.21,01a60312o0809o
60312.588864,-20.551,0.642,-22,14,o,0,1.88,194.59407,27.96615,2699.36,6448.3,2.93,2.68,50.3,-0.463,19.18,20.25,01a60312o0822o
60312.602177,20.156,0.55,32,17,o,0,1.72,194.59407,27.96615,2719.67,6333.42,3.25,2.92,50.4,-0.424,19.09,20.24,01a60312o0849o
60313.570435,-22.695,19.636,-3,60,o,0,1.3,194.59407,27.96615,6916.88,3673.62,2.25,1.97,34.9,-0.425,17.61,17.89,02a60313o0811o
60313.572245,-25.424,272.0,0,67,o,0,0.78,194.59407,27.96615,6937.52,3711.77,2.22,1.98,37.6,-0.42,17.75,18.0,02a60313o0815o
60313.577233,24.278,75.667,1,53,o,0,1.17,194.59407,27.96615,6879.22,3635.61,2.23,1.98,40.2,-0.424,17.82,18.1,02a60313o0826o
60313.583171,-18.49,1.03,-146,150,o,0,1.06,194.59407,27.96615,6860.38,3751.23,2.28,1.93,36.3,-0.462,16.17,16.7,02a60313o0839o
60314.584334,-22.925,6.0,-2,15,o,0,1.51,194.59407,27.96615,7549.8,7929.81,2.32,2.09,43.0,-0.433,19.46,20.6,02a60314o0802o
60314.586144,20.017,0.473,36,17,o,0,1.16,194.59407,27.96615,7571.0,7969.0,2.32,2.11,40.3,-0.437,19.28,20.47,02a60314o0806o
60314.591573,20.992,0.957,15,14,o,0,0.99,194.59407,27.96615,7512.36,7892.33,2.29,2.08,41.3,-0.438,19.49,20.61,02a60314o0818o
60314.601777,20.578,0.696,21,15,o,0,1.97,194.59407,27.96615,7498.15,8011.69,2.33,2.18,46.4,-0.437,19.43,20.69,02a60314o0839o
60315.574675,20.781,0.667,18,12,o,0,1.95,194.59407,27.96615,3485.3,2784.62,2.75,2.53,53.2,-0.412,19.25,20.63,01a60315o0636o
60315.576526,21.066,1.113,14,15,o,0,1.59,194.59407,27.96615,3464.33,2746.38,2.78,2.56,52.7,-0.413,19.26,20.59,01a60315o0640o
60315.581676,21.832,1.592,7,11,o,0,2.8,194.59407,27.96615,3523.73,2825.42,2.69,2.46,50.7,-0.411,19.57,21.02,01a60315o0651o
60315.591844,21.577,1.34,8,11,o,0,2.55,194.59407,27.96615,3546.55,2711.11,3.01,2.71,42.4,-0.402,19.45,21.02,01a60315o0673o
60316.579372,20.094,0.348,33,12,o,0,3.23,194.59407,27.96615,8244.92,6687.49,2.61,2.48,50.4,-0.413,19.58,20.93,01a60316o0782o
60316.582145,23.74,8.875,1,10,o,0,3.6,194.59407,27.96615,8226.9,6647.73,2.8,2.62,45.1,-0.391,19.51,20.98,01a60316o0788o
60316.586303,22.617,3.0,3,10,o,0,4.63,194.59407,27.96615,8287.4,6726.96,2.75,2.64,49.5,-0.397,19.51,20.97,01a60316o0797o
60316.592594,21.579,1.237,8,10,o,0,4.86,194.59407,27.96615,8305.58,6610.4,2.77,2.58,47.8,-0.402,19.51,20.98,01a60316o0808o
60320.587627,-23.25,7.5,-2,14,o,0,2.06,194.59407,27.96615,6704.17,8733.93,3.2,2.93,47.2,-0.383,19.3,20.76,01a60320o0762o
60320.589939,-24.247,17.0,-1,12,o,0,2.4,194.59407,27.96615,6682.37,8694.54,3.15,2.86,46.9,-0.43,19.34,20.77,01a60320o0767o
60320.592708,21.046,0.956,14,13,o,0,2.44,194.59407,27.96615,6741.41,8772.87,3.39,3.13,46.7,-0.377,19.27,20.81,01a60320o0773o
60320.598706,-22.034,2.133,-6,12,o,0,2.03,194.59407,27.96615,6757.4,8657.47,3.19,2.91,48.9,-0.43,19.39,20.85,01a60320o0786o
60323.576096,-21.295,0.88,-11,10,o,0,6.62,194.59407,27.96615,8623.62,8669.22,2.58,2.46,58.3,-0.449,19.63,21.11,01a60323o0789o
60323.586273,20.672,0.454,20,9,o,0,5.71,194.59407,27.96615,8600.85,8627.69,2.65,2.49,50.2,-0.449,19.62,21.17,01a60323o0809o
60323.589044,21.273,0.824,11,9,o,0,6.04,194.59407,27.96615,8656.8,8706.07,2.57,2.44,53.6,-0.45,19.65,21.19,01a60323o0815o
60323.591812,20.77,0.486,18,9,o,0,5.77,194.59407,27.96615,8673.78,8588.88,2.58,2.42,52.7,-0.456,19.67,21.17,01a60323o0821o
60324.550541,20.335,0.467,27,12,o,0,2.65,194.59407,27.96615,5918.96,6595.41,3.47,2.83,41.0,-0.339,19.32,20.79,01a60324o0739o
60324.565355,20.464,0.438,24,10,o,0,3.26,194.59407,27.96615,5890.02,6550.71,2.79,2.44,45.4,-0.441,19.54,20.88,01a60324o0769o
60324.568591,20.721,0.632,19,12,o,0,2.27,194.59407,27.96615,5947.72,6628.58,2.74,2.42,45.9,-0.367,19.54,20.9,01a60324o0776o
60324.573711,-22.703,3.5,-3,10,o,0,3.38,194.59407,27.96615,5966.8,6516.2,3.32,2.75,38.8,-0.374,19.4,20.9,01a60324o0784o
60327.499265,18.965,0.13,94,12,o,0,7.37,194.59407,27.96615,1069.18,775.12,2.47,2.34,36.1,-0.443,19.49,20.7,01a60327o0627o
60327.502042,18.895,0.121,100,12,o,0,3.73,194.59407,27.96615,1046.81,735.79,2.65,2.49,37.5,-0.426,19.39,20.71,01a60327o0633o
60327.505281,18.674,0.099,123,12,o,0,4.73,194.59407,27.96615,1106.74,814.7,2.44,2.31,38.2,-0.445,19.49,20.69,01a60327o0640o
60327.51037,19.091,0.145,84,12,o,0,5.17,194.59407,27.96615,1126.4,699.17,2.67,2.46,41.8,-0.413,19.44,20.72,01a60327o0651o
60328.548536,18.482,0.071,147,10,o,0,6.22,194.59407,27.96615,3932.4,4748.4,2.88,2.62,44.0,-0.399,19.61,21.21,01a60328o0679o
60328.550843,18.602,0.075,132,10,o,0,5.35,194.59407,27.96615,3913.58,4710.37,2.76,2.49,43.8,-0.402,19.64,21.21,01a60328o0684o
60328.553772,18.229,0.057,186,11,o,0,4.42,194.59407,27.96615,3969.98,4789.09,2.84,2.58,50.3,-0.392,19.6,21.22,01a60328o0690o
60328.560437,18.497,0.068,145,10,o,0,2.37,194.59407,27.96615,3987.17,4672.89,3.06,2.77,44.8,-0.399,19.56,21.26,01a60328o0703o
60329.527725,17.966,0.064,236,15,o,0,1.75,194.59407,27.96615,6690.16,5797.59,2.35,1.93,38.6,-0.442,19.45,20.55,02a60329o0669o
60329.53044,18.055,0.068,218,15,o,0,1.52,194.59407,27.96615,6708.3,5835.93,2.38,1.93,40.2,-0.445,19.46,20.61,02a60329o0675o
60329.533181,18.066,0.065,216,14,o,0,1.27,194.59407,27.96615,6652.51,5759.18,2.37,1.97,40.9,-0.438,19.48,20.69,02a60329o0681o
60329.539102,17.937,0.058,243,14,o,0,1.23,194.59407,27.96615,6634.53,5876.1,2.36,1.95,39.5,-0.442,19.56,20.91,02a60329o0694o
60330.521034,17.775,0.055,282,16,o,0,1.81,194.59407,27.96615,1363.46,7705.54,2.05,1.91,21.8,-0.452,19.22,20.02,02a60330o0661o
60330.5242,17.698,0.048,303,15,o,0,1.89,194.59407,27.96615,1384.92,7744.71,2.02,1.89,20.4,-0.457,19.21,20.03,02a60330o0668o
60330.527831,17.677,0.059,308,18,o,0,0.92,194.59407,27.96615,1326.84,7665.43,2.07,1.9,17.5,-0.479,19.21,20.04,02a60330o0676o
60330.535545,17.659,0.063,314,20,o,0,1.02,194.59407,27.96615,1307.13,7782.16,2.05,1.91,25.1,-0.46,19.22,20.1,02a60330o0693o
60331.46573,17.365,0.05,411,20,o,0,2.05,194.59407,27.96615,9268.26,2866.62,2.69,2.56,-2.1,-0.419,18.84,19.62,01a60331o0556o
60331.468964,17.451,0.058,380,22,o,0,1.93,194.59407,27.96615,9248.49,2826.07,2.62,2.51,-5.6,-0.427,18.87,19.65,01a60331o0563o
60331.47562,17.285,0.041,442,18,o,0,1.97,194.59407,27.96615,9311.51,2908.89,2.77,2.56,12.3,-0.405,18.85,19.7,01a60331o0576o
60331.481979,17.314,0.043,431,19,o,0,4.47,194.59407,27.96615,9336.97,2792.7,2.81,2.57,11.3,-0.405,18.91,19.74,01a60331o0589o
60332.501932,17.079,0.037,535,20,o,0,2.96,194.59407,27.96615,1116.33,2729.47,2.76,2.62,45.0,-0.401,18.97,19.75,01a60332o0641o
60332.503781,17.137,0.039,507,20,o,0,1.65,194.59407,27.96615,1095.49,2689.93,2.86,2.6,42.7,-0.389,18.95,19.75,01a60332o0645o
60332.507041,17.224,0.043,468,20,o,0,1.58,194.59407,27.96615,1154.21,2768.93,2.94,2.8,22.3,-0.426,18.92,19.76,01a60332o0652o
60332.512625,17.226,0.045,467,21,o,0,1.26,194.59407,27.96615,1173.4,2652.72,2.76,2.6,42.0,-0.41,18.98,19.8,01a60332o0664o
60333.500499,17.061,0.051,544,28,o,0,1.6,194.59407,27.96615,9517.04,7804.22,2.45,2.4,-34.0,-0.437,18.66,19.28,02a60333o0646o
60333.50279,16.992,0.053,580,31,o,0,1.52,194.59407,27.96615,9538.81,7843.54,2.58,2.52,-52.5,-0.423,18.61,19.29,02a60333o0651o
60333.505973,17.026,0.047,562,26,o,0,2.46,194.59407,27.96615,9480.23,7766.29,2.46,2.44,-65.3,-0.424,18.72,19.3,02a60333o0658o
60333.511414,16.923,0.048,618,30,o,0,1.97,194.59407,27.96615,9461.29,7883.2,2.42,2.4,-37.5,-0.442,18.72,19.32,02a60333o0670o
60334.505407,16.793,0.043,696,30,o,0,0.88,194.59407,27.96615,8547.93,3744.1,2.31,2.27,14.4,-0.397,18.52,18.96,02a60334o0663o
60334.508601,16.913,0.046,624,29,o,0,0.94,194.59407,27.96615,8569.92,3782.83,2.24,2.17,0.6,-0.4,18.54,18.97,02a60334o0670o
60334.530029,16.85,0.041,661,27,o,0,1.29,194.59407,27.96615,8515.79,3710.6,2.46,2.43,83.6,-0.375,18.56,19.05,02a60334o0714o
60334.539802,16.867,0.038,650,25,o,0,2.2,194.59407,27.96615,8498.92,3826.28,2.47,2.39,15.4,-0.36,18.59,19.07,02a60334o0727o
60337.508395,16.64,0.03,801,24,o,0,2.49,194.59407,27.96615,3409.79,9581.99,2.37,2.24,27.4,-0.423,18.63,19.23,02a60337o0665o
60337.51117,16.562,0.035,861,30,o,0,1.44,194.59407,27.96615,3431.42,9621.74,2.39,2.27,33.7,-0.426,18.63,19.24,02a60337o0671o
60337.514334,16.625,0.031,813,26,o,0,2.01,194.59407,27.96615,3373.25,9543.04,2.38,2.24,35.9,-0.422,18.68,19.25,02a60337o0678o
60337.519789,16.677,0.039,775,30,o,0,1.49,194.59407,27.96615,3353.17,9659.49,2.38,2.3,35.0,-0.423,18.64,19.27,02a60337o0690o
60338.522057,16.632,0.029,807,24,o,0,1.88,194.59407,27.96615,2810.54,5981.33,2.33,1.87,32.9,-0.453,18.82,19.37,02a60338o0697o
60338.523865,16.6,0.03,832,25,o,0,1.78,194.59407,27.96615,2831.2,6019.7,2.45,1.97,31.3,-0.446,18.77,19.37,02a60338o0701o
60338.52703,16.609,0.028,824,23,o,0,2.38,194.59407,27.96615,2773.71,5942.09,2.36,1.84,32.6,-0.444,18.89,19.38,02a60338o0708o
60338.532907,16.646,0.036,797,28,o,0,1.5,194.59407,27.96615,2753.84,6057.91,2.42,1.98,30.3,-0.442,18.85,19.4,02a60338o0721o
60339.48117,16.673,0.027,778,21,o,0,2.43,194.59407,27.96615,7837.25,4573.1,2.79,2.63,32.1,-0.447,18.87,19.55,01a60339o0571o
60339.483017,16.607,0.028,826,23,o,0,1.94,194.59407,27.96615,7815.91,4533.8,2.68,2.51,33.0,-0.394,18.91,19.56,01a60339o0575o
60339.486271,16.632,0.025,807,20,o,0,2.63,194.59407,27.96615,7874.45,4612.16,2.58,2.49,12.2,-0.486,18.93,19.57,01a60339o0582o
60339.491363,16.648,0.027,795,22,o,0,1.93,194.59407,27.96615,7895.83,4498.97,2.83,2.53,30.2,-0.444,18.89,19.58,01a60339o0593o
60340.553697,16.626,0.021,812,17,o,0,3.23,194.59407,27.96615,3019.31,661.17,2.57,2.38,43.7,-0.446,19.21,20.13,01a60340o0633o
60340.556588,16.673,0.022,778,17,o,0,2.51,194.59407,27.96615,2996.59,622.83,2.6,2.38,44.5,-0.44,19.2,20.11,01a60340o0639o
60340.559507,16.604,0.021,829,18,o,0,4.01,194.59407,27.96615,3051.58,700.4,2.61,2.4,48.5,-0.438,19.22,20.14,01a60340o0645o
60340.582667,16.629,0.02,810,16,o,0,2.75,194.59407,27.96615,3047.37,583.83,2.6,2.32,48.1,-0.453,19.21,20.13,01a60340o0692o
60341.521299,16.565,0.023,859,20,o,0,1.7,194.59407,27.96615,7597.19,9880.0,2.31,2.22,52.1,-0.448,19.25,20.17,02a60341o0672o
60341.529348,16.608,0.025,825,20,o,0,2.32,194.59407,27.96615,7615.91,9919.71,2.32,2.24,51.6,-0.445,19.21,20.19,02a60341o0688o
60341.531156,16.584,0.025,844,21,o,0,1.61,194.59407,27.96615,7559.25,9843.88,2.37,2.17,46.0,-0.444,19.22,20.18,02a60341o0692o
60341.539445,16.597,0.023,834,19,o,0,2.93,194.59407,27.96615,7545.19,9961.54,2.27,2.16,52.7,-0.444,19.22,20.22,02a60341o0709o
60343.535973,16.666,0.02,782,16,o,0,1.89,194.59407,27.96615,2644.61,8437.56,2.93,2.63,57.5,-0.47,19.45,20.87,01a60343o0696o
60343.537823,16.649,0.019,795,15,o,0,2.85,194.59407,27.96615,2624.96,8398.66,2.82,2.53,62.6,-0.459,19.51,20.87,01a60343o0700o
60343.543074,16.723,0.019,743,14,o,0,4.68,194.59407,27.96615,2675.3,8475.57,2.79,2.58,62.0,-0.447,19.5,20.91,01a60343o0710o
60343.550005,16.626,0.019,812,16,o,0,3.48,194.59407,27.96615,2687.64,8359.09,2.78,2.56,62.7,-0.481,19.5,20.9,01a60343o0725o
60344.542395,-20.688,0.833,-19,16,o,0,0.9,194.59407,27.96615,40.46,5025.93,2.48,2.46,70.4,-0.428,19.13,21.18,01a60344o0710o
60344.54526,16.715,0.028,748,21,o,0,3.36,194.59407,27.96615,56.72,4910.67,2.49,2.4,54.0,-0.425,19.11,21.17,01a60344o0716o
60344.547219,16.823,0.033,677,22,o,0,1.91,194.59407,27.96615,9976.46,4995.51,2.72,2.24,-37.9,-0.467,19.12,21.15,01a60344o0720o
60344.549067,16.814,0.032,683,22,o,0,4.0,194.59407,27.96615,9952.97,4955.67,2.78,2.33,-36.6,-0.459,19.07,21.17,01a60344o0724o
60344.551934,16.743,0.032,729,23,o,0,4.73,194.59407,27.96615,10010.95,5034.85,2.69,2.24,-37.2,-0.463,19.09,21.18,01a60344o0730o
60344.557019,16.755,0.029,721,21,o,0,4.03,194.59407,27.96615,10024.29,4917.54,2.69,2.25,-36.7,-0.463,19.1,21.19,01a60344o0741o
60345.528724,16.671,0.018,779,14,c,0,3.39,194.59407,27.96615,641.25,5559.7,2.73,2.5,9.7,-0.398,19.47,21.52,02a60345o0687c
60345.530532,16.665,0.019,783,15,c,0,2.65,194.59407,27.96615,661.97,5599.39,2.71,2.65,22.8,-0.392,19.43,21.53,02a60345o0691c
60345.540185,16.655,0.021,791,17,c,0,2.46,194.59407,27.96615,603.02,5522.02,2.65,2.53,22.6,-0.398,19.53,21.5,02a60345o0710c
60345.545609,16.7,0.019,759,14,c,0,4.0,194.59407,27.96615,587.58,5638.7,2.63,2.55,13.5,-0.402,19.49,21.48,02a60345o0722c
60346.540185,16.96,0.202,597,121,c,0,0.55,194.59407,27.96615,10525.9,3616.18,2.79,2.5,-51.4,-0.424,19.6,21.63,02a60346o0694c
60346.544503,16.778,0.02,706,14,c,0,1.67,194.59407,27.96615,549.87,3617.1,2.64,2.59,42.5,-0.406,19.53,21.64,02a60346o0703c
60346.544955,16.757,0.02,720,14,c,0,4.48,194.59407,27.96615,10488.4,3579.02,2.81,2.53,-52.7,-0.421,19.56,21.64,02a60346o0704c
60346.547472,16.775,0.019,708,14,c,0,2.14,194.59407,27.96615,572.35,3657.96,2.73,2.69,9.7,-0.396,19.49,21.64,02a60346o0709c
60346.550185,16.751,0.021,724,15,c,0,2.13,194.59407,27.96615,10471.36,3697.32,2.87,2.59,-48.3,-0.424,19.56,21.65,02a60346o0715c
60346.550636,16.743,0.018,729,14,c,0,3.22,194.59407,27.96615,513.37,3578.19,2.57,2.5,46.2,-0.405,19.56,21.64,02a60346o0716c
60346.556215,16.693,0.017,764,13,c,0,4.88,194.59407,27.96615,497.98,3695.82,2.66,2.59,30.3,-0.401,19.52,21.62,02a60346o0728c
60349.512173,17.092,0.025,529,13,c,0,2.4,194.59407,27.96615,5309.66,7550.81,2.65,2.44,39.8,-0.399,19.59,21.55,02a60349o0650c
60349.513981,17.036,0.024,557,13,c,0,2.18,194.59407,27.96615,5331.32,7589.96,2.63,2.4,36.5,-0.41,19.6,21.56,02a60349o0654c
60349.523497,17.019,0.024,566,14,c,0,2.03,194.59407,27.96615,5281.05,7512.46,2.68,2.42,38.2,-0.409,19.6,21.58,02a60349o0674c
60349.535445,17.038,0.023,556,13,c,0,3.13,194.59407,27.96615,5261.44,7632.88,2.67,2.43,37.6,-0.402,19.61,21.61,02a60349o0696c
60353.364257,17.287,0.044,442,19,c,0,1.71,194.59407,27.96615,4714.43,5893.36,2.61,2.52,1.1,-0.396,19.01,20.52,02a60353o0337c
60353.389902,17.424,0.049,390,19,c,0,1.44,194.59407,27.96615,4741.36,5935.81,3.12,2.89,23.0,-0.38,19.0,20.74,02a60353o0391c
60353.414137,17.325,0.037,426,16,c,0,1.46,194.59407,27.96615,4688.88,5857.86,2.79,2.62,27.4,-0.392,19.25,20.91,02a60353o0439c
60353.429029,17.304,0.037,435,16,c,0,1.38,194.59407,27.96615,4676.0,5971.81,2.72,2.48,21.2,-0.411,19.34,20.98,02a60353o0467c
60354.508852,17.499,0.036,363,13,c,0,3.87,194.59407,27.96615,9915.07,1974.67,2.54,2.15,-61.2,-0.44,19.56,21.34,02a60354o0616c
60354.511268,17.499,0.035,363,13,c,0,1.66,194.59407,27.96615,9935.98,2014.26,2.55,2.15,-60.0,-0.445,19.59,21.33,02a60354o0621c
60354.514433,17.358,0.035,414,14,c,0,1.08,194.59407,27.96615,9877.68,1937.61,2.53,2.13,-59.1,-0.449,19.58,21.33,02a60354o0628c
60354.517147,17.474,0.038,372,14,c,0,1.6,194.59407,27.96615,83.78,1947.56,2.36,2.27,-87.2,-0.432,19.56,21.31,02a60354o0634c
60354.518955,17.541,0.037,350,13,c,0,1.64,194.59407,27.96615,102.75,1988.03,2.38,2.3,-88.7,-0.431,19.56,21.31,02a60354o0638c
60354.519858,17.513,0.033,359,12,c,0,2.43,194.59407,27.96615,9860.66,2056.37,2.56,2.19,-58.0,-0.436,19.56,21.32,02a60354o0640c
60354.522119,-22.188,5.882,-5,28,c,0,0.62,194.59407,27.96615,45.16,1909.12,2.38,2.29,-81.2,-0.433,19.57,21.31,02a60354o0645c
60357.602563,17.718,0.044,297,13,c,0,1.96,194.59407,27.96615,1938.6,4868.05,2.35,2.22,33.9,-0.436,19.68,21.62,02a60357o0160c
60357.605726,17.753,0.042,288,12,c,0,1.98,194.59407,27.96615,1918.41,4831.07,2.37,2.21,32.6,-0.428,19.71,21.61,02a60357o0167c
60357.615961,17.717,0.038,297,11,c,0,3.12,194.59407,27.96615,1977.76,4904.46,2.36,2.27,31.7,-0.429,19.69,21.62,02a60357o0188c
60357.624382,17.767,0.039,284,11,c,0,2.05,194.59407,27.96615,2001.12,4791.1,2.38,2.29,34.9,-0.428,19.66,21.63,02a60357o0204c
60358.520069,17.369,0.047,410,19,o,0,1.42,194.59407,27.96615,1445.48,9671.7,2.06,1.9,-40.5,-0.472,19.45,20.6,02a60358o0625o
60358.523758,17.378,0.036,406,14,o,0,1.75,194.59407,27.96615,1460.7,9711.12,2.04,1.92,-40.4,-0.475,19.47,20.65,02a60358o0631o
60358.526018,17.328,0.035,426,15,o,0,3.62,194.59407,27.96615,1404.12,9632.94,2.07,1.95,-36.0,-0.468,19.49,20.68,02a60358o0636o
60358.528981,17.439,0.035,384,14,o,0,1.86,194.59407,27.96615,1381.89,9750.64,2.13,1.92,-36.4,-0.467,19.49,20.74,02a60358o0642o
60361.447892,17.536,0.075,351,26,o,0,1.24,194.59407,27.96615,5405.52,9495.8,2.22,2.08,31.6,-0.446,18.92,19.48,02a60361o0510o
60361.449701,17.769,0.08,283,23,o,0,1.27,194.59407,27.96615,5426.24,9535.76,2.18,2.04,29.6,-0.424,18.94,19.5,02a60361o0514o
60361.452864,17.6,0.061,331,20,o,0,1.28,194.59407,27.96615,5368.34,9456.83,2.26,2.09,42.1,-0.43,18.92,19.52,02a60361o0521o
60361.458308,17.696,0.085,303,26,o,0,0.91,194.59407,27.96615,5349.43,9576.09,2.26,2.04,32.4,-0.449,18.96,19.56,02a60361o0533o
60362.450287,17.761,0.08,286,23,o,0,1.14,194.59407,27.96615,6629.85,3868.99,2.25,1.96,37.4,-0.436,18.78,19.2,02a60362o0515o
60362.452095,17.52,0.059,357,21,o,0,1.29,194.59407,27.96615,6650.44,3906.64,2.23,1.99,35.4,-0.439,18.82,19.21,02a60362o0519o
60362.455288,17.793,0.077,277,21,o,0,1.72,194.59407,27.96615,6593.42,3830.38,2.25,1.98,42.3,-0.439,18.82,19.22,02a60362o0526o
60362.460877,17.521,0.072,356,26,o,0,1.19,194.59407,27.96615,6575.86,3946.41,2.27,1.97,34.3,-0.564,18.83,19.26,02a60362o0538o
60368.473353,18.014,0.081,226,18,o,0,2.55,194.59407,27.96615,7274.87,2910.05,2.64,2.45,40.9,-0.413,18.98,19.65,01a60368o0552o
60368.476176,18.096,0.089,210,19,o,0,1.67,194.59407,27.96615,7253.51,2870.95,2.67,2.48,32.9,-0.416,18.96,19.66,01a60368o0558o
60368.482912,18.148,0.091,200,18,o,0,2.37,194.59407,27.96615,7302.42,2948.82,2.71,2.52,37.4,-0.471,19.01,19.81,01a60368o0571o
60368.490153,18.126,0.082,204,17,o,0,2.75,194.59407,27.96615,7321.3,2833.97,2.64,2.45,32.6,-0.423,19.01,19.82,01a60368o0585o
60369.649773,-17.077,2.276,-536,1220,o,0,1.25,194.59407,27.96615,7280.67,2966.76,2.29,2.2,38.0,-0.44,15.14,15.61,02a60369o0076o
60370.485794,18.412,0.131,157,21,o,0,1.47,194.59407,27.96615,3925.68,1834.32,2.68,2.39,39.1,-0.441,18.78,19.72,02a60370o0587o
60370.487602,18.392,0.187,160,30,o,0,0.98,194.59407,27.96615,3946.75,1873.96,2.16,1.99,44.7,-0.445,18.6,19.31,02a60370o0591o
60370.490767,18.662,0.215,124,27,o,0,0.95,194.59407,27.96615,3888.16,1797.41,2.07,1.89,41.4,-0.45,18.5,19.03,02a60370o0598o
60370.496092,18.074,0.135,214,29,o,0,1.17,194.59407,27.96615,3874.46,1915.15,2.06,1.86,39.3,-0.459,18.53,18.95,02a60370o0609o
60371.468338,18.258,0.071,181,13,o,0,2.14,194.59407,27.96615,6701.66,8721.58,2.84,2.47,53.4,-0.406,19.38,20.51,01a60371o0490o
60371.472106,18.255,0.072,181,13,o,0,2.23,194.59407,27.96615,6678.86,8682.76,2.78,2.58,62.2,-0.414,19.3,20.57,01a60371o0497o
60371.477432,18.361,0.084,164,14,o,0,2.01,194.59407,27.96615,6733.95,8760.91,2.8,2.64,57.1,-0.413,19.32,20.55,01a60371o0508o
60371.482743,18.405,0.1,158,16,o,0,2.28,194.59407,27.96615,6747.55,8643.06,2.76,2.52,50.6,-0.44,19.34,20.46,01a60371o0519o
60374.569485,18.313,0.097,172,17,o,0,5.58,194.59407,27.96615,5863.12,6591.87,2.64,2.27,38.4,-0.412,19.18,20.61,02a60374o0131o
60374.572652,18.259,0.084,180,15,o,0,5.9,194.59407,27.96615,5841.97,6552.89,2.77,2.36,33.1,-0.415,19.26,20.75,02a60374o0138o
60374.578081,18.564,0.135,136,18,o,0,1.7,194.59407,27.96615,5900.41,6631.42,2.65,2.22,38.6,-0.429,19.16,20.57,02a60374o0150o
60374.588775,18.418,0.082,156,13,o,0,4.38,194.59407,27.96615,5921.53,6516.31,2.5,2.11,37.9,-0.452,19.39,20.79,02a60374o0172o
60375.570419,-16.924,0.538,-617,332,o,0,1.07,194.59407,27.96615,4686.87,3975.45,2.72,2.43,42.6,-0.649,19.49,20.87,01a60375o0449o
60375.573283,17.232,0.82,465,381,o,0,1.07,194.59407,27.96615,4706.3,4013.9,2.89,2.65,43.0,-0.673,19.39,20.86,01a60375o0455o
60375.578826,17.126,0.535,512,274,o,0,1.57,194.59407,27.96615,4647.59,3934.96,2.94,2.61,40.4,-0.612,19.42,20.86,01a60375o0467o
60375.604822,18.696,3.551,121,428,o,0,1.57,194.59407,27.96615,4631.43,4046.74,2.72,2.38,40.5,-0.519,18.78,20.08,01a60375o0520o
60384.453778,18.63,0.1,128,13,o,0,1.63,194.59407,27.96615,2029.26,6796.95,3.15,2.87,53.0,-0.41,19.46,21.16,01a60384o0496o
60384.456279,19.206,0.161,75,12,o,0,2.44,194.59407,27.96615,2006.2,6758.77,3.15,2.79,28.8,-0.38,19.47,21.21,01a60384o0501o
60384.479916,19.262,0.161,72,12,o,0,2.63,194.59407,27.96615,2040.48,6836.27,3.0,2.73,49.8,-0.391,19.49,21.12,01a60384o0546o
60384.508606,19.057,0.135,86,12,o,0,2.01,194.59407,27.96615,8466.5,3820.19,2.83,2.74,22.8,-0.402,19.5,21.09,01a60384o0606o
60385.57149,18.758,0.119,114,14,o,0,3.22,194.59407,27.96615,2018.5,6818.11,2.1,1.89,25.6,-0.449,19.52,20.87,02a60385o0128o
60385.575246,18.667,0.108,124,13,o,0,3.31,194.59407,27.96615,1999.02,6781.33,2.15,1.93,19.8,-0.425,19.52,20.89,02a60385o0136o
60385.581561,18.842,0.111,106,12,o,0,1.91,194.59407,27.96615,2060.56,6857.65,2.0,1.84,24.5,-0.451,19.59,20.87,02a60385o0148o
60386.443544,18.967,0.145,94,14,o,0,1.24,194.59407,27.96615,3441.56,9583.58,2.06,2.0,69.6,-0.437,19.47,20.63,02a60386o0448o
60386.450129,18.952,0.158,95,15,o,0,1.22,194.59407,27.96615,3462.52,9624.13,1.99,1.95,21.2,-0.439,19.5,20.67,02a60386o0461o
60386.469108,19.46,0.238,60,14,o,0,1.48,194.59407,27.96615,3418.39,9549.66,2.15,2.03,40.0,-0.436,19.44,20.68,02a60386o0501o
60386.470918,18.76,0.128,114,15,o,0,1.57,194.59407,27.96615,3399.06,9668.69,2.13,2.02,31.0,-0.43,19.46,20.69,02a60386o0505o
60387.416567,19.447,0.238,60,14,o,0,2.31,194.59407,27.96615,7211.17,967.26,2.51,2.47,34.7,-0.452,19.3,20.38,01a60387o0395o
60387.42448,19.033,0.142,88,13,o,0,3.14,194.59407,27.96615,7183.35,927.01,2.62,2.57,45.6,-0.438,19.25,20.41,01a60387o0411o
60387.427486,18.918,0.133,98,13,o,0,2.81,194.59407,27.96615,7239.1,1006.08,2.55,2.48,46.4,-0.472,19.31,20.4,01a60387o0417o
60387.432799,18.756,0.117,114,13,o,0,4.08,194.59407,27.96615,7255.17,888.87,2.39,2.34,38.1,-0.462,19.38,20.39,01a60387o0428o
60388.431248,19.296,0.186,70,13,o,0,3.02,194.59407,27.96615,7798.0,4568.45,2.5,2.39,44.0,-0.453,19.33,20.26,01a60388o0426o
60388.433098,18.9,0.126,100,13,o,0,3.67,194.59407,27.96615,7775.79,4529.98,2.43,2.31,59.8,-0.434,19.36,20.26,01a60388o0430o
60388.448589,18.835,0.142,106,15,o,0,2.16,194.59407,27.96615,7823.2,4608.42,2.69,2.46,39.8,-0.426,19.25,20.29,01a60388o0461o
60388.452351,19.197,0.17,76,13,o,0,3.58,194.59407,27.96615,7839.58,4491.21,2.65,2.44,39.7,-0.448,19.28,20.31,01a60388o0469o
60389.430215,21.193,5.369,12,65,o,0,1.12,194.59407,27.96615,2833.18,5982.22,2.16,1.95,41.0,-0.448,17.9,18.27,02a60389o0437o
60389.432023,18.593,0.267,133,36,o,0,0.81,194.59407,27.96615,2853.39,6021.8,2.09,1.89,38.5,-0.449,18.4,18.79,02a60389o0441o
60389.439508,19.702,0.992,48,47,o,0,1.01,194.59407,27.96615,2791.44,5941.51,2.16,1.96,38.1,-0.465,17.95,18.27,02a60389o0454o
60389.444952,19.214,0.375,75,28,o,0,1.2,194.59407,27.96615,2774.96,6059.76,2.17,1.9,38.2,-0.461,18.63,19.22,02a60389o0465o
60390.390862,20.574,1.388,21,30,o,0,1.41,194.59407,27.96615,7593.82,9876.53,2.62,2.19,-55.5,-0.438,18.56,18.92,02a60390o0371o
60390.394568,20.073,0.833,34,28,o,0,2.11,194.59407,27.96615,7619.78,9915.84,2.64,2.19,-55.3,-0.433,18.55,18.94,02a60390o0378o
60390.397731,18.645,0.285,126,36,o,0,1.05,194.59407,27.96615,7561.06,9836.86,2.56,2.11,-55.5,-0.448,18.6,18.93,02a60390o0385o
60390.403607,19.447,0.572,60,35,o,0,0.95,194.59407,27.96615,7544.1,9954.9,2.64,2.11,-54.6,-0.434,18.55,18.99,02a60390o0398o
60391.38561,19.26,0.386,72,28,o,0,1.63,194.59407,27.96615,3059.34,667.75,2.77,2.56,29.3,-0.428,18.53,18.94,01a60391o0288o
60391.409923,19.167,0.316,78,25,o,0,1.33,194.59407,27.96615,3015.46,627.36,2.91,2.62,48.8,-0.395,18.58,19.07,01a60391o0335o
60391.411771,19.765,0.555,45,25,o,0,1.72,194.59407,27.96615,3072.04,704.13,2.51,2.42,39.2,-0.443,18.72,19.1,01a60391o0339o
60391.415448,18.992,0.237,92,22,o,0,2.17,194.59407,27.96615,3086.57,587.45,2.42,2.25,56.5,-0.457,18.77,19.14,01a60391o0346o
60396.471035,19.903,0.458,40,18,o,0,1.45,194.59407,27.96615,10472.35,3589.74,2.46,2.36,-54.4,-0.38,18.96,19.49,01a60396o0224o
60396.484154,19.696,0.404,48,19,o,0,1.6,194.59407,27.96615,10495.61,3623.68,2.45,2.3,-24.7,-0.373,18.96,19.46,01a60396o0251o
60396.486925,19.556,0.338,55,18,o,0,1.94,194.59407,27.96615,10437.01,3547.3,2.38,2.23,-16.7,-0.382,18.97,19.46,01a60396o0257o
60396.49025,19.394,0.298,64,19,o,0,1.48,194.59407,27.96615,500.57,3652.33,2.56,2.3,46.2,-0.412,18.93,19.45,01a60396o0264o
60396.492098,19.133,0.231,81,19,o,0,1.3,194.59407,27.96615,10418.77,3663.16,2.47,2.32,-26.7,-0.379,18.91,19.45,01a60396o0268o
60396.493485,19.218,0.249,75,19,o,0,1.22,194.59407,27.96615,522.47,3691.94,2.5,2.29,48.6,-0.408,18.94,19.44,01a60396o0271o
60396.502044,20.599,0.96,21,20,o,0,1.95,194.59407,27.96615,464.27,3609.83,2.59,2.32,35.8,-0.424,18.87,19.41,01a60396o0289o
60396.512263,19.139,0.255,80,20,o,0,182.06,194.59407,27.96615,447.67,3723.52,2.62,2.36,45.7,-0.396,18.85,19.36,01a60396o0308o
60397.418334,19.663,0.361,50,18,o,0,1.51,194.59407,27.96615,554.9,3613.36,2.16,2.1,-71.5,-0.418,18.96,19.57,02a60397o0425o
60397.421565,20.392,0.797,25,20,o,0,1.44,194.59407,27.96615,576.44,3654.5,2.19,2.02,-60.2,-0.432,18.96,19.57,02a60397o0432o
60397.424693,19.597,0.412,53,22,o,0,1.34,194.59407,27.96615,518.41,3573.31,2.26,2.14,-61.3,-0.429,18.94,19.59,02a60397o0438o
60397.430118,19.222,0.253,74,19,o,0,1.57,194.59407,27.96615,503.58,3689.27,2.31,2.25,-44.3,-0.422,18.87,19.59,02a60397o0450o
60397.490739,19.583,0.456,53,24,o,0,4.55,194.59407,27.96615,64.76,6951.33,2.14,1.95,-45.4,-0.402,18.99,19.6,02a60397o0576o
60397.494384,-20.452,1.081,-24,26,o,0,1.27,194.59407,27.96615,45.87,6915.27,2.2,2.05,-35.7,-0.337,18.95,19.59,02a60397o0584o
60397.500056,19.208,0.264,75,20,o,0,1.37,194.59407,27.96615,104.93,6988.94,2.1,1.98,-39.7,-0.397,18.97,19.58,02a60397o0596o
60397.510051,19.48,0.319,59,19,o,0,1.6,194.59407,27.96615,128.15,6873.73,2.18,2.07,-1.6,-0.368,18.92,19.57,02a60397o0612o
60398.479803,19.428,0.257,62,16,o,0,5.62,194.59407,27.96615,5271.61,3017.86,2.21,1.83,35.8,-0.457,19.11,19.81,02a60398o0557o
60398.483096,19.427,0.313,62,19,o,0,3.7,194.59407,27.96615,5252.51,2979.4,2.25,1.91,32.6,-0.444,19.08,19.81,02a60398o0564o
60398.513375,19.053,0.166,87,14,o,0,5.04,194.59407,27.96615,5314.76,3054.96,2.16,1.89,35.8,-0.442,19.09,19.76,02a60398o0624o
60398.522364,19.291,0.23,70,16,o,0,1.73,194.59407,27.96615,5336.4,2940.15,2.12,1.9,37.4,-0.453,19.12,19.81,02a60398o0642o
60399.420468,19.3,0.194,69,13,o,0,2.77,194.59407,27.96615,5284.82,3000.21,2.59,2.27,41.4,-0.471,19.41,20.39,01a60399o0429o
60399.42404,20.041,0.364,35,13,o,0,2.71,194.59407,27.96615,5260.11,2961.57,2.56,2.26,42.5,-0.41,19.38,20.38,01a60399o0436o
60399.447897,19.365,0.175,65,11,o,0,2.38,194.59407,27.96615,5291.28,3040.06,2.69,2.32,35.4,-0.474,19.34,20.38,01a60399o0485o
60399.476184,19.699,0.308,48,15,o,0,1.2,194.59407,27.96615,5228.03,7639.37,2.76,2.36,45.5,-0.421,19.33,20.32,01a60399o0541o
60400.471096,20.129,0.38,32,12,o,0,2.25,194.59407,27.96615,5771.66,1745.71,2.43,2.25,41.2,-0.442,19.36,20.38,01a60400o0484o
60400.474791,19.178,0.191,77,15,o,0,1.39,194.59407,27.96615,5791.5,1783.49,2.53,2.3,44.3,-0.438,19.35,20.39,01a60400o0492o
60400.481578,19.533,0.25,56,14,o,0,2.73,194.59407,27.96615,5736.18,1703.5,2.62,2.37,34.3,-0.434,19.34,20.4,01a60400o0506o
60400.511331,19.334,0.224,67,15,o,0,1.65,194.59407,27.96615,5718.22,1814.72,2.49,2.33,43.0,-0.439,19.3,20.27,01a60400o0566o
60401.461552,19.47,0.224,59,13,o,0,4.1,194.59407,27.96615,4755.41,8824.31,2.27,2.05,34.3,-0.423,19.43,20.61,02a60401o0503o
60401.464394,19.466,0.259,59,15,o,0,1.89,194.59407,27.96615,4737.4,8786.67,2.26,2.09,25.6,-0.422,19.39,20.59,02a60401o0509o
60401.500555,19.299,0.193,69,13,o,0,2.33,194.59407,27.96615,4794.03,8864.82,2.19,2.06,34.1,-0.433,19.35,20.46,02a60401o0584o
60401.506006,19.095,0.162,84,14,o,0,5.56,194.59407,27.96615,4818.94,8749.16,2.25,2.04,35.5,-0.426,19.34,20.44,02a60401o0594o
60404.500581,20.041,0.26,35,9,o,0,2.36,194.59407,27.96615,1053.44,2748.65,2.72,2.66,36.1,-0.442,19.77,20.47,02a60404o0166o
60404.514362,20.078,0.38,34,13,o,0,1.49,194.59407,27.96615,1033.1,2708.73,2.87,2.86,63.4,-0.43,19.37,20.11,02a60404o0176o
60404.535555,19.432,0.146,61,9,o,0,3.65,194.59407,27.96615,1091.51,2784.87,2.85,2.76,34.8,-0.421,19.72,20.32,02a60404o0191o
60407.353221,19.691,0.167,48,8,o,0,3.56,194.59407,27.96615,9556.8,7807.56,2.57,2.24,-55.5,-0.448,20.22,20.87,02a60407o0077o
60407.36011,19.548,0.139,55,8,o,0,2.77,194.59407,27.96615,9580.65,7847.14,2.6,2.29,-56.0,-0.445,20.21,20.92,02a60407o0082o
60407.367231,19.608,0.16,52,8,o,0,2.02,194.59407,27.96615,9522.62,7769.53,2.63,2.3,-58.1,-0.444,20.26,20.91,02a60407o0087o
60410.378471,19.554,0.133,55,7,o,0,3.12,194.59407,27.96615,8595.06,3751.54,2.46,2.31,-62.8,-0.418,20.13,20.74,02a60410o0126o
60410.401059,20.138,0.223,32,7,o,0,1.88,194.59407,27.96615,8625.07,3790.82,2.25,2.04,-58.1,-0.433,20.19,20.69,02a60410o0142o
60410.44663,20.317,0.269,27,7,o,0,4.08,194.59407,27.96615,2052.6,6846.91,2.2,2.03,22.6,-0.433,20.2,20.78,02a60410o0174o
60413.385577,19.057,1.027,86,89,o,0,1.3,194.59407,27.96615,8627.64,3789.46,2.39,2.25,1.2,-0.393,17.11,17.57,02a60413o0008o
60416.37591,17.146,0.984,503,495,o,0,1.13,194.59407,27.96615,7803.15,6506.87,3.1,2.7,21.9,-0.396,15.53,15.88,01a60416o0306o
60416.377758,-16.873,0.691,-647,447,o,0,0.79,194.59407,27.96615,7783.75,6467.53,3.12,2.68,18.6,-0.383,15.72,16.3,01a60416o0310o
60416.380718,16.247,4.238,1151,4878,o,0,1.09,194.59407,27.96615,7840.18,6545.74,2.87,2.53,40.8,-0.431,13.41,13.53,01a60416o0316o
60416.407963,-18.575,1.453,-135,196,o,0,1.1,194.59407,27.96615,2689.63,4158.21,2.62,2.44,48.8,-0.394,17.4,18.38,01a60416o0371o
60417.348393,20.493,0.869,23,20,o,0,0.91,194.59407,27.96615,2815.01,4043.09,2.09,1.88,39.4,-0.459,19.11,19.84,02a60417o0253o
60417.352142,21.038,1.389,14,19,o,0,1.22,194.59407,27.96615,2835.94,4081.59,2.22,1.92,13.1,-0.452,18.97,19.66,02a60417o0260o
60417.355763,19.196,0.22,76,17,o,0,1.43,194.59407,27.96615,2778.08,4002.81,2.29,1.92,16.5,-0.446,19.12,19.89,02a60417o0268o
60417.360922,22.058,2.917,6,16,o,0,1.14,194.59407,27.96615,2762.84,4122.32,2.1,1.9,37.0,-0.466,19.21,20.04,02a60417o0279o
60418.350358,20.02,0.549,36,20,o,0,1.04,194.59407,27.96615,3373.43,7631.46,2.03,1.92,35.4,-0.451,19.08,19.72,02a60418o0250o
60418.352166,20.6,0.842,21,18,o,0,1.06,194.59407,27.96615,3394.79,7671.78,2.13,1.92,37.7,-0.449,19.06,19.72,02a60418o0254o
60418.356442,21.088,1.179,13,16,o,0,1.07,194.59407,27.96615,3339.65,7596.6,2.12,1.94,37.1,-0.44,19.11,19.8,02a60418o0263o
60418.36187,-22.318,3.865,-4,17,o,0,1.33,194.59407,27.96615,3322.27,7712.76,2.15,1.95,35.0,-0.444,19.12,19.83,02a60418o0275o
60425.469026,19.075,0.406,85,35,o,0,1.1,194.59407,27.96615,5865.88,6602.34,2.81,2.68,30.1,-0.447,18.35,19.0,02a60425o0208o
60425.472233,20.055,1.006,34,35,o,0,1.4,194.59407,27.96615,5845.66,6563.14,2.87,2.73,33.1,-0.421,18.34,18.91,02a60425o0215o
60425.478622,20.123,0.9,32,29,o,0,1.89,194.59407,27.96615,5905.56,6640.98,2.9,2.82,31.2,-0.454,18.31,18.94,02a60425o0229o
60425.4886,19.125,0.488,81,40,o,0,1.42,194.59407,27.96615,5924.82,6525.74,3.47,3.4,3.7,-0.462,18.07,18.88,02a60425o0251o
60426.411751,20.138,0.709,32,23,o,0,2.35,194.59407,27.96615,1001.99,801.05,2.44,1.95,-52.5,-0.462,18.96,19.54,02a60426o0286o
60426.41537,21.475,2.486,9,23,o,0,1.29,194.59407,27.96615,981.14,764.3,2.4,1.96,-56.3,-0.47,18.91,19.53,02a60426o0294o
60426.421247,20.115,0.632,33,21,o,0,1.62,194.59407,27.96615,1041.86,840.98,2.59,2.11,-58.5,-0.453,18.86,19.52,02a60426o0307o
