MJD,m,dm,uJy,duJy,F,err,chi/N,RA,Dec,x,y,maj,min,phi,apfit,mag5sig,Sky,Obs
60329.471031,22.385,3.378,4,14,o,0,0.8,157.87263,24.04696,2301.46,3201.89,2.18,1.85,38.4,-0.455,19.32,20.31,02a60329o0549o
60329.472839,-21.684,1.829,-8,14,o,0,0.93,157.87263,24.04696,2320.6,3241.66,2.18,1.85,37.2,-0.458,19.35,20.31,02a60329o0553o
60329.476003,-22.327,3.5,-4,15,o,0,0.81,157.87263,24.04696,2265.35,3163.35,2.14,1.86,39.5,-0.455,19.34,20.32,02a60329o0560o
60329.481427,-21.993,2.358,-6,14,o,0,1.1,157.87263,24.04696,2245.06,3279.32,2.17,1.88,38.2,-0.448,19.37,20.34,02a60329o0572o
60330.469181,21.708,1.971,8,15,o,0,1.32,157.87263,24.04696,2369.84,5140.46,2.24,1.84,36.1,-0.445,19.25,20.04,02a60330o0548o
60330.470989,-20.426,0.559,-24,14,o,0,1.43,157.87263,24.04696,2391.67,5180.46,2.3,1.86,36.1,-0.446,19.26,20.06,02a60330o0552o
60330.476497,-21.05,1.025,-14,14,o,0,1.37,157.87263,24.04696,2335.52,5102.06,2.31,1.88,39.7,-0.444,19.24,20.06,02a60330o0563o
60330.481924,-21.615,2.155,-8,18,o,0,0.65,157.87263,24.04696,2314.49,5218.36,2.31,1.86,37.9,-0.445,19.25,20.08,02a60330o0575o
60331.431699,-22.276,3.429,-4,15,o,0,1.04,157.87263,24.04696,8266.98,5420.08,2.56,2.46,40.7,-0.404,19.11,19.85,01a60331o0484o
60331.433543,20.878,1.138,16,18,o,0,1.03,157.87263,24.04696,8245.44,5380.31,2.61,2.49,42.1,-0.399,19.1,19.86,01a60331o0488o
60331.436311,21.361,1.329,10,14,o,0,1.21,157.87263,24.04696,8302.93,5458.67,2.59,2.5,40.3,-0.399,19.08,19.88,01a60331o0494o
60331.441397,19.909,0.414,40,16,o,0,1.16,157.87263,24.04696,8323.57,5342.14,2.73,2.57,37.0,-0.39,19.06,19.9,01a60331o0505o
60332.436831,21.313,1.8,11,20,o,0,0.99,157.87263,24.04696,235.41,5313.18,2.65,2.52,50.4,-0.38,18.92,19.59,01a60332o0502o
60332.438678,-21.64,2.739,-8,22,o,0,1.13,157.87263,24.04696,213.34,5275.99,3.09,2.91,49.7,-0.347,18.77,19.59,01a60332o0506o
60332.441451,-21.384,1.74,-10,18,o,0,1.39,157.87263,24.04696,270.88,5353.28,2.77,2.56,55.1,-0.368,18.89,19.6,01a60332o0512o
60332.44654,-21.032,1.583,-14,22,o,0,0.79,157.87263,24.04696,289.02,5238.12,3.02,2.85,47.3,-0.354,18.85,19.63,01a60332o0523o
60332.453367,21.277,1.948,11,22,o,0,0.99,157.87263,24.04696,10214.27,5356.18,3.21,3.08,-63.8,-0.367,18.81,19.67,01a60332o0536o
60332.455212,-21.017,1.434,-14,20,o,0,1.11,157.87263,24.04696,10194.67,5316.86,2.71,2.62,-20.1,-0.4,18.94,19.68,01a60332o0540o
60332.457984,-20.698,0.972,-19,18,o,0,0.81,157.87263,24.04696,10250.58,5395.77,2.62,2.51,-23.3,-0.409,18.99,19.69,01a60332o0546o
60332.463062,20.51,0.773,23,18,o,0,0.98,157.87263,24.04696,10269.0,5279.44,2.6,2.49,-40.9,-0.421,18.99,19.72,01a60332o0557o
60333.42998,21.253,2.782,11,32,o,0,0.92,157.87263,24.04696,10386.05,5220.9,2.37,2.07,-50.3,-0.462,18.48,18.88,02a60333o0495o
60333.432739,19.777,0.742,45,33,o,0,0.98,157.87263,24.04696,10407.26,5258.56,2.36,2.09,-52.1,-0.457,18.49,18.89,02a60333o0501o
60333.435907,-21.427,2.84,-10,28,o,0,0.96,157.87263,24.04696,10350.04,5182.73,2.33,2.07,-50.7,-0.478,18.54,18.9,02a60333o0508o
60333.437715,-20.384,0.986,-26,25,o,0,1.03,157.87263,24.04696,402.19,5200.49,2.17,2.02,26.9,-0.411,18.55,18.95,02a60333o0512o
60333.439527,-21.982,4.275,-6,25,o,0,1.13,157.87263,24.04696,423.91,5239.75,2.17,2.0,28.1,-0.411,18.56,18.97,02a60333o0516o
60333.447615,20.58,1.222,21,26,o,0,0.87,157.87263,24.04696,366.0,5162.28,2.24,1.98,25.4,-0.405,18.58,18.99,02a60333o0530o
60333.44852,-20.707,1.873,-19,36,o,0,1.05,157.87263,24.04696,10335.54,5302.3,2.37,2.23,-43.1,-0.462,18.52,18.94,02a60333o0532o
60333.453045,-22.157,5.409,-5,27,o,0,0.86,157.87263,24.04696,350.34,5278.74,2.18,2.02,29.6,-0.395,18.62,19.02,02a60333o0542o
60339.396089,-23.099,9.833,-2,21,o,0,0.94,157.87263,24.04696,2231.5,7132.66,3.32,2.78,42.8,-0.326,18.9,19.75,01a60339o0405o
60339.39932,-20.745,0.971,-18,18,o,0,1.08,157.87263,24.04696,2209.29,7089.01,2.69,2.42,49.8,-0.414,19.04,19.76,01a60339o0412o
60339.404404,20.49,0.8,23,18,o,0,1.07,157.87263,24.04696,2265.31,7166.44,2.75,2.5,48.5,-0.405,19.01,19.76,01a60339o0423o
60339.426594,21.912,2.714,6,17,o,0,0.92,157.87263,24.04696,2272.57,7048.6,2.61,2.35,50.8,-0.412,19.16,19.93,01a60339o0463o
60340.456744,21.897,2.0,6,13,o,0,1.41,157.87263,24.04696,6400.29,3256.45,2.83,2.55,48.0,-0.378,19.2,20.23,01a60340o0438o
60340.460018,24.783,30.333,0,14,o,0,1.35,157.87263,24.04696,6380.1,3218.81,2.9,2.6,41.9,-0.367,19.17,20.25,01a60340o0445o
60340.462791,-20.755,0.91,-18,16,o,0,0.68,157.87263,24.04696,6435.93,3295.86,2.74,2.45,42.1,-0.378,19.21,20.27,01a60340o0451o
60340.470071,20.8,0.811,17,14,o,0,1.02,157.87263,24.04696,6445.61,3176.02,2.7,2.46,42.0,-0.388,19.22,20.25,01a60340o0466o
60341.45071,-22.457,3.406,-4,13,o,0,1.36,157.87263,24.04696,4225.32,7290.63,2.38,1.88,36.7,-0.431,19.41,20.4,02a60341o0526o
60341.453875,21.017,1.067,14,15,o,0,0.89,157.87263,24.04696,4244.77,7330.13,2.38,1.92,36.4,-0.428,19.38,20.39,02a60341o0533o
60341.468019,-21.719,1.778,-8,13,o,0,0.98,157.87263,24.04696,4190.93,7254.52,2.39,1.89,37.1,-0.427,19.39,20.38,02a60341o0561o
60341.47458,-23.575,10.364,-1,14,o,0,0.94,157.87263,24.04696,4174.27,7374.33,2.44,1.93,36.3,-0.423,19.39,20.38,02a60341o0574o
60343.44816,24.435,18.2,1,11,o,0,0.94,157.87263,24.04696,6887.54,828.17,2.42,2.39,-12.7,-0.45,19.57,20.89,01a60343o0519o
60343.450008,21.827,1.839,7,12,o,0,0.88,157.87263,24.04696,6867.93,788.64,2.39,2.36,85.5,-0.454,19.61,20.92,01a60343o0523o
60343.453777,-20.309,0.434,-27,12,o,0,1.34,157.87263,24.04696,6921.27,866.37,2.39,2.38,-27.8,-0.457,19.58,20.92,01a60343o0531o
60343.458858,21.149,1.055,13,13,o,0,0.68,157.87263,24.04696,6935.96,749.13,2.64,2.55,62.4,-0.425,19.47,20.93,01a60343o0542o
60344.442252,-22.598,3.292,-3,11,o,0,0.73,157.87263,24.04696,4463.94,7508.83,2.83,2.51,51.9,-0.364,19.65,21.18,01a60344o0508o
60344.44553,22.533,2.88,4,10,o,0,0.72,157.87263,24.04696,4443.98,7471.01,2.88,2.56,46.2,-0.355,19.62,21.19,01a60344o0515o
60344.448299,23.086,4.733,2,10,o,0,1.16,157.87263,24.04696,4499.72,7548.84,2.81,2.57,40.7,-0.37,19.62,21.2,01a60344o0521o
60344.453445,24.495,16.5,1,10,o,0,1.11,157.87263,24.04696,4514.25,7433.11,2.8,2.49,44.4,-0.369,19.6,21.23,01a60344o0532o
60345.45418,21.699,1.224,8,9,c,0,1.08,157.87263,24.04696,6157.22,3041.03,2.57,2.47,42.6,-0.394,19.55,21.49,02a60345o0537c
60345.455988,-21.651,1.408,-8,11,c,0,0.87,157.87263,24.04696,6176.0,3081.12,2.66,2.52,50.0,-0.393,19.54,21.48,02a60345o0541c
60345.46156,-22.147,1.9,-5,10,c,0,1.19,157.87263,24.04696,6122.31,3003.13,2.66,2.56,58.6,-0.394,19.54,21.51,02a60345o0552c
60345.466984,21.627,1.362,8,11,c,0,0.94,157.87263,24.04696,6104.43,3122.06,2.7,2.62,51.9,-0.392,19.49,21.5,02a60345o0564c
60346.454879,-21.54,1.364,-9,12,c,0,1.32,157.87263,24.04696,10396.75,1037.94,2.86,2.26,-62.5,-0.408,19.49,21.34,02a60346o0521c
60346.456235,22.759,3.611,3,10,c,0,1.19,157.87263,24.04696,521.63,1018.07,2.58,2.46,-74.4,-0.422,19.49,21.33,02a60346o0524c
60346.459488,21.524,1.268,9,11,c,0,1.0,157.87263,24.04696,540.52,1059.3,2.59,2.46,-78.5,-0.428,19.48,21.35,02a60346o0531c
60346.462664,20.769,0.642,18,12,c,0,0.99,157.87263,24.04696,484.48,979.51,2.64,2.51,-74.6,-0.416,19.51,21.35,02a60346o0538c
60346.468181,21.918,1.462,6,9,c,0,1.62,157.87263,24.04696,468.53,1097.94,2.58,2.44,-79.5,-0.424,19.53,21.37,02a60346o0550c
60346.487466,-21.261,1.066,-11,12,c,0,0.8,157.87263,24.04696,173.05,9482.89,2.94,2.51,-32.6,-0.426,19.45,21.42,02a60346o0591c
60346.490629,-22.011,1.75,-6,10,c,0,1.19,157.87263,24.04696,231.4,9560.26,2.86,2.43,-27.9,-0.434,19.46,21.43,02a60346o0598c
60346.497269,25.769,66.0,0,12,c,0,0.9,157.87263,24.04696,253.97,9443.56,2.85,2.47,-27.7,-0.438,19.45,21.44,02a60346o0611c
60349.436167,22.758,3.25,3,9,c,0,1.15,157.87263,24.04696,6253.41,4974.73,2.5,2.34,46.6,-0.402,19.65,21.46,02a60349o0497c
60349.437976,-20.841,0.483,-17,8,c,0,1.6,157.87263,24.04696,6272.79,5014.06,2.49,2.34,44.2,-0.406,19.62,21.46,02a60349o0501c
60349.441593,23.374,7.091,2,12,c,0,0.73,157.87263,24.04696,6216.05,4936.86,2.55,2.35,45.4,-0.404,19.62,21.47,02a60349o0509c
60349.467959,-25.227,30.5,0,9,c,0,1.29,157.87263,24.04696,6206.82,5058.43,2.58,2.34,41.8,-0.403,19.61,21.5,02a60349o0559c
60353.424834,-25.868,70.0,0,11,c,0,1.2,157.87263,24.04696,10367.02,3285.12,2.75,2.41,-53.1,-0.42,19.49,21.11,02a60353o0459c
60353.428249,23.636,9.5,1,12,c,0,1.14,157.87263,24.04696,10387.02,3326.1,2.71,2.39,-51.6,-0.414,19.44,21.12,02a60353o0466c
60353.433534,-21.533,1.288,-9,11,c,0,1.1,157.87263,24.04696,10332.04,3249.84,2.8,2.47,-55.6,-0.41,19.4,21.13,02a60353o0476c
60353.434889,20.287,0.375,28,10,c,0,1.26,157.87263,24.04696,374.28,3262.93,2.56,2.53,23.1,-0.395,19.4,21.14,02a60353o0479c
60353.43681,23.806,10.429,1,11,c,0,1.24,157.87263,24.04696,393.85,3302.59,2.53,2.49,35.7,-0.402,19.42,21.13,02a60353o0483c
60353.438622,22.363,2.913,4,12,c,0,0.96,157.87263,24.04696,10313.87,3367.89,2.85,2.55,-49.8,-0.409,19.44,21.13,02a60353o0487c
60353.439977,20.902,0.692,16,11,c,0,1.16,157.87263,24.04696,336.07,3224.36,2.5,2.48,24.1,-0.407,19.39,21.14,02a60353o0490c
60353.461148,-23.263,5.692,-2,10,c,0,0.93,157.87263,24.04696,324.35,3340.23,2.43,2.35,35.5,-0.411,19.52,21.17,02a60353o0527c
60354.400735,-21.074,0.874,-14,12,c,0,1.03,157.87263,24.04696,5718.21,9632.93,2.58,2.42,41.8,-0.411,19.55,21.27,02a60354o0405c
60354.403912,22.137,2.625,5,13,c,0,1.07,157.87263,24.04696,5740.83,9672.52,2.61,2.44,39.7,-0.407,19.53,21.28,02a60354o0412c
60354.40941,-23.145,5.923,-2,12,c,0,1.03,157.87263,24.04696,5681.11,9595.4,2.54,2.42,31.3,-0.414,19.55,21.27,02a60354o0424c
60354.431534,-23.041,5.0,-2,11,c,0,0.97,157.87263,24.04696,5672.04,9716.69,2.64,2.45,42.1,-0.403,19.56,21.32,02a60354o0466c
60357.657766,-22.725,5.059,-3,15,c,0,0.87,157.87263,24.04696,6360.05,7435.4,2.52,2.44,23.2,-0.414,19.22,20.68,02a60357o0271c
60357.660931,19.288,0.269,70,19,c,0,0.96,157.87263,24.04696,6339.26,7396.82,2.58,2.48,24.2,-0.404,19.05,20.34,02a60357o0278c
60357.6641,-20.997,1.608,-14,23,c,0,1.2,157.87263,24.04696,6397.56,7475.21,2.66,2.56,12.5,-0.409,18.7,19.74,02a60357o0285c
60357.667265,-21.533,5.045,-9,45,c,0,0.94,157.87263,24.04696,6416.28,7359.27,2.68,2.55,23.0,-0.405,18.13,18.93,02a60357o0292c
60358.407306,-21.301,1.216,-11,13,o,0,1.16,157.87263,24.04696,8133.8,7099.88,2.25,2.09,43.0,-0.436,19.3,20.17,02a60358o0397o
60358.414988,-20.431,0.547,-24,13,o,0,1.12,157.87263,24.04696,8151.18,7139.63,2.2,2.05,43.5,-0.443,19.32,20.18,02a60358o0411o
60358.416796,-20.708,0.747,-19,14,o,0,1.21,157.87263,24.04696,8091.42,7061.94,2.17,2.04,44.1,-0.445,19.31,20.18,02a60358o0415o
60358.422757,21.065,1.209,14,16,o,0,0.94,157.87263,24.04696,8074.57,7180.33,2.28,2.06,39.4,-0.434,19.3,20.18,02a60358o0428o
60361.384187,19.779,0.498,44,22,o,0,1.54,157.87263,24.04696,1917.18,6883.24,2.16,1.83,33.5,-0.438,18.78,19.13,02a60361o0376o
60361.385995,-21.941,4.444,-6,27,o,0,0.64,157.87263,24.04696,1936.47,6922.98,2.24,1.89,33.9,-0.432,18.73,19.14,02a60361o0380o
60361.38962,21.981,4.667,6,27,o,0,0.71,157.87263,24.04696,1878.83,6844.24,2.15,1.88,32.2,-0.438,18.79,19.15,02a60361o0388o
60361.395049,21.033,1.578,14,22,o,0,1.62,157.87263,24.04696,1862.13,6960.88,2.16,1.89,32.0,-0.442,18.76,19.16,02a60361o0400o
60368.435492,20.16,0.485,31,15,o,0,1.06,157.87263,24.04696,4284.92,5090.12,2.76,2.38,45.0,-0.385,19.18,20.02,01a60368o0476o
60368.4676,24.14,19.0,1,15,o,0,1.05,157.87263,24.04696,4307.62,5121.72,2.74,2.43,49.7,-0.387,19.16,20.02,01a60368o0540o
60368.470373,-22.19,3.306,-5,16,o,0,0.88,157.87263,24.04696,4248.84,5042.95,2.75,2.43,38.3,-0.385,19.14,20.01,01a60368o0546o
60368.495261,-22.463,3.63,-4,14,o,0,1.61,157.87263,24.04696,4231.94,5154.67,2.83,2.45,41.5,-0.38,19.1,19.98,01a60368o0595o
60369.616538,15.257,0.429,2867,1229,o,0,1.49,157.87263,24.04696,6286.81,5499.87,2.87,2.28,36.5,-0.423,15.57,16.04,02a60369o0006o
60370.424428,-21.472,1.553,-9,14,o,0,1.01,157.87263,24.04696,904.37,1127.99,2.06,1.94,-67.5,-0.476,19.36,20.34,02a60370o0460o
60370.428048,-21.286,1.058,-11,12,o,0,1.52,157.87263,24.04696,886.18,1090.45,1.98,1.92,85.7,-0.491,19.32,20.33,02a60370o0468o
60370.46157,22.394,6.152,4,25,o,0,1.38,157.87263,24.04696,946.12,1169.42,1.92,1.87,-81.4,-0.493,18.92,19.83,02a60370o0538o
60370.46867,21.094,1.561,13,21,o,0,0.62,157.87263,24.04696,969.28,1056.38,1.97,1.84,49.1,-0.516,19.17,20.03,02a60370o0553o
60371.438415,22.23,2.618,5,12,o,0,1.17,157.87263,24.04696,9678.9,9410.44,2.55,2.53,-67.0,-0.456,19.45,20.65,01a60371o0429o
60371.44176,-23.661,11.444,-1,14,o,0,0.91,157.87263,24.04696,9698.83,9447.44,2.59,2.5,-68.3,-0.453,19.47,20.65,01a60371o0436o
60371.451024,-23.684,12.0,-1,15,o,0,0.63,157.87263,24.04696,9639.53,9366.76,2.54,2.51,86.5,-0.45,19.44,20.63,01a60371o0454o
60371.461395,-24.26,18.6,-1,13,o,0,1.17,157.87263,24.04696,9622.59,9481.91,2.62,2.59,85.6,-0.446,19.43,20.55,01a60371o0476o
60374.596735,-19.392,3.893,-64,248,o,0,1.28,157.87263,24.04696,5969.1,9180.66,2.49,2.37,-66.0,-0.434,16.21,17.12,02a60374o0189o
60375.507456,20.012,0.374,36,13,o,0,0.79,157.87263,24.04696,4580.04,1380.59,2.64,2.46,41.6,-0.423,19.46,20.83,01a60375o0316o
60375.510338,-21.214,1.051,-12,12,o,0,0.99,157.87263,24.04696,4600.77,1419.48,2.82,2.63,46.8,-0.413,19.39,20.8,01a60375o0322o
60375.517729,22.888,5.708,2,14,o,0,0.53,157.87263,24.04696,4542.15,1339.98,2.61,2.39,50.5,-0.418,19.5,20.82,01a60375o0338o
60375.531493,20.312,0.575,27,16,o,0,0.82,157.87263,24.04696,4525.37,1454.74,3.1,2.79,46.1,-0.371,19.28,20.74,01a60375o0367o
60384.384963,-21.003,0.865,-14,12,o,0,0.82,157.87263,24.04696,8403.74,1165.66,2.74,2.64,-55.8,-0.431,19.49,21.0,01a60384o0358o
60384.418537,-21.113,0.971,-13,13,o,0,0.62,157.87263,24.04696,8422.5,1193.69,2.49,2.39,-49.6,-0.454,19.62,21.09,01a60384o0427o
60384.422298,21.145,0.922,13,12,o,0,0.79,157.87263,24.04696,8363.88,1115.21,2.61,2.59,-27.3,-0.435,19.54,21.09,01a60384o0434o
60384.428907,-20.856,0.688,-16,11,o,0,0.91,157.87263,24.04696,8345.41,1231.73,2.48,2.45,-22.7,-0.445,19.55,21.07,01a60384o0448o
60386.30792,-23.309,9.9,-2,17,o,0,1.25,157.87263,24.04696,10102.97,6977.65,2.82,2.18,-61.2,-0.451,19.26,20.3,02a60386o0183o
60386.343958,20.834,0.918,17,16,o,0,0.99,157.87263,24.04696,10132.31,7020.53,2.57,2.11,-60.2,-0.471,19.35,20.38,02a60386o0253o
60386.347123,-21.461,1.891,-10,18,o,0,0.83,157.87263,24.04696,10074.75,6944.43,2.47,2.11,-61.9,-0.472,19.34,20.38,02a60386o0260o
60386.35119,20.872,1.18,16,19,o,0,0.78,157.87263,24.04696,10057.86,7062.58,2.45,2.12,-59.9,-0.466,19.35,20.39,02a60386o0269o
60387.40187,21.991,2.628,6,15,o,0,0.98,157.87263,24.04696,10071.66,6957.21,2.58,2.52,-38.3,-0.432,19.25,20.24,01a60387o0366o
60387.405661,22.209,3.265,5,16,o,0,0.9,157.87263,24.04696,10091.02,6993.82,2.61,2.58,0.7,-0.425,19.24,20.22,01a60387o0374o
60387.441368,20.66,0.822,20,16,o,0,0.75,157.87263,24.04696,10029.56,6911.07,2.5,2.47,-55.4,-0.436,19.23,20.18,01a60387o0445o
60387.470361,21.239,1.5,12,17,o,0,0.88,157.87263,24.04696,10011.69,7025.19,2.7,2.65,-58.1,-0.422,19.11,20.07,01a60387o0503o
60388.321918,23.217,9.333,2,18,o,0,1.03,157.87263,24.04696,2205.94,7133.51,2.55,2.34,55.9,-0.431,19.11,19.79,01a60388o0209o
60388.324849,-21.421,1.456,-10,14,o,0,1.33,157.87263,24.04696,2184.85,7095.5,2.51,2.35,53.8,-0.434,19.14,19.79,01a60388o0215o
60388.327619,-22.372,3.912,-4,16,o,0,0.78,157.87263,24.04696,2241.07,7173.38,2.5,2.29,51.8,-0.431,19.15,19.82,01a60388o0221o
60388.332892,20.897,1.129,16,18,o,0,1.17,157.87263,24.04696,2255.69,7057.36,2.63,2.36,49.4,-0.419,19.11,19.83,01a60388o0232o
60394.406636,-21.715,4.304,-8,32,o,0,2.67,157.87263,24.04696,4432.32,7534.15,2.54,1.96,33.1,-0.4,18.21,18.32,02a60394o0404o
60394.410257,19.803,0.845,44,37,o,0,0.96,157.87263,24.04696,4414.07,7494.97,2.49,2.01,33.9,-0.415,18.24,18.42,02a60394o0412o
60394.417215,-19.862,0.795,-41,33,o,0,1.6,157.87263,24.04696,4472.48,7574.05,2.49,2.01,34.5,-0.418,18.24,18.41,02a60394o0427o
60394.427057,-19.278,0.562,-71,40,o,0,0.68,157.87263,24.04696,4492.52,7457.45,2.47,1.95,34.4,-0.398,18.24,18.34,02a60394o0447o
60395.193115,-18.81,0.381,-109,41,o,0,1.16,157.87263,24.04696,6165.97,2977.6,2.24,1.98,-20.6,-0.512,18.16,18.21,04a60395o0477o
60396.384013,20.409,0.915,25,23,o,0,0.97,157.87263,24.04696,192.16,9539.9,2.33,1.9,-50.3,-0.423,18.89,19.55,02a60396o0363o
60396.388133,25.46,104.0,0,25,o,0,0.85,157.87263,24.04696,174.42,9502.03,2.28,1.78,-50.2,-0.436,18.98,19.54,02a60396o0372o
60396.393565,20.634,0.933,20,19,o,0,1.48,157.87263,24.04696,233.82,9577.85,2.18,1.78,-48.0,-0.438,18.98,19.53,02a60396o0384o
60396.395869,21.26,1.736,11,20,o,0,1.31,157.87263,24.04696,10063.89,9563.56,2.71,2.13,-55.0,-0.439,18.95,19.5,02a60396o0389o
60396.399192,-20.287,0.745,-28,21,o,0,1.08,157.87263,24.04696,10045.19,9523.49,2.74,2.05,-52.9,-0.423,18.95,19.48,02a60396o0396o
60396.40602,21.43,2.667,10,26,o,0,0.78,157.87263,24.04696,10103.36,9602.14,2.84,2.08,-54.5,-0.429,18.95,19.49,02a60396o0411o
60396.407406,-21.208,1.587,-12,19,o,0,1.52,157.87263,24.04696,254.04,9458.73,2.16,1.8,-41.2,-0.458,18.94,19.5,02a60396o0414o
60396.416031,-20.564,1.0,-22,22,o,0,1.48,157.87263,24.04696,10121.59,9486.92,2.87,2.07,-51.2,-0.421,18.89,19.44,02a60396o0433o
60397.365754,20.022,0.506,36,18,o,0,1.3,157.87263,24.04696,190.73,9533.7,2.53,1.89,-55.0,-0.486,19.04,19.77,02a60397o0313o
60397.368917,19.757,0.3,45,14,o,0,1.64,157.87263,24.04696,172.42,9494.78,2.32,1.68,-51.5,-0.419,19.1,19.77,02a60397o0320o
60397.374355,21.35,2.357,10,25,o,0,0.74,157.87263,24.04696,232.37,9573.11,2.45,1.82,-55.8,-0.476,19.03,19.77,02a60397o0332o
60397.384381,-21.505,1.687,-9,15,o,0,1.65,157.87263,24.04696,253.67,9452.61,2.37,1.7,-56.0,-0.488,19.09,19.75,02a60397o0353o
60397.387099,22.232,4.741,5,22,o,0,0.87,157.87263,24.04696,10062.62,9555.23,2.98,2.14,-49.5,-0.413,19.0,19.75,02a60397o0359o
60397.39045,20.455,0.834,24,20,o,0,1.29,157.87263,24.04696,10043.37,9515.18,3.09,1.99,-58.7,-0.421,19.08,19.75,02a60397o0366o
60397.395545,19.514,0.407,57,23,o,0,0.92,157.87263,24.04696,10101.89,9595.33,3.08,2.09,-56.8,-0.419,19.04,19.74,02a60397o0377o
60397.406195,-21.298,1.746,-11,19,o,0,1.03,157.87263,24.04696,10122.57,9482.52,3.08,2.0,-56.0,-0.409,19.06,19.73,02a60397o0400o
60398.363803,-23.507,12.5,-1,18,o,0,0.92,157.87263,24.04696,4330.6,5587.96,2.34,1.87,30.8,-0.423,19.23,20.09,02a60398o0321o
60398.367418,19.99,0.452,37,17,o,0,0.85,157.87263,24.04696,4312.53,5551.26,2.34,1.89,33.8,-0.429,19.22,20.07,02a60398o0329o
60398.373753,22.333,4.0,4,17,o,0,1.2,157.87263,24.04696,4371.44,5628.91,2.57,2.19,15.6,-0.409,19.06,20.05,02a60398o0343o
60398.384869,20.704,0.904,19,17,o,0,0.88,157.87263,24.04696,4391.54,5513.42,2.47,2.08,34.1,-0.432,19.09,20.01,02a60398o0367o
60399.370694,21.289,1.062,11,12,o,0,1.01,157.87263,24.04696,6214.74,4978.44,2.51,2.24,45.2,-0.401,19.53,20.64,01a60399o0325o
60399.373925,-23.41,7.462,-2,12,o,0,1.18,157.87263,24.04696,6234.8,5016.19,2.61,2.3,42.4,-0.394,19.47,20.58,01a60399o0332o
60399.379569,-22.01,2.271,-6,13,o,0,0.8,157.87263,24.04696,6176.67,4937.59,2.59,2.26,39.1,-0.397,19.48,20.51,01a60399o0344o
60399.390008,21.568,1.725,9,15,o,0,0.6,157.87263,24.04696,6158.05,5051.76,2.67,2.31,41.7,-0.396,19.41,20.43,01a60399o0365o
60400.374646,-22.981,4.65,-2,11,o,0,0.96,157.87263,24.04696,1497.54,9343.27,2.4,2.29,75.8,-0.452,19.63,20.92,01a60400o0282o
60400.379725,22.132,2.488,5,13,o,0,0.75,157.87263,24.04696,1517.7,9380.21,2.41,2.3,84.5,-0.453,19.64,20.97,01a60400o0293o
60400.39319,-21.177,0.788,-12,10,o,0,1.5,157.87263,24.04696,1461.09,9297.82,2.51,2.34,81.3,-0.444,19.6,20.93,01a60400o0321o
60400.396428,22.754,4.652,3,13,o,0,0.69,157.87263,24.04696,1438.52,9415.0,2.53,2.33,72.1,-0.446,19.61,20.92,01a60400o0328o
60401.379942,-22.412,2.786,-4,11,c,0,0.95,157.87263,24.04696,9085.6,1260.07,2.58,2.07,-57.7,-0.438,19.56,21.35,02a60401o0345c
60401.383111,20.955,0.777,15,12,c,0,1.02,157.87263,24.04696,9067.85,1222.49,2.51,2.06,-58.1,-0.436,19.61,21.34,02a60401o0352c
60401.389439,21.985,1.698,6,10,c,0,1.03,157.87263,24.04696,9127.68,1300.26,2.5,2.06,-57.4,-0.437,19.57,21.34,02a60401o0366c
60401.399945,-21.102,0.747,-13,10,c,0,1.33,157.87263,24.04696,9151.19,1182.46,2.55,2.06,-59.0,-0.441,19.57,21.31,02a60401o0388c
60404.35407,22.014,1.72,6,10,o,0,0.97,157.87263,24.04696,184.66,5335.56,3.84,2.64,-3.2,-0.348,19.7,20.58,02a60404o0080o
60404.369731,22.736,3.078,3,9,o,0,0.72,157.87263,24.04696,163.1,5296.72,2.55,2.54,-18.4,-0.362,19.96,20.69,02a60404o0091o
60404.382133,23.016,3.763,2,8,o,0,1.09,157.87263,24.04696,10165.21,5362.01,3.07,2.58,-56.5,-0.435,20.02,20.76,02a60404o0100o
60404.383511,-22.781,3.524,-3,10,o,0,0.63,157.87263,24.04696,223.87,5374.96,2.51,2.49,-33.8,-0.369,20.06,20.78,02a60404o0101o
60404.399036,-22.431,2.548,-4,10,o,0,1.07,157.87263,24.04696,10144.6,5322.97,3.12,2.66,-56.7,-0.435,19.98,20.68,02a60404o0112o
60404.412959,23.385,6.3,2,10,o,0,1.09,157.87263,24.04696,10204.85,5402.06,3.48,3.03,-58.5,-0.431,19.76,20.55,02a60404o0122o
60407.2555,-22.11,2.04,-5,11,o,0,0.84,157.87263,24.04696,10413.29,5219.44,3.41,2.71,-58.3,-0.443,19.77,20.44,02a60407o0020o
60407.262761,-20.14,0.651,-32,21,o,0,1.19,157.87263,24.04696,10438.62,5256.48,3.37,2.79,-64.1,-0.455,18.73,20.24,02a60407o0025o
60407.28929,23.956,7.167,1,7,o,0,1.88,157.87263,24.04696,10393.71,5187.77,2.92,2.36,-58.9,-0.458,19.97,20.64,02a60407o0031o
60407.293424,22.188,1.698,5,8,o,0,0.71,157.87263,24.04696,442.34,5201.74,2.58,2.45,-61.4,-0.387,20.01,20.66,02a60407o0034o
60407.300314,22.304,1.86,4,8,o,0,0.69,157.87263,24.04696,465.15,5242.27,2.56,2.53,-13.9,-0.388,20.03,20.69,02a60407o0039o
60407.307203,-25.282,23.857,0,7,o,0,0.89,157.87263,24.04696,409.1,5165.19,2.38,2.34,9.8,-0.383,20.11,20.77,02a60407o0044o
60409.331185,21.856,1.26,7,8,o,0,0.91,157.87263,24.04696,2137.16,9401.03,2.3,2.11,-38.4,-0.47,20.16,20.82,02a60409o0094o
60409.45705,-22.205,1.589,-5,8,o,0,1.23,157.87263,24.04696,2118.59,9357.09,2.03,1.86,-37.0,-0.464,20.11,20.43,02a60409o0183o
60409.470831,24.83,21.231,0,9,o,0,1.11,157.87263,24.04696,2176.33,9432.67,2.05,1.99,-31.9,-0.458,20.02,20.33,02a60409o0193o
60416.315281,-17.901,1.75,-251,439,o,0,1.44,157.87263,24.04696,2655.97,1486.49,2.53,2.29,37.1,-0.44,15.72,15.59,01a60416o0186o
60416.318516,-15.355,1.005,-2619,2632,o,0,0.86,157.87263,24.04696,2677.18,1524.3,2.56,2.27,44.7,-0.43,13.61,13.48,01a60416o0193o
60416.32926,21.187,83.0,12,1010,o,0,1.44,157.87263,24.04696,2615.79,1441.94,2.51,2.28,40.9,-0.438,14.49,14.31,01a60416o0214o
60416.334447,19.283,2.826,70,199,o,0,1.29,157.87263,24.04696,2600.34,1558.12,2.65,2.39,30.4,-0.449,16.62,16.73,01a60416o0225o
60421.325396,20.612,1.528,21,32,o,0,0.85,157.87263,24.04696,907.57,1142.86,2.37,1.83,-58.6,-0.487,18.73,19.08,02a60421o0220o
60421.328628,22.478,7.321,4,27,o,0,0.82,157.87263,24.04696,888.52,1103.18,2.49,1.85,-57.0,-0.48,18.69,19.08,02a60421o0227o
60421.335017,20.28,0.885,28,25,o,0,1.21,157.87263,24.04696,948.7,1181.03,2.41,1.87,-57.8,-0.481,18.71,19.06,02a60421o0241o
60421.346084,21.613,3.651,8,30,o,0,0.94,157.87263,24.04696,967.63,1062.2,2.39,1.86,-59.3,-0.48,18.63,18.93,02a60421o0265o
60422.342021,-22.662,8.167,-3,26,o,0,1.0,157.87263,24.04696,2903.7,1041.65,2.31,1.91,-52.2,-0.491,18.66,18.98,02a60422o0255o
60422.345223,21.075,1.868,14,25,o,0,0.85,157.87263,24.04696,2886.17,1003.83,2.28,1.91,-52.5,-0.484,18.67,18.95,02a60422o0262o
60422.352651,20.754,1.525,18,28,o,0,1.22,157.87263,24.04696,2944.73,1079.98,2.28,1.91,-53.2,-0.493,18.64,18.99,02a60422o0278o
60422.362637,22.517,7.75,4,28,o,0,1.23,157.87263,24.04696,2967.66,961.51,2.27,1.9,-57.0,-0.494,18.62,18.91,02a60422o0300o
60424.339983,22.859,11.895,3,31,o,0,1.14,157.87263,24.04696,5947.53,9191.07,2.28,2.15,-56.4,-0.449,18.71,19.06,02a60424o0249o
60424.343194,18.974,0.301,93,28,o,0,1.37,157.87263,24.04696,5928.15,9153.81,2.21,2.05,-49.7,-0.454,18.74,19.05,02a60424o0256o
60424.348704,21.07,2.233,14,30,o,0,1.14,157.87263,24.04696,5985.3,9230.69,2.23,2.08,-54.9,-0.455,18.75,19.05,02a60424o0268o
60424.359167,20.036,0.898,35,32,o,0,1.21,157.87263,24.04696,6007.04,9114.61,2.17,2.11,-46.9,-0.448,18.73,19.03,02a60424o0291o
60425.381041,19.195,0.483,76,37,o,0,1.17,157.87263,24.04696,5966.84,9194.17,3.05,2.83,-54.2,-0.406,18.41,19.15,02a60425o0124o
60425.384222,20.469,1.621,24,38,o,0,1.0,157.87263,24.04696,5946.14,9154.88,3.31,3.07,-53.6,-0.39,18.33,19.14,02a60425o0131o
60425.439921,20.962,3.375,15,50,o,0,1.76,157.87263,24.04696,6007.65,9232.99,3.36,3.33,12.8,-0.408,18.08,18.8,02a60425o0144o
60425.445413,19.181,0.796,77,61,o,0,0.86,157.87263,24.04696,6027.98,9113.45,2.97,2.82,-48.2,-0.433,18.21,18.76,02a60425o0156o
60426.354977,19.239,0.252,73,18,o,0,1.25,157.87263,24.04696,4422.21,3375.48,2.05,1.99,33.4,-0.456,18.96,19.6,02a60426o0162o
60426.35816,18.999,0.244,91,22,o,0,0.85,157.87263,24.04696,4404.4,3337.09,2.2,2.17,45.1,-0.453,18.87,19.56,02a60426o0169o
60426.364949,19.28,0.28,70,20,o,0,1.25,157.87263,24.04696,4463.75,3413.99,2.28,2.27,-4.9,-0.444,18.81,19.55,02a60426o0184o
60426.374912,19.511,0.356,57,20,o,0,1.23,157.87263,24.04696,4487.38,3296.18,2.26,2.22,-38.8,-0.446,18.81,19.48,02a60426o0206o
60429.239581,18.242,0.194,183,36,o,0,0.83,157.87263,24.04696,2327.65,3205.55,2.44,2.28,36.6,-0.45,18.47,19.43,02a60429o0026o
60429.241868,17.971,0.128,235,30,o,0,1.41,157.87263,24.04696,2348.09,3247.45,2.2,2.14,25.2,-0.455,18.44,19.28,02a60429o0030o
60429.245032,18.068,0.109,215,24,o,0,1.24,157.87263,24.04696,2292.67,3167.34,2.22,2.17,18.7,-0.455,18.81,19.79,02a60429o0037o
60429.250668,17.919,0.157,247,39,o,0,1.2,157.87263,24.04696,2275.67,3284.92,2.36,2.3,-18.6,-0.451,18.29,19.3,02a60429o0049o
60430.325022,18.018,0.28,225,63,o,0,0.84,157.87263,24.04696,8217.94,5436.52,2.26,2.15,76.8,-0.443,17.82,18.87,02a60430o0218o
60430.328323,17.636,0.137,320,44,o,0,0.85,157.87263,24.04696,8197.21,5397.11,2.26,2.13,49.9,-0.436,18.17,19.22,02a60430o0225o
60430.33348,17.55,0.213,347,74,o,0,0.81,157.87263,24.04696,8256.56,5474.63,2.14,2.06,54.5,-0.443,17.72,18.67,02a60430o0236o
60430.345514,17.971,0.314,235,74,o,0,1.38,157.87263,24.04696,8276.92,5359.67,2.21,2.12,49.3,-0.432,17.68,18.67,02a60430o0262o
60431.321204,17.595,0.038,333,13,o,0,1.27,157.87263,24.04696,2349.16,5159.62,2.52,2.29,48.1,-0.431,19.54,20.8,01a60431o0184o
60431.324541,17.604,0.039,330,13,o,0,0.85,157.87263,24.04696,2370.78,5198.49,2.57,2.34,54.5,-0.425,19.54,20.78,01a60431o0191o
60431.331962,17.614,0.037,327,12,o,0,1.63,157.87263,24.04696,2311.35,5118.92,2.63,2.37,45.9,-0.426,19.51,20.77,01a60431o0206o
60431.342057,17.626,0.044,323,14,o,0,1.0,157.87263,24.04696,2291.44,5231.88,2.51,2.24,49.4,-0.429,19.53,20.72,01a60431o0227o
60433.301311,17.31,0.034,432,15,o,0,1.2,157.87263,24.04696,165.44,5337.73,2.11,2.01,-56.5,-0.394,19.41,20.52,02a60433o0154o
60433.302669,17.355,0.037,415,16,o,0,1.92,157.87263,24.04696,10146.82,5363.51,2.67,2.19,-63.8,-0.465,19.4,20.57,02a60433o0157o
60433.30466,17.286,0.037,442,16,o,0,1.19,157.87263,24.04696,145.26,5298.83,2.14,2.1,-62.3,-0.403,19.37,20.55,02a60433o0161o
60433.306015,17.378,0.041,406,17,o,0,1.23,157.87263,24.04696,10125.39,5324.57,2.59,2.13,-61.1,-0.47,19.44,20.59,02a60433o0164o
60433.310591,17.309,0.034,433,15,o,0,0.98,157.87263,24.04696,208.62,5376.55,2.11,1.9,-57.7,-0.403,19.4,20.56,02a60433o0174o
60433.311946,17.391,0.038,401,15,o,0,1.68,157.87263,24.04696,10188.16,5405.27,2.63,2.1,-60.2,-0.476,19.42,20.6,02a60433o0177o
60433.32102,17.325,0.038,426,16,o,0,0.82,157.87263,24.04696,230.1,5260.99,2.06,2.02,-67.4,-0.401,19.42,20.51,02a60433o0197o
60433.32613,17.26,0.038,453,17,o,0,1.13,157.87263,24.04696,10208.84,5290.64,2.53,2.08,-58.0,-0.479,19.41,20.56,02a60433o0208o
60434.343144,17.312,0.041,432,18,o,0,0.96,157.87263,24.04696,2128.48,9395.77,2.13,1.99,-32.9,-0.46,19.33,20.34,02a60434o0170o
60434.346319,17.242,0.045,460,21,o,0,0.76,157.87263,24.04696,2110.87,9356.5,2.1,1.99,-37.8,-0.455,19.33,20.37,02a60434o0177o
60434.351747,17.302,0.033,436,15,o,0,1.46,157.87263,24.04696,2169.64,9434.31,2.11,1.99,-43.3,-0.463,19.32,20.41,02a60434o0189o
60434.362604,17.295,0.043,438,19,o,0,0.95,157.87263,24.04696,2191.98,9317.13,2.09,1.97,-41.8,-0.451,19.35,20.37,02a60434o0213o
60437.303225,17.158,0.027,497,14,o,0,1.56,157.87263,24.04696,496.01,3586.28,1.97,1.84,-55.7,-0.444,19.47,20.61,02a60437o0161o
60437.306391,17.212,0.024,473,11,o,0,2.73,157.87263,24.04696,478.91,3547.66,1.95,1.82,-54.8,-0.443,19.52,20.61,02a60437o0168o
60437.313888,17.085,0.023,532,12,o,0,1.69,157.87263,24.04696,537.24,3622.4,1.95,1.84,-57.4,-0.452,19.51,20.63,02a60437o0184o
60437.32439,17.151,0.027,501,14,o,0,1.5,157.87263,24.04696,558.59,3506.96,1.95,1.88,-54.4,-0.446,19.49,20.6,02a60437o0207o
60438.303733,17.202,0.029,478,14,o,0,1.51,157.87263,24.04696,2164.26,7155.06,1.89,1.87,49.5,-0.459,19.52,20.61,02a60438o0163o
60438.306902,17.142,0.031,505,16,o,0,1.08,157.87263,24.04696,2146.88,7116.74,1.89,1.86,18.6,-0.455,19.53,20.58,02a60438o0170o
60438.313237,17.183,0.03,486,15,o,0,1.65,157.87263,24.04696,2207.7,7193.65,1.94,1.86,30.1,-0.456,19.48,20.58,02a60438o0184o
60438.333966,17.156,0.032,498,16,o,0,0.85,157.87263,24.04696,2232.17,7078.76,1.9,1.82,29.9,-0.456,19.51,20.55,02a60438o0229o
60447.357884,17.506,0.067,361,24,o,0,1.26,157.87263,24.04696,10330.23,997.13,2.51,2.25,-48.5,-0.413,18.63,19.0,01a60447o0223o
60447.361005,17.598,0.064,332,21,o,0,1.03,157.87263,24.04696,10348.63,1036.16,2.43,2.17,-47.1,-0.407,18.67,19.0,01a60447o0229o
60447.383866,17.501,0.079,363,29,o,0,1.11,157.87263,24.04696,10284.39,964.56,2.78,2.37,-57.0,-0.405,18.49,18.87,01a60447o0276o
60447.389781,17.42,0.07,391,27,o,0,1.3,157.87263,24.04696,10263.17,1084.39,2.65,2.2,-60.7,-0.414,18.53,18.83,01a60447o0288o
60450.314732,17.622,0.73,325,237,o,0,1.07,157.87263,24.04696,9092.2,1261.79,2.54,1.77,-55.1,-0.534,16.57,16.36,02a60450o0051o
60450.317926,-18.158,1.368,-198,271,o,0,0.88,157.87263,24.04696,9073.95,1222.74,2.66,1.87,-57.6,-0.544,15.99,16.22,02a60450o0058o
60450.324286,17.849,0.086,263,23,o,0,1.1,157.87263,24.04696,9133.86,1301.29,2.63,1.81,-56.8,-0.498,18.78,19.27,02a60450o0072o
60450.334501,17.936,0.11,243,27,o,0,0.96,157.87263,24.04696,9154.48,1183.44,2.49,1.77,-56.5,-0.516,18.83,19.33,02a60450o0094o
60451.287775,17.99,0.109,231,25,o,0,0.75,157.87263,24.04696,1502.8,9321.58,2.53,2.32,77.9,-0.451,18.93,19.44,01a60451o0116o
60451.29101,17.906,0.084,250,21,o,0,1.27,157.87263,24.04696,1520.12,9361.13,2.52,2.32,77.1,-0.455,18.91,19.39,01a60451o0123o
60451.299096,18.162,0.115,197,23,o,0,1.26,157.87263,24.04696,1459.02,9281.2,2.89,2.46,66.3,-0.408,18.81,19.42,01a60451o0140o
60451.310874,18.032,0.099,222,22,o,0,1.14,157.87263,24.04696,1438.92,9395.3,2.41,2.23,88.1,-0.465,18.92,19.39,01a60451o0165o
60452.27173,17.805,0.066,274,18,o,0,1.26,157.87263,24.04696,10318.69,3244.72,2.42,2.3,-18.1,-0.385,18.89,19.43,01a60452o0051o
60452.276826,17.89,0.074,254,19,o,0,1.16,157.87263,24.04696,10337.19,3282.76,2.49,2.24,-3.7,-0.37,18.87,19.43,01a60452o0062o
60452.280059,18.003,0.086,228,20,o,0,0.88,157.87263,24.04696,10278.07,3206.05,2.56,2.28,9.3,-0.363,18.84,19.43,01a60452o0069o
60452.290336,17.914,0.08,248,20,o,0,0.9,157.87263,24.04696,10259.03,3322.23,2.5,2.28,5.1,-0.361,18.84,19.4,01a60452o0091o
60452.307778,17.855,0.081,262,21,o,0,1.11,157.87263,24.04696,326.85,3275.15,2.45,2.26,48.5,-0.376,18.88,19.38,01a60452o0128o
60452.3106,17.925,0.078,245,19,o,0,0.84,157.87263,24.04696,347.23,3314.68,2.42,2.23,52.4,-0.381,18.91,19.36,01a60452o0134o
60452.316182,17.907,0.076,250,19,o,0,1.58,157.87263,24.04696,286.25,3233.56,2.71,2.39,41.2,-0.354,18.83,19.35,01a60452o0146o
60452.330786,17.871,0.079,258,20,o,0,1.09,157.87263,24.04696,266.38,3346.78,2.41,2.22,43.9,-0.386,18.89,19.3,01a60452o0177o
60453.284203,17.937,0.088,243,21,o,0,1.26,157.87263,24.04696,236.06,7288.03,2.0,1.77,-49.9,-0.417,18.77,19.13,02a60453o0103o
60453.28782,17.8,0.073,276,20,o,0,1.03,157.87263,24.04696,217.95,7249.17,1.94,1.76,-50.1,-0.398,18.8,19.11,02a60453o0111o
60453.293245,18.064,0.104,216,22,o,0,0.99,157.87263,24.04696,277.51,7325.81,1.96,1.81,-48.1,-0.418,18.72,19.08,02a60453o0123o
60453.294149,17.647,0.098,317,31,o,0,0.9,157.87263,24.04696,10225.94,7319.17,2.55,2.03,-55.1,-0.448,18.76,19.12,02a60453o0125o
60453.297314,18.3,0.312,174,54,o,0,1.3,157.87263,24.04696,10207.23,7279.98,2.48,2.05,-53.8,-0.462,18.51,18.9,02a60453o0132o
60453.303196,17.9,0.127,251,32,o,0,1.28,157.87263,24.04696,10268.43,7359.46,2.64,2.12,-57.0,-0.451,18.65,19.07,02a60453o0145o
60453.304551,17.793,0.101,277,28,o,0,0.61,157.87263,24.04696,298.44,7207.87,2.05,1.88,-50.9,-0.405,18.67,19.01,02a60453o0148o
60453.313169,18.883,1.353,102,138,o,0,1.24,157.87263,24.04696,10289.14,7243.8,2.6,1.92,-55.7,-0.491,17.69,17.91,02a60453o0167o
60454.28295,18.095,0.113,210,24,o,0,1.35,157.87263,24.04696,4887.43,938.56,2.06,1.76,-56.0,-0.491,18.55,18.92,02a60454o0096o
60454.286115,18.032,0.114,222,25,o,0,1.18,157.87263,24.04696,4867.75,900.38,2.0,1.68,-53.7,-0.485,18.78,19.15,02a60454o0103o
60454.292067,17.99,0.089,231,21,o,0,1.65,157.87263,24.04696,4929.17,977.82,1.99,1.7,-54.9,-0.494,18.78,19.13,02a60454o0116o
60454.30215,17.957,0.078,238,19,o,0,1.97,157.87263,24.04696,4948.66,859.46,2.01,1.74,-55.6,-0.485,18.73,19.09,02a60454o0138o
60455.265522,18.299,0.171,174,30,o,0,1.26,157.87263,24.04696,5709.57,9620.78,2.75,2.56,65.2,-0.385,18.57,19.7,01a60455o0072o
60455.268759,18.103,0.237,208,50,o,0,0.69,157.87263,24.04696,5731.42,9659.7,2.61,2.5,83.1,-0.409,18.08,19.02,01a60455o0079o
60455.273921,18.134,0.253,202,51,o,0,0.78,157.87263,24.04696,5668.72,9581.47,2.66,2.57,62.7,-0.4,18.02,18.99,01a60455o0090o
60455.283867,17.757,0.241,287,69,o,0,1.52,157.87263,24.04696,5650.88,9696.9,2.53,2.43,-77.7,-0.416,17.52,18.11,01a60455o0111o
60456.277699,18.207,0.081,189,15,o,0,1.37,157.87263,24.04696,4195.45,3126.86,2.67,2.36,43.3,-0.424,19.15,20.4,01a60456o0069o
60456.280936,18.11,0.104,207,21,o,0,1.04,157.87263,24.04696,4215.54,3165.71,2.67,2.32,48.2,-0.425,18.98,20.21,01a60456o0076o
60456.286476,18.072,0.106,214,23,o,0,1.15,157.87263,24.04696,4156.97,3087.17,2.55,2.24,44.7,-0.446,18.82,20.05,01a60456o0088o
60456.373905,-14.505,0.475,-5725,2721,o,0,1.2,157.87263,24.04696,4121.72,3200.12,3.23,2.86,52.1,-0.432,14.16,14.3,01a60456o0093o
60457.279192,18.027,0.064,224,14,o,0,1.11,157.87263,24.04696,6359.66,7443.66,2.14,1.95,42.2,-0.449,19.46,20.51,02a60457o0087o
60457.282374,18.021,0.064,225,14,o,0,1.07,157.87263,24.04696,6339.77,7404.62,2.12,1.96,42.6,-0.447,19.47,20.51,02a60457o0094o
60457.289609,18.113,0.061,206,13,o,0,1.39,157.87263,24.04696,6399.96,7482.81,2.12,1.97,45.2,-0.454,19.45,20.51,02a60457o0110o
60457.29941,18.275,0.081,178,14,o,0,1.11,157.87263,24.04696,6417.67,7368.57,2.06,1.93,43.1,-0.454,19.48,20.52,02a60457o0131o
60458.269706,18.201,0.16,190,30,o,0,1.91,157.87263,24.04696,2472.18,3472.38,2.02,1.9,40.7,-0.465,18.21,19.15,02a60458o0068o
60458.273347,18.129,0.179,204,36,o,0,0.98,157.87263,24.04696,2451.97,3434.2,1.93,1.91,48.0,-0.455,18.42,19.34,02a60458o0076o
60458.27878,17.92,0.143,246,35,o,0,1.74,157.87263,24.04696,2513.78,3510.6,1.92,1.89,47.7,-0.46,18.16,19.06,02a60458o0088o
60458.291443,18.117,0.085,206,17,o,0,0.99,157.87263,24.04696,2536.63,3393.68,1.88,1.86,79.1,-0.459,19.03,19.97,02a60458o0116o
60459.258907,18.081,0.065,213,14,o,0,1.16,157.87263,24.04696,8106.14,7071.12,2.45,2.38,77.0,-0.44,19.48,20.69,01a60459o0054o
60459.2626,18.109,0.07,207,15,o,0,1.05,157.87263,24.04696,8128.9,7109.98,2.69,2.61,67.7,-0.419,19.38,20.7,01a60459o0062o
60459.268674,17.98,0.066,233,15,o,0,0.88,157.87263,24.04696,8064.55,7031.02,2.58,2.4,44.1,-0.414,19.45,20.7,01a60459o0075o
60459.279006,18.027,0.142,224,32,o,0,1.18,157.87263,24.04696,8046.09,7147.63,2.43,2.31,-73.1,-0.441,18.54,19.73,01a60459o0097o
60460.258766,18.002,0.078,229,18,o,0,0.95,157.87263,24.04696,1900.38,6893.77,2.54,2.41,62.7,-0.431,19.2,20.3,01a60460o0051o
60460.262461,18.102,0.084,208,17,o,0,1.32,157.87263,24.04696,1919.96,6932.57,2.71,2.5,68.5,-0.42,19.15,20.34,01a60460o0059o
60460.268979,18.083,0.083,212,18,o,0,0.95,157.87263,24.04696,1861.51,6853.47,2.47,2.33,52.7,-0.447,19.26,20.4,01a60460o0073o
60460.278876,17.952,0.075,239,18,o,0,0.93,157.87263,24.04696,1841.21,6968.06,2.86,2.5,47.4,-0.395,19.1,20.32,01a60460o0094o
60461.270699,18.203,0.091,190,17,o,0,1.07,157.87263,24.04696,8676.2,3693.16,2.3,1.97,-64.3,-0.441,19.22,20.29,02a60461o0072o
60461.274329,17.987,0.088,232,20,o,0,0.82,157.87263,24.04696,8658.46,3654.14,2.32,1.98,-63.5,-0.433,19.19,20.18,02a60461o0080o
60461.279884,18.234,0.093,185,17,o,0,1.49,157.87263,24.04696,8716.6,3731.91,2.37,1.98,-63.0,-0.436,19.15,20.2,02a60461o0092o
60461.292689,18.04,0.087,221,19,o,0,0.74,157.87263,24.04696,8737.41,3616.08,2.26,1.9,-59.5,-0.446,19.32,20.31,02a60461o0120o
60462.280874,17.924,0.072,246,18,o,0,0.94,157.87263,24.04696,4059.27,9286.03,2.03,2.02,-26.6,-0.427,19.25,20.28,02a60462o0095o
60462.284043,17.983,0.068,233,16,o,0,1.3,157.87263,24.04696,4039.41,9247.15,2.02,1.99,-48.8,-0.434,19.32,20.35,02a60462o0102o
60462.290372,18.05,0.068,219,15,o,0,1.0,157.87263,24.04696,4098.91,9324.17,2.05,1.99,-39.6,-0.435,19.33,20.37,02a60462o0116o
60462.30124,17.99,0.076,231,18,o,0,0.7,157.87263,24.04696,4119.68,9206.18,2.02,1.99,-25.1,-0.437,19.37,20.39,02a60462o0140o
60463.260104,17.954,0.061,239,15,o,0,1.18,157.87263,24.04696,6482.2,1269.07,2.53,2.45,86.2,-0.465,19.35,20.64,01a60463o0053o
60463.263799,18.015,0.061,226,14,o,0,1.58,157.87263,24.04696,6504.67,1308.58,2.56,2.5,-56.3,-0.467,19.32,20.66,01a60463o0061o
60463.26982,18.014,0.064,226,14,o,0,1.01,157.87263,24.04696,6447.33,1229.34,2.51,2.44,-17.1,-0.469,19.33,20.66,01a60463o0074o
60463.280901,18.08,0.077,213,16,o,0,0.84,157.87263,24.04696,6424.62,1345.64,2.67,2.48,-26.0,-0.481,19.31,20.67,01a60463o0098o
60464.253961,17.974,0.068,235,16,o,0,0.91,157.87263,24.04696,8422.28,5319.88,2.56,2.49,56.4,-0.432,19.24,20.33,01a60464o0040o
60464.259514,18.14,0.082,201,16,o,0,0.92,157.87263,24.04696,8440.48,5358.9,2.58,2.5,90.0,-0.43,19.35,20.55,01a60464o0052o
60464.262747,18.136,0.084,202,17,o,0,0.58,157.87263,24.04696,8383.03,5282.16,2.52,2.44,-82.0,-0.434,19.38,20.59,01a60464o0059o
60464.273003,18.001,0.07,229,16,o,0,0.74,157.87263,24.04696,8363.24,5398.69,2.56,2.45,-74.7,-0.428,19.38,20.61,01a60464o0081o
60465.270524,18.253,0.083,182,15,o,0,0.95,157.87263,24.04696,2142.06,5219.07,2.23,2.03,37.1,-0.443,19.24,20.29,02a60465o0071o
60465.273723,18.065,0.071,216,15,o,0,1.1,157.87263,24.04696,2124.79,5180.35,2.13,2.0,36.2,-0.446,19.26,20.3,02a60465o0078o
60465.279656,18.198,0.093,191,18,o,0,0.54,157.87263,24.04696,2183.81,5256.96,2.11,1.93,31.9,-0.45,19.3,20.3,02a60465o0091o
60465.292511,18.098,0.085,209,18,o,0,0.69,157.87263,24.04696,2206.3,5139.76,2.14,2.02,34.5,-0.447,19.24,20.27,02a60465o0119o
60467.305055,18.242,0.095,183,17,o,0,0.74,157.87263,24.04696,2650.75,1458.18,2.51,2.32,48.8,-0.434,19.28,20.46,01a60467o0043o
60467.310597,18.266,0.082,179,15,o,0,1.27,157.87263,24.04696,2673.54,1496.81,2.61,2.29,46.1,-0.43,19.24,20.43,01a60467o0055o
60467.313831,18.367,0.095,163,16,o,0,1.25,157.87263,24.04696,2614.69,1417.73,2.48,2.18,45.3,-0.443,19.28,20.42,01a60467o0062o
60467.324474,18.371,0.107,163,17,o,0,0.93,157.87263,24.04696,2596.2,1533.76,2.66,2.36,46.6,-0.429,19.17,20.35,01a60467o0085o
60468.255118,18.287,0.091,176,16,o,0,0.98,157.87263,24.04696,4280.88,5061.62,2.74,2.38,40.9,-0.404,19.24,20.24,01a60468o0035o
60468.260667,18.303,0.088,173,15,o,0,0.96,157.87263,24.04696,4298.64,5100.41,2.79,2.37,41.8,-0.394,19.29,20.36,01a60468o0047o
60468.263903,18.258,0.075,181,14,o,0,1.02,157.87263,24.04696,4241.41,5023.06,2.64,2.26,43.4,-0.417,19.33,20.38,01a60468o0054o
60468.27506,18.263,0.082,180,15,o,0,1.23,157.87263,24.04696,4221.82,5138.44,2.85,2.63,41.8,-0.4,19.18,20.38,01a60468o0078o
60475.254978,18.71,0.156,119,19,o,0,1.02,157.87263,24.04696,4575.7,1376.51,2.42,2.28,37.9,-0.457,18.91,19.57,01a60475o0040o
60475.258213,19.202,0.272,76,21,o,0,0.86,157.87263,24.04696,4597.55,1415.09,2.72,2.53,45.5,-0.416,18.94,19.73,01a60475o0047o
60475.263758,18.712,0.146,119,17,o,0,0.93,157.87263,24.04696,4537.78,1337.12,2.39,2.3,35.5,-0.464,19.03,19.81,01a60475o0059o
60475.275837,18.754,0.166,114,19,o,0,0.8,157.87263,24.04696,4518.16,1451.68,2.36,2.28,40.3,-0.464,19.01,19.78,01a60475o0085o
60476.255206,18.588,0.136,133,18,o,0,1.12,157.87263,24.04696,6157.14,7187.27,2.57,2.46,67.0,-0.392,18.89,19.62,01a60476o0040o
60476.258449,18.835,0.194,106,21,o,0,1.0,157.87263,24.04696,6176.01,7225.56,2.79,2.52,49.7,-0.37,18.95,19.75,01a60476o0047o
60476.263993,18.646,0.139,126,18,o,0,1.25,157.87263,24.04696,6115.04,7148.89,2.48,2.45,74.1,-0.396,19.03,19.82,01a60476o0059o
60476.275682,18.942,0.214,96,21,o,0,0.93,157.87263,24.04696,6093.02,7263.38,2.83,2.44,48.7,-0.35,18.97,19.77,01a60476o0084o
60477.258344,18.739,0.21,116,24,o,0,1.05,157.87263,24.04696,4428.13,3369.38,2.1,1.96,32.8,-0.452,18.79,19.23,02a60477o0027o
60477.261968,19.048,0.207,87,18,o,0,1.03,157.87263,24.04696,4410.37,3330.97,2.23,2.04,33.8,-0.439,18.87,19.51,02a60477o0035o
60477.267404,18.475,0.131,148,19,o,0,1.24,157.87263,24.04696,4469.92,3406.88,2.13,1.99,33.1,-0.444,19.02,19.65,02a60477o0047o
60477.279295,19.199,0.223,76,17,o,0,1.64,157.87263,24.04696,4492.33,3290.4,2.16,1.99,30.6,-0.444,19.0,19.64,02a60477o0073o
60479.330084,0.0,0.0,0,0,o,0,-2.0,157.87263,24.04696,2174.2,3118.84,2.53,2.29,39.5,-0.443,14.42,14.72,01a60479o0081o
60480.252273,18.805,0.395,109,43,o,0,0.88,157.87263,24.04696,2349.96,5146.77,2.55,2.24,43.5,-0.437,18.19,18.65,01a60480o0032o
60480.255503,18.624,0.291,129,38,o,0,0.77,157.87263,24.04696,2370.74,5185.73,2.55,2.22,44.9,-0.444,18.51,19.08,01a60480o0039o
60480.262893,18.52,0.176,142,25,o,0,1.25,157.87263,24.04696,2309.68,5107.64,2.53,2.24,45.7,-0.439,18.77,19.46,01a60480o0055o
60480.274638,18.775,0.175,112,20,o,0,0.99,157.87263,24.04696,2284.23,5222.23,2.29,2.15,46.2,-0.457,18.95,19.63,01a60480o0080o
60481.260201,18.18,2.37,194,460,o,0,0.97,157.87263,24.04696,8222.87,5431.01,2.25,2.22,79.9,-0.438,17.27,18.03,02a60481o0039o
60481.263371,18.435,0.174,154,27,o,0,0.74,157.87263,24.04696,8202.39,5391.86,2.18,2.13,32.6,-0.425,18.77,19.24,02a60481o0046o
60481.268799,18.969,0.243,94,23,o,0,1.28,157.87263,24.04696,8262.59,5469.23,2.31,2.23,-58.4,-0.423,18.66,19.16,02a60481o0058o
60481.281133,18.963,0.293,94,28,o,0,0.94,157.87263,24.04696,8286.05,5352.65,2.16,2.12,-51.4,-0.434,18.75,19.21,02a60481o0085o
60483.25128,18.753,0.405,114,46,o,0,1.09,157.87263,24.04696,399.72,5219.21,3.66,3.53,63.0,-0.302,17.95,18.44,01a60483o0030o
60483.254516,18.478,0.251,148,37,o,0,1.05,157.87263,24.04696,421.04,5258.08,3.43,3.29,72.2,-0.339,18.2,18.86,01a60483o0037o
60484.251454,19.841,0.866,42,36,o,0,0.72,157.87263,24.04696,8404.35,1144.66,2.26,2.19,-50.0,-0.5,18.33,18.44,01a60484o0029o
60484.254694,18.582,0.177,134,24,o,0,1.27,157.87263,24.04696,8425.28,1182.97,2.34,2.24,-54.7,-0.493,18.72,19.13,01a60484o0036o
60484.262084,18.812,0.146,108,16,o,0,1.35,157.87263,24.04696,8363.25,1105.85,2.57,2.31,-53.2,-0.491,18.98,19.74,01a60484o0052o
60484.272286,18.995,0.26,92,24,o,0,0.86,157.87263,24.04696,8340.05,1224.31,2.56,2.33,-46.8,-0.493,18.88,19.55,01a60484o0074o
60485.255812,-19.761,1.704,-45,77,o,0,0.88,157.87263,24.04696,2143.7,9403.48,3.61,3.3,-49.9,-0.362,17.5,18.05,02a60485o0031o
60485.258978,19.206,0.571,76,43,o,0,1.34,157.87263,24.04696,2127.06,9363.27,3.27,2.91,-51.5,-0.407,18.05,18.78,02a60485o0038o
60485.266678,19.038,0.329,88,29,o,0,0.93,157.87263,24.04696,2189.24,9436.99,3.46,3.01,-51.8,-0.417,18.6,19.79,02a60485o0055o
60485.276818,19.258,0.358,72,26,o,0,0.96,157.87263,24.04696,2210.01,9317.38,3.33,2.89,-49.1,-0.438,18.72,20.04,02a60485o0077o
60486.255429,22.779,20.118,3,56,o,0,1.15,157.87263,24.04696,513.96,3590.7,2.66,2.31,-62.6,-0.407,17.64,17.82,02a60486o0030o
60486.258595,20.429,1.377,24,34,o,0,0.96,157.87263,24.04696,497.07,3551.1,2.57,2.19,-61.7,-0.416,18.21,18.6,02a60486o0037o
60486.265837,18.805,0.166,109,18,o,0,1.5,157.87263,24.04696,559.47,3625.29,2.5,2.12,-61.7,-0.424,18.91,19.75,02a60486o0053o
60486.275902,18.849,0.155,105,16,o,0,1.28,157.87263,24.04696,578.2,3507.13,3.03,2.56,-56.3,-0.383,18.88,20.11,02a60486o0075o
60487.250517,19.596,1.113,53,59,o,0,1.37,157.87263,24.04696,10069.98,6947.81,2.51,2.45,63.7,-0.45,17.65,17.58,01a60487o0026o
60487.253749,20.025,0.911,36,32,o,0,1.08,157.87263,24.04696,10089.77,6986.37,2.53,2.28,-54.6,-0.481,18.33,18.47,01a60487o0033o
60487.259301,19.718,0.335,47,16,o,0,1.66,157.87263,24.04696,10024.55,6910.31,2.48,2.17,-54.3,-0.486,18.99,19.63,01a60487o0045o
60487.269478,19.652,0.318,50,16,o,0,0.98,157.87263,24.04696,10002.85,7028.4,2.71,2.39,-52.9,-0.466,19.27,20.33,01a60487o0067o
60488.286172,19.601,0.296,52,16,o,0,0.82,157.87263,24.04696,8371.03,3393.35,2.6,2.52,50.3,-0.406,19.15,20.28,01a60488o0101o
60488.289604,19.683,0.279,49,14,o,0,1.11,157.87263,24.04696,8387.22,3432.78,2.61,2.53,50.9,-0.418,19.14,20.26,01a60488o0108o
60488.306836,18.934,0.165,97,16,o,0,1.13,157.87263,24.04696,8324.15,3359.49,2.45,2.28,-64.6,-0.467,19.13,20.14,01a60488o0142o
60488.310183,19.28,0.254,70,18,o,0,0.96,157.87263,24.04696,8303.91,3478.02,2.51,2.47,77.3,-0.418,19.04,20.1,01a60488o0149o
60489.255207,18.495,0.349,145,51,o,0,1.46,157.87263,24.04696,2181.76,7154.58,2.02,1.97,39.2,-0.429,17.87,17.86,02a60489o0029o
60489.258372,19.689,0.636,48,31,o,0,0.96,157.87263,24.04696,2163.97,7114.73,1.95,1.93,20.5,-0.451,18.43,18.62,02a60489o0036o
60489.264711,19.596,0.334,53,18,o,0,1.13,157.87263,24.04696,2223.41,7189.51,1.97,1.93,-16.1,-0.448,19.03,19.64,02a60489o0050o
60489.274734,19.426,0.244,62,15,o,0,1.17,157.87263,24.04696,2241.43,7071.19,2.01,1.94,-21.9,-0.449,19.17,20.04,02a60489o0072o
60494.254385,19.102,0.364,83,30,o,0,0.8,157.87263,24.04696,4449.27,7529.83,2.35,2.03,37.3,-0.421,18.6,19.0,02a60494o0015o
60494.257548,18.979,0.219,93,20,o,0,1.32,157.87263,24.04696,4432.36,7489.67,2.32,2.19,47.8,-0.43,18.79,19.38,02a60494o0022o
60494.26298,19.82,0.448,43,19,o,0,0.97,157.87263,24.04696,4490.96,7567.19,2.18,2.08,32.4,-0.439,18.98,19.68,02a60494o0034o
60494.272946,19.132,0.243,81,20,o,0,0.86,157.87263,24.04696,4509.07,7450.18,2.18,2.08,20.9,-0.428,18.99,19.76,02a60494o0056o
60496.250643,20.062,1.266,34,43,o,0,1.16,157.87263,24.04696,460.47,1023.97,2.63,2.6,-83.9,-0.402,18.07,18.3,01a60496o0025o
60496.253414,19.264,0.444,72,32,o,0,1.15,157.87263,24.04696,483.12,1062.43,2.46,2.42,-16.5,-0.424,18.55,18.92,01a60496o0031o
60496.258957,19.978,0.506,37,19,o,0,0.82,157.87263,24.04696,422.04,980.75,2.23,2.16,-26.5,-0.467,19.09,19.77,01a60496o0043o
60496.269584,19.635,0.34,51,17,o,0,0.93,157.87263,24.04696,402.42,1096.53,2.42,2.27,-5.6,-0.468,19.24,20.2,01a60496o0066o
60497.254765,18.7,0.374,120,45,o,0,0.89,157.87263,24.04696,10087.66,9561.07,3.0,2.14,-53.1,-0.379,18.44,18.73,02a60497o0018o
60497.257928,20.718,1.645,19,31,o,0,0.91,157.87263,24.04696,10069.18,9521.39,3.07,2.22,-52.2,-0.37,18.65,19.22,02a60497o0025o
60497.263355,20.306,0.966,27,26,o,0,0.74,157.87263,24.04696,10126.78,9601.73,3.05,2.27,-53.5,-0.39,18.91,19.66,02a60497o0037o
