# Combined data from 'ATLAS-ZTF' for 'SN 2022xnq'
ra, dec, filter, mjd, mag, dmag, flux, dflux, zp, source
1.16236, -8.09993, o, 59766.582841, 21.065, 1.19, 14, 16, 21.034679910804403, ATLAS-ZTF
1.16236, -8.09993, o, 59766.595919, -23.935, 18.167, -1, 18, nan, ATLAS-ZTF
1.16236, -8.09993, o, 59766.610957, -20.462, 0.856, -24, 20, nan, ATLAS-ZTF
1.16236, -8.09993, o, 59766.621203, 19.908, 1.926, 40, 76, 19.894850021680092, ATLAS-ZTF
1.16236, -8.09993, c, 59768.586283, 23.952, 14.0, 1, 13, 23.9, ATLAS-ZTF
1.16236, -8.09993, c, 59768.606281, 21.027, 0.833, 14, 12, 21.034679910804403, ATLAS-ZTF
1.16236, -8.09993, c, 59768.614881, -19.881, 0.533, -40, 22, nan, ATLAS-ZTF
1.16236, -8.09993, c, 59768.62228, -19.608, 1.491, -52, 78, nan, ATLAS-ZTF
1.16236, -8.09993, o, 59769.117137, -23.508, 10.125, -1, 14, nan, ATLAS-ZTF
1.16236, -8.09993, o, 59769.120644, -20.662, 0.867, -20, 17, nan, ATLAS-ZTF
1.16236, -8.09993, o, 59769.125001, -21.311, 1.429, -11, 16, nan, ATLAS-ZTF
1.16236, -8.09993, o, 59769.1388, 22.29, 2.267, 4, 10, 22.394850021680092, ATLAS-ZTF
1.16236, -8.09993, o, 59770.542972, -21.281, 1.442, -11, 16, nan, ATLAS-ZTF
1.16236, -8.09993, o, 59770.546195, 22.05, 3.136, 6, 17, 21.95462187404089, ATLAS-ZTF
1.16236, -8.09993, o, 59770.556221, 22.192, 3.19, 5, 15, 22.15257498915995, ATLAS-ZTF
1.16236, -8.09993, o, 59770.561701, 20.008, 0.464, 36, 17, 20.00924374808178, ATLAS-ZTF
1.16236, -8.09993, o, 59770.564986, 20.976, 1.045, 15, 15, 20.959771852360795, ATLAS-ZTF
1.16236, -8.09993, o, 59770.573193, 22.796, 5.538, 3, 15, 22.707196863200842, ATLAS-ZTF
1.16236, -8.09993, o, 59770.587399, 23.469, 12.333, 2, 18, 23.147425010840045, ATLAS-ZTF
1.16236, -8.09993, o, 59770.591066, 20.144, 0.527, 32, 17, 20.137125054200233, ATLAS-ZTF
1.16236, -8.09993, o, 59772.54685, -19.694, 0.577, -48, 28, nan, ATLAS-ZTF
1.16236, -8.09993, o, 59772.550037, 23.345, 14.857, 2, 25, 23.147425010840045, ATLAS-ZTF
1.16236, -8.09993, o, 59772.555914, -19.892, 0.596, -40, 24, nan, ATLAS-ZTF
1.16236, -8.09993, o, 59772.559991, -22.396, 5.413, -4, 22, nan, ATLAS-ZTF
1.16236, -8.09993, o, 59772.563162, -20.861, 1.317, -16, 22, nan, ATLAS-ZTF
1.16236, -8.09993, o, 59772.566785, 21.205, 2.265, 12, 27, 21.202046884880936, ATLAS-ZTF
1.16236, -8.09993, o, 59772.569056, -20.383, 1.254, -26, 32, nan, ATLAS-ZTF
1.16236, -8.09993, o, 59773.065652, 20.555, 1.133, 22, 25, 20.543943297944484, ATLAS-ZTF
1.16236, -8.09993, o, 59773.068371, 20.7, 1.31, 19, 25, 20.703115997617928, ATLAS-ZTF
1.16236, -8.09993, o, 59773.073471, -20.428, 1.221, -24, 30, nan, ATLAS-ZTF
1.16236, -8.09993, o, 59773.089217, -20.417, 0.904, -25, 22, nan, ATLAS-ZTF
1.16236, -8.09993, o, 59774.508854, 22.247, 8.111, 5, 37, 22.15257498915995, ATLAS-ZTF
1.16236, -8.09993, o, 59774.513872, 19.86, 0.988, 41, 41, 19.86804035820066, ATLAS-ZTF
1.16236, -8.09993, o, 59774.517057, 20.004, 1.139, 36, 41, 20.00924374808178, ATLAS-ZTF
1.16236, -8.09993, o, 59774.52926, 19.797, 0.835, 44, 37, 19.79136830878453, ATLAS-ZTF
1.16236, -8.09993, o, 59774.531085, -20.859, 2.127, -16, 35, nan, ATLAS-ZTF
1.16236, -8.09993, o, 59774.532908, 20.975, 2.364, 15, 35, 20.959771852360795, ATLAS-ZTF
1.16236, -8.09993, o, 59774.542811, -20.017, 0.931, -36, 33, nan, ATLAS-ZTF
1.16236, -8.09993, o, 59774.550124, 21.276, 2.6, 11, 29, 21.296518287104437, ATLAS-ZTF
1.16236, -8.09993, o, 59775.98565, -18.586, 1.946, -134, 260, nan, ATLAS-ZTF
1.16236, -8.09993, o, 59775.991575, 19.195, 0.65, 76, 50, 19.197966019298022, ATLAS-ZTF
1.16236, -8.09993, o, 59776.013751, -19.688, 0.956, -48, 46, nan, ATLAS-ZTF
1.16236, -8.09993, o, 59781.125406, -20.254, 0.529, -29, 15, nan, ATLAS-ZTF
1.16236, -8.09993, o, 59781.129031, -20.965, 1.056, -15, 16, nan, ATLAS-ZTF
1.16236, -8.09993, o, 59781.134383, -19.954, 0.451, -38, 17, nan, ATLAS-ZTF
1.16236, -8.09993, o, 59781.144522, -19.755, 0.385, -46, 18, nan, ATLAS-ZTF
1.16236, -8.09993, o, 59783.297855, -21.152, 0.939, -13, 12, nan, ATLAS-ZTF
1.16236, -8.09993, o, 59783.303523, -20.821, 0.741, -17, 13, nan, ATLAS-ZTF
1.16236, -8.09993, o, 59783.305908, 21.835, 2.122, 7, 14, 21.787254899964356, ATLAS-ZTF
1.16236, -8.09993, o, 59783.319232, -20.437, 0.58, -24, 14, nan, ATLAS-ZTF
1.16236, -8.09993, c, 59784.552208, 22.724, 3.667, 3, 11, 22.707196863200842, ATLAS-ZTF
1.16236, -8.09993, c, 59784.554017, 22.158, 2.0, 5, 10, 22.15257498915995, ATLAS-ZTF
1.16236, -8.09993, c, 59784.559003, -21.944, 2.414, -6, 15, nan, ATLAS-ZTF
1.16236, -8.09993, c, 59784.564056, 21.162, 0.953, 12, 12, 21.202046884880936, ATLAS-ZTF
1.16236, -8.09993, c, 59785.083748, 22.332, 2.857, 4, 12, 22.394850021680092, ATLAS-ZTF
1.16236, -8.09993, c, 59785.085106, -23.091, 4.625, -2, 10, nan, ATLAS-ZTF
1.16236, -8.09993, c, 59785.103211, 21.795, 1.295, 7, 9, 21.787254899964356, ATLAS-ZTF
1.16236, -8.09993, c, 59785.109143, 25.387, 41.5, 0, 11, inf, ATLAS-ZTF
1.16236, -8.09993, o, 59786.548515, 21.738, 2.025, 7, 15, 21.787254899964356, ATLAS-ZTF
1.16236, -8.09993, o, 59786.550335, -20.935, 0.963, -15, 15, nan, ATLAS-ZTF
1.16236, -8.09993, o, 59786.557549, 20.927, 0.9, 16, 14, 20.889700043360186, ATLAS-ZTF
1.16236, -8.09993, o, 59786.563014, 21.704, 1.976, 8, 15, 21.64227503252014, ATLAS-ZTF
1.16236, -8.09993, o, 59787.356414, -21.825, 1.87, -7, 13, nan, ATLAS-ZTF
1.16236, -8.09993, o, 59787.359235, -21.233, 1.202, -12, 14, nan, ATLAS-ZTF
1.16236, -8.09993, o, 59787.365949, -22.209, 3.25, -5, 15, nan, ATLAS-ZTF
1.16236, -8.09993, o, 59787.376657, -21.961, 2.273, -6, 14, nan, ATLAS-ZTF
1.16236, -8.09993, c, 59788.54339, 23.59, 9.1, 1, 12, 23.9, ATLAS-ZTF
1.16236, -8.09993, c, 59788.5452, -21.25, 0.965, -12, 11, nan, ATLAS-ZTF
1.16236, -8.09993, c, 59788.548817, -21.182, 0.889, -12, 11, nan, ATLAS-ZTF
1.16236, -8.09993, c, 59788.555034, -21.092, 0.921, -13, 12, nan, ATLAS-ZTF
1.16236, -8.09993, c, 59791.345498, -21.575, 1.327, -8, 11, nan, ATLAS-ZTF
1.16236, -8.09993, c, 59791.348212, 22.834, 4.333, 3, 12, 22.707196863200842, ATLAS-ZTF
1.16236, -8.09993, c, 59791.35422, 20.087, 0.33, 34, 11, 20.07130270739436, ATLAS-ZTF
1.16236, -8.09993, c, 59791.364291, -21.575, 1.288, -8, 11, nan, ATLAS-ZTF
1.16236, -8.09993, c, 59791.439659, 22.845, 8.333, 3, 22, 22.707196863200842, ATLAS-ZTF
1.16236, -8.09993, c, 59792.587146, -21.953, 1.463, -6, 9, nan, ATLAS-ZTF
1.16236, -8.09993, c, 59792.593196, -21.07, 0.761, -14, 10, nan, ATLAS-ZTF
1.16236, -8.09993, c, 59792.617149, -23.183, 6.385, -2, 12, nan, ATLAS-ZTF
1.16236, -8.09993, c, 59792.620848, 20.336, 0.464, 27, 12, 20.32159058960253, ATLAS-ZTF
1.16236, -8.09993, o, 59794.571969, -21.631, 1.762, -8, 14, nan, ATLAS-ZTF
1.16236, -8.09993, o, 59794.575158, -21.802, 2.0, -7, 14, nan, ATLAS-ZTF
1.16236, -8.09993, o, 59794.586681, -21.662, 1.952, -8, 15, nan, ATLAS-ZTF
1.16236, -8.09993, o, 59794.593982, -23.48, 9.25, -2, 14, nan, ATLAS-ZTF
1.16236, -8.09993, o, 59794.62511, 21.158, 1.915, 12, 24, 21.202046884880936, ATLAS-ZTF
1.16236, -8.09993, c, 59796.596486, 21.227, 1.143, 12, 13, 21.202046884880936, ATLAS-ZTF
1.16236, -8.09993, c, 59796.599652, -22.512, 4.348, -4, 16, nan, ATLAS-ZTF
1.16236, -8.09993, c, 59796.606036, 23.058, 6.214, 2, 14, 23.147425010840045, ATLAS-ZTF
1.16236, -8.09993, c, 59796.623235, 21.649, 1.981, 8, 16, 21.64227503252014, ATLAS-ZTF
1.16236, -8.09993, c, 59796.631684, 20.267, 1.714, 28, 49, 20.28210492164445, ATLAS-ZTF
1.16236, -8.09993, c, 59797.079026, 23.117, 4.765, 2, 10, 23.147425010840045, ATLAS-ZTF
1.16236, -8.09993, c, 59797.081943, 24.438, 15.6, 1, 10, 23.9, ATLAS-ZTF
1.16236, -8.09993, c, 59797.088099, -20.914, 0.729, -16, 11, nan, ATLAS-ZTF
1.16236, -8.09993, c, 59797.099507, -22.902, 3.947, -2, 10, nan, ATLAS-ZTF
1.16236, -8.09993, c, 59797.181556, -20.163, 0.524, -31, 16, nan, ATLAS-ZTF
1.16236, -8.09993, o, 59799.256952, 20.26, 0.806, 29, 23, 20.24400500525261, ATLAS-ZTF
1.16236, -8.09993, o, 59799.258302, 20.31, 0.844, 27, 23, 20.32159058960253, ATLAS-ZTF
1.16236, -8.09993, o, 59799.269223, 20.625, 1.148, 20, 23, 20.647425010840045, ATLAS-ZTF
1.16236, -8.09993, o, 59799.275565, 20.455, 0.951, 24, 23, 20.449471895720983, ATLAS-ZTF
1.16236, -8.09993, o, 59800.524834, -20.647, 0.753, -20, 15, nan, ATLAS-ZTF
1.16236, -8.09993, o, 59800.528037, -20.374, 0.846, -26, 22, nan, ATLAS-ZTF
1.16236, -8.09993, o, 59800.54701, -20.608, 0.932, -21, 19, nan, ATLAS-ZTF
1.16236, -8.09993, o, 59800.562869, -21.301, 1.573, -11, 17, nan, ATLAS-ZTF
1.16236, -8.09993, o, 59800.983255, -20.107, 0.641, -33, 21, nan, ATLAS-ZTF
1.16236, -8.09993, o, 59800.986031, 22.286, 7.759, 4, 34, 22.394850021680092, ATLAS-ZTF
1.16236, -8.09993, o, 59800.992323, -19.875, 0.608, -41, 25, nan, ATLAS-ZTF
1.16236, -8.09993, o, 59801.003178, -20.156, 0.573, -32, 18, nan, ATLAS-ZTF
1.16236, -8.09993, o, 59801.249501, -21.898, 5.66, -6, 36, nan, ATLAS-ZTF
1.16236, -8.09993, o, 59801.250863, -20.346, 1.278, -26, 34, nan, ATLAS-ZTF
1.16236, -8.09993, o, 59801.27588, -21.799, 5.596, -7, 39, nan, ATLAS-ZTF
1.16236, -8.09993, o, 59801.27863, -20.015, 0.688, -36, 25, nan, ATLAS-ZTF
1.16236, -8.09993, o, 59801.279081, -19.306, 0.679, -69, 47, nan, ATLAS-ZTF
1.16236, -8.09993, o, 59801.280883, -19.313, 0.64, -68, 44, nan, ATLAS-ZTF
1.16236, -8.09993, o, 59802.150251, 21.015, 3.241, 14, 46, 21.034679910804403, ATLAS-ZTF
1.16236, -8.09993, o, 59802.152067, 19.902, 1.832, 40, 73, 19.894850021680092, ATLAS-ZTF
1.16236, -8.09993, o, 59802.154817, 19.004, 0.769, 91, 70, 19.002396519197266, ATLAS-ZTF
1.16236, -8.09993, o, 59802.156642, 18.738, 0.51, 116, 59, 18.738855026932704, ATLAS-ZTF
1.16236, -8.09993, o, 59802.17295, -22.87, 18.474, -3, 48, nan, ATLAS-ZTF
1.16236, -8.09993, o, 59802.487012, 17.896, 0.52, 252, 131, 17.896498648046137, ATLAS-ZTF
1.16236, -8.09993, o, 59802.488836, 18.907, 1.114, 99, 111, 18.910912013506124, ATLAS-ZTF
1.16236, -8.09993, o, 59802.492078, 19.357, 2.759, 66, 181, 19.351140161145327, ATLAS-ZTF
1.16236, -8.09993, o, 59802.503918, -18.777, 1.197, -112, 134, nan, ATLAS-ZTF
1.16236, -8.09993, o, 59808.444783, -25.675, 92.5, 0, 18, inf, ATLAS-ZTF
1.16236, -8.09993, o, 59808.480028, -19.678, 0.496, -49, 24, nan, ATLAS-ZTF
1.16236, -8.09993, o, 59808.486387, -19.953, 0.495, -38, 19, nan, ATLAS-ZTF
1.16236, -8.09993, o, 59808.489552, -19.271, 0.215, -71, 15, nan, ATLAS-ZTF
1.16236, -8.09993, o, 59810.475598, -21.145, 1.475, -13, 19, nan, ATLAS-ZTF
1.16236, -8.09993, o, 59810.478787, -21.702, 2.314, -8, 18, nan, ATLAS-ZTF
1.16236, -8.09993, o, 59810.485778, 20.372, 0.694, 26, 18, 20.362566630072955, ATLAS-ZTF
1.16236, -8.09993, o, 59810.517715, 21.381, 1.472, 10, 15, 21.4, ATLAS-ZTF
1.16236, -8.09993, c, 59811.153924, 20.316, 0.346, 27, 9, 20.32159058960253, ATLAS-ZTF
1.16236, -8.09993, c, 59811.185058, -23.529, 7.0, -1, 10, nan, ATLAS-ZTF
1.16236, -8.09993, c, 59811.213448, 21.114, 0.79, 13, 10, 21.115141619232908, ATLAS-ZTF
1.16236, -8.09993, c, 59811.224951, 20.688, 0.484, 19, 9, 20.703115997617928, ATLAS-ZTF
1.16236, -8.09993, o, 59812.490843, -21.316, 1.559, -11, 17, nan, ATLAS-ZTF
1.16236, -8.09993, o, 59812.493103, 21.495, 1.516, 9, 14, 21.514393726401686, ATLAS-ZTF
1.16236, -8.09993, o, 59812.516419, 21.271, 1.625, 11, 18, 21.296518287104437, ATLAS-ZTF
1.16236, -8.09993, o, 59812.521498, -24.865, 38.0, 0, 16, inf, ATLAS-ZTF
1.16236, -8.09993, o, 59813.040971, -21.908, 2.291, -6, 14, nan, ATLAS-ZTF
1.16236, -8.09993, o, 59813.044139, 21.424, 1.488, 10, 15, 21.4, ATLAS-ZTF
1.16236, -8.09993, o, 59813.049567, -21.334, 1.307, -11, 14, nan, ATLAS-ZTF
1.16236, -8.09993, o, 59813.082522, -22.169, 2.622, -5, 13, nan, ATLAS-ZTF
1.16236, -8.09993, o, 59814.438965, 20.52, 0.741, 22, 17, 20.543943297944484, ATLAS-ZTF
1.16236, -8.09993, o, 59814.445857, 20.4, 0.522, 25, 13, 20.405149978319905, ATLAS-ZTF
1.16236, -8.09993, o, 59814.448136, 21.02, 1.129, 14, 16, 21.034679910804403, ATLAS-ZTF
1.16236, -8.09993, o, 59814.483676, -20.851, 0.931, -17, 15, nan, ATLAS-ZTF
1.16236, -8.09993, c, 59815.229308, -20.723, 0.543, -19, 10, nan, ATLAS-ZTF
1.16236, -8.09993, c, 59815.231119, 20.855, 0.567, 16, 9, 20.889700043360186, ATLAS-ZTF
1.16236, -8.09993, c, 59815.234305, -21.286, 0.819, -11, 9, nan, ATLAS-ZTF
1.16236, -8.09993, c, 59815.240178, 21.684, 1.339, 8, 10, 21.64227503252014, ATLAS-ZTF
1.16236, -8.09993, o, 59818.471222, -24.077, 18.75, -1, 16, nan, ATLAS-ZTF
1.16236, -8.09993, o, 59818.474412, 21.087, 1.333, 13, 18, 21.115141619232908, ATLAS-ZTF
1.16236, -8.09993, o, 59818.4929, 21.266, 1.397, 11, 16, 21.296518287104437, ATLAS-ZTF
1.16236, -8.09993, o, 59818.49979, 22.618, 4.75, 3, 16, 22.707196863200842, ATLAS-ZTF
1.16236, -8.09993, c, 59819.160135, -21.217, 0.656, -12, 8, nan, ATLAS-ZTF
1.16236, -8.09993, c, 59819.162891, -21.171, 0.881, -12, 11, nan, ATLAS-ZTF
1.16236, -8.09993, c, 59819.165624, -21.235, 0.984, -12, 12, nan, ATLAS-ZTF
1.16236, -8.09993, c, 59819.183587, -23.278, 5.611, -2, 10, nan, ATLAS-ZTF
1.16236, -8.09993, c, 59820.52097, -20.534, 0.451, -22, 10, nan, ATLAS-ZTF
1.16236, -8.09993, c, 59820.545057, 21.085, 0.818, 13, 11, 21.115141619232908, ATLAS-ZTF
1.16236, -8.09993, c, 59820.54822, -21.065, 0.83, -14, 11, nan, ATLAS-ZTF
1.16236, -8.09993, c, 59820.576526, -22.507, 3.12, -4, 11, nan, ATLAS-ZTF
1.16236, -8.09993, o, 59822.460773, 20.705, 0.716, 19, 14, 20.703115997617928, ATLAS-ZTF
1.16236, -8.09993, o, 59822.463517, -20.318, 0.536, -27, 14, nan, ATLAS-ZTF
1.16236, -8.09993, o, 59822.466253, -19.985, 0.459, -37, 17, nan, ATLAS-ZTF
1.16236, -8.09993, o, 59822.490228, -22.447, 3.611, -4, 14, nan, ATLAS-ZTF
1.16236, -8.09993, c, 59823.284536, -23.034, 4.7, -2, 10, nan, ATLAS-ZTF
1.16236, -8.09993, c, 59823.287689, 21.0, 0.9, 14, 13, 21.034679910804403, ATLAS-ZTF
1.16236, -8.09993, c, 59823.294005, 22.388, 2.175, 4, 9, 22.394850021680092, ATLAS-ZTF
1.16236, -8.09993, c, 59823.323747, 20.739, 0.671, 18, 12, 20.761818737241732, ATLAS-ZTF
1.16236, -8.09993, c, 59824.499196, 21.599, 1.429, 8, 12, 21.64227503252014, ATLAS-ZTF
1.16236, -8.09993, c, 59824.502674, -22.812, 4.105, -3, 11, nan, ATLAS-ZTF
1.16236, -8.09993, c, 59824.537824, 24.515, 18.25, 1, 10, 23.9, ATLAS-ZTF
1.16236, -8.09993, c, 59824.544684, 21.714, 1.712, 8, 13, 21.64227503252014, ATLAS-ZTF
1.16236, -8.09993, o, 59824.968314, 23.927, 11.571, 1, 11, 23.9, ATLAS-ZTF
1.16236, -8.09993, o, 59824.970121, 22.14, 2.632, 5, 13, 22.15257498915995, ATLAS-ZTF
1.16236, -8.09993, o, 59824.974179, -22.056, 2.487, -6, 14, nan, ATLAS-ZTF
1.16236, -8.09993, o, 59824.979589, -20.804, 0.675, -17, 12, nan, ATLAS-ZTF
1.16236, -8.09993, o, 59826.209531, -20.653, 0.748, -20, 15, nan, ATLAS-ZTF
1.16236, -8.09993, o, 59826.227724, -21.393, 1.802, -10, 18, nan, ATLAS-ZTF
1.16236, -8.09993, o, 59826.229977, 21.641, 2.278, 8, 18, 21.64227503252014, ATLAS-ZTF
1.16236, -8.09993, o, 59826.450062, -20.401, 0.607, -25, 15, nan, ATLAS-ZTF
1.16236, -8.09993, o, 59826.452795, 21.785, 2.344, 7, 16, 21.787254899964356, ATLAS-ZTF
1.16236, -8.09993, o, 59826.455985, -21.091, 1.273, -13, 17, nan, ATLAS-ZTF
1.16236, -8.09993, o, 59826.481863, -21.33, 1.588, -11, 17, nan, ATLAS-ZTF
1.16236, -8.09993, o, 59827.196026, 19.814, 0.498, 43, 22, 19.816328861051034, ATLAS-ZTF
1.16236, -8.09993, o, 59827.197828, -20.986, 1.449, -15, 21, nan, ATLAS-ZTF
1.16236, -8.09993, o, 59828.914832, 21.599, 2.607, 8, 22, 21.64227503252014, ATLAS-ZTF
1.16236, -8.09993, o, 59828.917562, -19.774, 0.392, -45, 18, nan, ATLAS-ZTF
1.16236, -8.09993, o, 59828.920728, 21.285, 1.888, 11, 21, 21.296518287104437, ATLAS-ZTF
1.16236, -8.09993, o, 59828.936214, -21.471, 2.545, -9, 24, nan, ATLAS-ZTF
1.16236, -8.09993, o, 59829.118657, 21.559, 3.244, 9, 28, 21.514393726401686, ATLAS-ZTF
1.16236, -8.09993, o, 59829.120459, -22.163, 5.481, -5, 27, nan, ATLAS-ZTF
1.16236, -8.09993, o, 59829.123612, -20.265, 0.963, -28, 27, nan, ATLAS-ZTF
1.16236, -8.09993, o, 59830.36058, -19.828, 0.753, -42, 32, nan, ATLAS-ZTF
1.16236, -8.09993, o, 59830.374459, -18.942, 0.296, -96, 28, nan, ATLAS-ZTF
1.16236, -8.09993, o, 59830.377656, -21.651, 4.032, -8, 32, nan, ATLAS-ZTF
1.16236, -8.09993, o, 59830.384512, -20.195, 1.097, -30, 33, nan, ATLAS-ZTF
1.16236, -8.09993, o, 59836.538996, -20.661, 0.953, -20, 19, nan, ATLAS-ZTF
1.16236, -8.09993, o, 59836.554245, -21.338, 1.8, -11, 19, nan, ATLAS-ZTF
1.16236, -8.09993, o, 59836.557687, 21.334, 2.205, 11, 23, 21.296518287104437, ATLAS-ZTF
1.16236, -8.09993, o, 59836.564571, -23.056, 10.067, -2, 22, nan, ATLAS-ZTF
1.16236, -8.09993, o, 59837.002535, 20.478, 0.882, 23, 21, 20.495680409956016, ATLAS-ZTF
1.16236, -8.09993, o, 59837.006149, 21.219, 2.274, 12, 27, 21.202046884880936, ATLAS-ZTF
1.16236, -8.09993, o, 59837.011609, 21.883, 3.529, 6, 23, 21.95462187404089, ATLAS-ZTF
1.16236, -8.09993, o, 59837.027148, 26.194, 160.0, 0, 19, inf, ATLAS-ZTF
1.16236, -8.09993, o, 59838.374696, -21.348, 1.297, -10, 14, nan, ATLAS-ZTF
1.16236, -8.09993, o, 59838.38076, -21.495, 1.519, -9, 14, nan, ATLAS-ZTF
1.16236, -8.09993, o, 59838.384932, 0.0, 20.983, 0, 15, inf, ATLAS-ZTF
1.16236, -8.09993, o, 59838.42039, -19.884, 0.342, -40, 14, nan, ATLAS-ZTF
1.16236, -8.09993, o, 59839.230735, -17.886, 2.281, -254, 580, nan, ATLAS-ZTF
1.16236, -8.09993, o, 59839.233888, 17.419, 0.906, 391, 354, 17.41955810651033, ATLAS-ZTF
1.16236, -8.09993, o, 59839.269503, 18.911, 1.553, 99, 154, 18.910912013506124, ATLAS-ZTF
1.16236, -8.09993, o, 59839.276265, -18.527, 3.419, -141, 482, nan, ATLAS-ZTF
1.16236, -8.09993, o, 59840.455179, 20.625, 0.822, 20, 17, 20.647425010840045, ATLAS-ZTF
1.16236, -8.09993, o, 59840.458348, -21.34, 1.467, -11, 16, nan, ATLAS-ZTF
1.16236, -8.09993, o, 59840.466971, 20.709, 0.695, 19, 13, 20.703115997617928, ATLAS-ZTF
1.16236, -8.09993, o, 59840.477385, 19.981, 0.391, 37, 14, 19.97949568983251, ATLAS-ZTF
1.16236, -8.09993, c, 59842.444182, 22.742, 4.222, 3, 12, 22.707196863200842, ATLAS-ZTF
1.16236, -8.09993, c, 59842.471045, -22.549, 3.273, -4, 11, nan, ATLAS-ZTF
1.16236, -8.09993, c, 59842.487213, 21.337, 1.062, 11, 11, 21.296518287104437, ATLAS-ZTF
1.16236, -8.09993, c, 59842.490046, -21.891, 1.95, -6, 12, nan, ATLAS-ZTF
1.16236, -8.09993, o, 59843.160964, 21.976, 2.462, 6, 14, 21.95462187404089, ATLAS-ZTF
1.16236, -8.09993, o, 59843.166443, 20.282, 0.53, 28, 15, 20.28210492164445, ATLAS-ZTF
1.16236, -8.09993, o, 59843.172178, 21.352, 1.58, 10, 16, 21.4, ATLAS-ZTF
1.16236, -8.09993, o, 59843.180371, -22.656, 4.762, -3, 15, nan, ATLAS-ZTF
1.16236, -8.09993, o, 59844.401119, 22.365, 3.605, 4, 15, 22.394850021680092, ATLAS-ZTF
1.16236, -8.09993, o, 59844.402928, -19.812, 0.319, -43, 14, nan, ATLAS-ZTF
1.16236, -8.09993, o, 59844.406093, -20.027, 0.375, -35, 13, nan, ATLAS-ZTF
1.16236, -8.09993, o, 59844.411518, -20.874, 0.825, -16, 13, nan, ATLAS-ZTF
1.16236, -8.09993, c, 59846.542545, -18.906, 2.316, -99, 230, nan, ATLAS-ZTF
1.16236, -8.09993, c, 59846.544995, 17.654, 0.576, 315, 182, 17.654223615525996, ATLAS-ZTF
1.16236, -8.09993, c, 59846.549687, -17.228, 0.536, -466, 250, nan, ATLAS-ZTF
1.16236, -8.09993, o, 59848.386894, -20.377, 0.559, -26, 14, nan, ATLAS-ZTF
1.16236, -8.09993, o, 59848.388701, -20.24, 0.477, -29, 14, nan, ATLAS-ZTF
1.16236, -8.09993, o, 59848.391864, 21.634, 2.0, 8, 16, 21.64227503252014, ATLAS-ZTF
1.16236, -8.09993, o, 59848.413276, -21.223, 1.3, -12, 15, nan, ATLAS-ZTF
1.16236, -8.09993, c, 59850.463591, 21.811, 1.537, 7, 10, 21.787254899964356, ATLAS-ZTF
1.16236, -8.09993, c, 59850.466824, -22.991, 4.643, -2, 11, nan, ATLAS-ZTF
1.16236, -8.09993, c, 59850.50053, 22.623, 3.053, 3, 10, 22.707196863200842, ATLAS-ZTF
1.16236, -8.09993, c, 59850.509699, 23.416, 7.0, 2, 11, 23.147425010840045, ATLAS-ZTF
1.16236, -8.09993, o, 59851.142293, -19.902, 0.44, -40, 18, nan, ATLAS-ZTF
1.16236, -8.09993, o, 59851.145075, -19.947, 0.396, -38, 15, nan, ATLAS-ZTF
1.16236, -8.09993, o, 59851.147819, 21.624, 2.086, 8, 17, 21.64227503252014, ATLAS-ZTF
1.16236, -8.09993, o, 59851.157321, -20.656, 0.877, -20, 17, nan, ATLAS-ZTF
1.16236, -8.09993, c, 59854.405358, -21.544, 1.294, -9, 11, nan, ATLAS-ZTF
1.16236, -8.09993, c, 59854.408619, 23.223, 5.818, 2, 11, 23.147425010840045, ATLAS-ZTF
1.16236, -8.09993, c, 59854.41372, -22.869, 4.4, -3, 11, nan, ATLAS-ZTF
1.16236, -8.09993, c, 59854.448956, 22.265, 2.346, 4, 11, 22.394850021680092, ATLAS-ZTF
1.16236, -8.09993, o, 59855.191094, -19.931, 0.386, -39, 15, nan, ATLAS-ZTF
1.16236, -8.09993, o, 59855.218568, 21.476, 1.782, 9, 17, 21.514393726401686, ATLAS-ZTF
1.16236, -8.09993, o, 59855.222622, -20.393, 0.635, -25, 16, nan, ATLAS-ZTF
1.16236, -8.09993, o, 59855.22848, -22.14, 3.073, -5, 16, nan, ATLAS-ZTF
1.16236, -8.09993, o, 59855.847887, 21.327, 3.548, 11, 38, 21.296518287104437, ATLAS-ZTF
1.16236, -8.09993, o, 59855.849689, 21.356, 5.086, 10, 53, 21.4, ATLAS-ZTF
1.16236, -8.09993, o, 59855.871116, -18.765, 0.629, -113, 71, nan, ATLAS-ZTF
1.16236, -8.09993, o, 59855.874303, 16.8, 1.236, 692, 855, 16.799734763858105, ATLAS-ZTF
1.16236, -8.09993, o, 59856.856266, -19.956, 0.63, -38, 24, nan, ATLAS-ZTF
1.16236, -8.09993, o, 59856.858086, -20.373, 0.744, -26, 19, nan, ATLAS-ZTF
1.16236, -8.09993, o, 59856.861241, -20.384, 0.675, -26, 17, nan, ATLAS-ZTF
1.16236, -8.09993, o, 59856.866662, -20.267, 0.744, -28, 21, nan, ATLAS-ZTF
1.16236, -8.09993, o, 59858.106186, -20.009, 0.836, -36, 30, nan, ATLAS-ZTF
1.16236, -8.09993, o, 59858.108454, 23.855, 23.222, 1, 24, 23.9, ATLAS-ZTF
1.16236, -8.09993, o, 59858.112125, -19.559, 0.473, -54, 26, nan, ATLAS-ZTF
1.16236, -8.09993, o, 59858.132627, -20.07, 0.863, -34, 29, nan, ATLAS-ZTF
1.16236, -8.09993, o, 59858.399704, 23.514, 16.154, 1, 23, 23.9, ATLAS-ZTF
1.16236, -8.09993, o, 59858.40249, 20.095, 0.518, 33, 17, 20.10371515030528, ATLAS-ZTF
1.16236, -8.09993, o, 59858.43497, 21.941, 3.13, 6, 19, 21.95462187404089, ATLAS-ZTF
1.16236, -8.09993, o, 59858.463249, -20.278, 0.675, -28, 19, nan, ATLAS-ZTF
1.16236, -8.09993, o, 59863.21484, 19.928, 0.838, 39, 32, 19.92233848243375, ATLAS-ZTF
1.16236, -8.09993, o, 59863.217998, 18.9, 0.352, 100, 35, 18.9, ATLAS-ZTF
1.16236, -8.09993, o, 59864.39964, 19.683, 0.431, 49, 21, 19.674509799928714, ATLAS-ZTF
1.16236, -8.09993, o, 59864.402811, 19.637, 0.459, 51, 23, 19.631074559755156, ATLAS-ZTF
1.16236, -8.09993, o, 59864.40825, 18.908, 0.225, 99, 22, 18.910912013506124, ATLAS-ZTF
1.16236, -8.09993, o, 59864.418665, 19.02, 0.229, 90, 20, 19.014393726401686, ATLAS-ZTF
1.16236, -8.09993, o, 59866.411513, 19.162, 0.345, 79, 27, 19.155932271773896, ATLAS-ZTF
1.16236, -8.09993, o, 59866.414741, 18.588, 0.167, 133, 22, 18.590370897582282, ATLAS-ZTF
1.16236, -8.09993, o, 59866.422676, 18.454, 0.103, 151, 16, 18.452557631767075, ATLAS-ZTF
1.16236, -8.09993, o, 59866.434224, 18.546, 0.139, 139, 19, 18.542462999364762, ATLAS-ZTF
1.16236, -8.09993, o, 59868.3767, 18.338, 0.113, 168, 19, 18.33672679568534, ATLAS-ZTF
1.16236, -8.09993, o, 59868.380318, 18.411, 0.119, 157, 19, 18.410250868976917, ATLAS-ZTF
1.16236, -8.09993, o, 59868.386193, 18.93, 0.199, 97, 19, 18.933070664334387, ATLAS-ZTF
1.16236, -8.09993, o, 59868.398721, 18.533, 0.125, 140, 18, 18.534679910804403, ATLAS-ZTF
1.16236, -8.09993, o, 59870.376528, 18.276, 0.086, 178, 15, 18.273949994227763, ATLAS-ZTF
1.16236, -8.09993, o, 59870.38164, 18.545, 0.109, 139, 15, 18.542462999364762, ATLAS-ZTF
1.16236, -8.09993, o, 59870.384886, 18.472, 0.117, 148, 17, 18.474345711512605, ATLAS-ZTF
1.16236, -8.09993, o, 59870.395128, 18.638, 0.116, 127, 15, 18.640490697610105, ATLAS-ZTF
1.16236, -8.09993, c, 59871.137405, 18.839, 0.114, 106, 12, 18.836735336838075, ATLAS-ZTF
1.16236, -8.09993, c, 59871.171338, 19.007, 0.133, 91, 12, 19.002396519197266, ATLAS-ZTF
1.16236, -8.09993, c, 59871.179693, 18.847, 0.112, 105, 12, 18.847026752325153, ATLAS-ZTF
1.16236, -8.09993, c, 59871.18285, 18.947, 0.125, 96, 12, 18.944321917401076, ATLAS-ZTF
1.16236, -8.09993, c, 59872.354665, 19.043, 0.174, 88, 15, 19.038793319624578, ATLAS-ZTF
1.16236, -8.09993, c, 59872.357831, 18.96, 0.141, 95, 13, 18.955690986777878, ATLAS-ZTF
1.16236, -8.09993, c, 59872.364554, 18.943, 0.126, 96, 12, 18.944321917401076, ATLAS-ZTF
1.16236, -8.09993, c, 59872.374561, 19.219, 0.165, 75, 12, 19.21234684152075, ATLAS-ZTF
1.16236, -8.09993, o, 59872.873813, 18.429, 0.085, 154, 13, 18.43119819790884, ATLAS-ZTF
1.16236, -8.09993, o, 59872.879779, 18.586, 0.116, 134, 16, 18.58223800408798, ATLAS-ZTF
1.16236, -8.09993, o, 59872.882485, 18.493, 0.099, 145, 14, 18.496579994412564, ATLAS-ZTF
1.16236, -8.09993, o, 59872.893531, 18.95, 0.163, 96, 16, 18.944321917401076, ATLAS-ZTF
1.16236, -8.09993, o, 59874.413554, 18.821, 0.111, 108, 12, 18.816440611282623, ATLAS-ZTF
1.16236, -8.09993, o, 59874.420938, 18.69, 0.111, 121, 14, 18.69303657420887, ATLAS-ZTF
1.16236, -8.09993, o, 59874.423711, 19.01, 0.135, 90, 12, 19.014393726401686, ATLAS-ZTF
1.16236, -8.09993, o, 59874.43434, 18.636, 0.139, 128, 18, 18.631975075880327, ATLAS-ZTF
1.16236, -8.09993, c, 59875.118838, 19.172, 0.156, 78, 12, 19.1697634932738, ATLAS-ZTF
1.16236, -8.09993, c, 59875.122893, 19.184, 0.136, 77, 10, 19.183773187068795, ATLAS-ZTF
1.16236, -8.09993, c, 59875.129244, 20.394, 0.495, 25, 12, 20.405149978319905, ATLAS-ZTF
1.16236, -8.09993, c, 59875.160579, 19.359, 0.156, 66, 10, 19.351140161145327, ATLAS-ZTF
1.16236, -8.09993, c, 59876.364261, 19.312, 0.193, 68, 13, 19.318727718234406, ATLAS-ZTF
1.16236, -8.09993, c, 59876.367422, 19.469, 0.194, 59, 12, 19.47286997089464, ATLAS-ZTF
1.16236, -8.09993, c, 59876.371038, 19.323, 0.18, 68, 12, 19.318727718234406, ATLAS-ZTF
1.16236, -8.09993, c, 59876.372846, 19.485, 0.259, 58, 15, 19.491430016092657, ATLAS-ZTF
1.16236, -8.09993, c, 59876.374203, 19.679, 0.262, 49, 13, 19.674509799928714, ATLAS-ZTF
1.16236, -8.09993, c, 59876.379988, 19.792, 0.263, 44, 12, 19.79136830878453, ATLAS-ZTF
1.16236, -8.09993, c, 59876.38316, 19.316, 0.173, 68, 12, 19.318727718234406, ATLAS-ZTF
1.16236, -8.09993, c, 59876.392225, 19.504, 0.235, 57, 14, 19.51031286081877, ATLAS-ZTF
1.16236, -8.09993, o, 59876.87982, 18.578, 0.106, 134, 14, 18.58223800408798, ATLAS-ZTF
1.16236, -8.09993, o, 59876.882524, 18.678, 0.115, 123, 14, 18.675237221401503, ATLAS-ZTF
1.16236, -8.09993, o, 59876.887531, 18.95, 0.173, 96, 16, 18.944321917401076, ATLAS-ZTF
1.16236, -8.09993, o, 59876.897033, 19.231, 0.23, 74, 17, 19.226920700672558, ATLAS-ZTF
1.16236, -8.09993, o, 59878.340009, 19.139, 0.206, 80, 17, 19.14227503252014, ATLAS-ZTF
1.16236, -8.09993, o, 59878.343701, 18.896, 0.125, 100, 13, 18.9, ATLAS-ZTF
1.16236, -8.09993, o, 59878.351087, 19.197, 0.171, 76, 13, 19.197966019298022, ATLAS-ZTF
1.16236, -8.09993, o, 59878.361247, 19.065, 0.184, 86, 16, 19.06375387189108, ATLAS-ZTF
1.16236, -8.09993, c, 59879.117551, 20.061, 0.319, 34, 11, 20.07130270739436, ATLAS-ZTF
1.16236, -8.09993, c, 59879.120995, 19.802, 0.253, 44, 11, 19.79136830878453, ATLAS-ZTF
1.16236, -8.09993, c, 59879.127772, 19.386, 0.208, 64, 13, 19.38455006504028, ATLAS-ZTF
1.16236, -8.09993, c, 59879.162022, 20.629, 0.574, 20, 12, 20.647425010840045, ATLAS-ZTF
1.16236, -8.09993, c, 59880.389247, 20.361, 0.709, 26, 18, 20.362566630072955, ATLAS-ZTF
1.16236, -8.09993, c, 59880.392421, 19.375, 0.182, 65, 12, 19.36771660839286, ATLAS-ZTF
1.16236, -8.09993, c, 59880.396043, 19.829, 0.326, 42, 14, 19.841876774005247, ATLAS-ZTF
1.16236, -8.09993, c, 59880.397852, 19.383, 0.224, 64, 14, 19.38455006504028, ATLAS-ZTF
1.16236, -8.09993, c, 59880.399209, 19.773, 0.349, 45, 16, 19.76696871556164, ATLAS-ZTF
1.16236, -8.09993, c, 59880.420536, 19.481, 0.236, 59, 14, 19.47286997089464, ATLAS-ZTF
1.16236, -8.09993, c, 59880.42238, 19.576, 0.22, 54, 12, 19.569015600442576, ATLAS-ZTF
1.16236, -8.09993, c, 59880.428704, 20.717, 0.669, 19, 13, 20.703115997617928, ATLAS-ZTF
1.16236, -8.09993, o, 59880.791989, 19.415, 0.244, 62, 15, 19.419020776254364, ATLAS-ZTF
1.16236, -8.09993, o, 59880.793794, 20.337, 0.627, 27, 17, 20.32159058960253, ATLAS-ZTF
1.16236, -8.09993, o, 59880.796952, 19.332, 0.246, 67, 16, 19.334812993247933, ATLAS-ZTF
1.16236, -8.09993, o, 59880.812852, 19.404, 0.186, 63, 12, 19.401648626366043, ATLAS-ZTF
1.16236, -8.09993, o, 59882.340635, 19.561, 0.239, 54, 13, 19.569015600442576, ATLAS-ZTF
1.16236, -8.09993, o, 59882.350507, 19.226, 0.166, 74, 12, 19.226920700672558, ATLAS-ZTF
1.16236, -8.09993, o, 59882.356046, 20.097, 0.431, 33, 14, 20.10371515030528, ATLAS-ZTF
1.16236, -8.09993, o, 59882.358822, 19.4, 0.22, 63, 14, 19.401648626366043, ATLAS-ZTF
1.16236, -8.09993, o, 59883.099731, 19.909, 0.427, 40, 17, 19.894850021680092, ATLAS-ZTF
1.16236, -8.09993, o, 59883.102888, 19.819, 0.347, 43, 15, 19.816328861051034, ATLAS-ZTF
1.16236, -8.09993, o, 59883.108291, 20.203, 0.628, 30, 19, 20.207196863200842, ATLAS-ZTF
1.16236, -8.09993, o, 59883.119605, 19.261, 0.188, 72, 13, 19.256668758921826, ATLAS-ZTF
1.16236, -8.09993, o, 59884.361291, 22.605, 8.344, 3, 28, 22.707196863200842, ATLAS-ZTF
1.16236, -8.09993, o, 59884.364456, 19.855, 0.463, 42, 19, 19.841876774005247, ATLAS-ZTF
1.16236, -8.09993, o, 59884.370383, 20.083, 0.649, 34, 22, 20.07130270739436, ATLAS-ZTF
1.16236, -8.09993, o, 59884.39092, 20.613, 1.956, 21, 40, 20.5944517631652, ATLAS-ZTF
1.16236, -8.09993, o, 59884.85444, 19.234, 0.369, 74, 27, 19.226920700672558, ATLAS-ZTF
1.16236, -8.09993, o, 59884.885955, 15.818, 1.027, 1709, 1755, 15.818144843198155, ATLAS-ZTF
1.16236, -8.09993, o, 59890.391354, 20.306, 1.067, 27, 29, 20.32159058960253, ATLAS-ZTF
1.16236, -8.09993, o, 59890.394128, 18.861, 0.269, 104, 28, 18.85741665175305, ATLAS-ZTF
1.16236, -8.09993, o, 59890.431982, 18.569, 0.291, 136, 40, 18.566152729074453, ATLAS-ZTF
1.16236, -8.09993, o, 59891.167054, -20.526, 2.38, -22, 53, nan, ATLAS-ZTF
1.16236, -8.09993, o, 59892.425246, 19.49, 0.557, 58, 32, 19.491430016092657, ATLAS-ZTF
1.16236, -8.09993, o, 59892.428421, 19.207, 0.432, 75, 32, 19.21234684152075, ATLAS-ZTF
1.16236, -8.09993, o, 59892.449873, -21.025, 2.018, -14, 28, nan, ATLAS-ZTF
1.16236, -8.09993, o, 59892.458486, -20.353, 1.423, -26, 37, nan, ATLAS-ZTF
1.16236, -8.09993, o, 59892.876414, 21.121, 2.474, 13, 32, 21.115141619232908, ATLAS-ZTF
1.16236, -8.09993, o, 59892.879573, 20.352, 1.074, 26, 28, 20.362566630072955, ATLAS-ZTF
1.16236, -8.09993, o, 59892.89018, 20.161, 0.906, 31, 28, 20.171595765414317, ATLAS-ZTF
1.16236, -8.09993, o, 59892.91396, 20.091, 0.943, 33, 32, 20.10371515030528, ATLAS-ZTF
1.16236, -8.09993, o, 59894.308129, 21.09, 1.328, 13, 18, 21.115141619232908, ATLAS-ZTF
1.16236, -8.09993, o, 59894.311363, 20.784, 0.839, 18, 15, 20.761818737241732, ATLAS-ZTF
1.16236, -8.09993, o, 59894.317366, 21.019, 1.062, 14, 15, 21.034679910804403, ATLAS-ZTF
1.16236, -8.09993, o, 59894.333559, 20.415, 0.654, 25, 16, 20.405149978319905, ATLAS-ZTF
1.16236, -8.09993, o, 59896.384679, -19.999, 0.556, -36, 20, nan, ATLAS-ZTF
1.16236, -8.09993, o, 59896.390151, 20.199, 0.573, 30, 17, 20.207196863200842, ATLAS-ZTF
1.16236, -8.09993, o, 59896.401195, 19.933, 0.482, 39, 19, 19.92233848243375, ATLAS-ZTF
1.16236, -8.09993, o, 59896.404375, 20.601, 1.093, 21, 23, 20.5944517631652, ATLAS-ZTF
1.16236, -8.09993, c, 59896.831712, 21.044, 1.011, 14, 14, 21.034679910804403, ATLAS-ZTF
1.16236, -8.09993, c, 59896.834873, 21.163, 0.828, 12, 10, 21.202046884880936, ATLAS-ZTF
1.16236, -8.09993, c, 59896.839847, 20.255, 0.414, 29, 12, 20.24400500525261, ATLAS-ZTF
1.16236, -8.09993, c, 59896.850702, 21.14, 0.838, 13, 11, 21.115141619232908, ATLAS-ZTF
1.16236, -8.09993, c, 59898.340582, 22.462, 2.792, 4, 10, 22.394850021680092, ATLAS-ZTF
1.16236, -8.09993, c, 59898.343819, 21.028, 0.778, 14, 11, 21.034679910804403, ATLAS-ZTF
1.16236, -8.09993, c, 59898.351758, 20.447, 0.427, 24, 10, 20.449471895720983, ATLAS-ZTF
1.16236, -8.09993, c, 59898.365254, -22.312, 2.607, -4, 11, nan, ATLAS-ZTF
1.16236, -8.09993, o, 59899.072584, 20.345, 0.647, 26, 17, 20.362566630072955, ATLAS-ZTF
1.16236, -8.09993, o, 59899.075512, -20.75, 1.051, -18, 19, nan, ATLAS-ZTF
1.16236, -8.09993, o, 59899.081082, 19.889, 0.556, 40, 22, 19.894850021680092, ATLAS-ZTF
1.16236, -8.09993, o, 59899.092453, 19.53, 0.443, 56, 25, 19.529529932484497, ATLAS-ZTF
1.16236, -8.09993, o, 59900.332943, 20.832, 0.921, 17, 16, 20.823877696554312, ATLAS-ZTF
1.16236, -8.09993, o, 59900.336113, 19.703, 0.317, 48, 15, 19.69689690656103, ATLAS-ZTF
1.16236, -8.09993, o, 59900.36197, 21.031, 1.348, 14, 19, 21.034679910804403, ATLAS-ZTF
1.16236, -8.09993, o, 59900.389442, 20.045, 0.5, 35, 17, 20.03982988912431, ATLAS-ZTF
1.16236, -8.09993, c, 59900.820825, 20.361, 0.493, 26, 13, 20.362566630072955, ATLAS-ZTF
1.16236, -8.09993, c, 59900.824443, 20.739, 0.826, 18, 15, 20.761818737241732, ATLAS-ZTF
1.16236, -8.09993, c, 59900.829938, 20.618, 0.739, 20, 15, 20.647425010840045, ATLAS-ZTF
1.16236, -8.09993, c, 59900.847598, 19.977, 0.81, 37, 30, 19.97949568983251, ATLAS-ZTF
1.16236, -8.09993, c, 59902.378793, -21.317, 0.956, -11, 10, nan, ATLAS-ZTF
1.16236, -8.09993, c, 59902.405321, 20.969, 0.815, 15, 12, 20.959771852360795, ATLAS-ZTF
1.16236, -8.09993, c, 59902.418867, 20.279, 0.462, 28, 13, 20.28210492164445, ATLAS-ZTF
1.16236, -8.09993, o, 59903.067612, 19.706, 0.478, 48, 23, 19.69689690656103, ATLAS-ZTF
1.16236, -8.09993, o, 59903.070765, 19.689, 0.481, 48, 23, 19.69689690656103, ATLAS-ZTF
1.16236, -8.09993, o, 59903.076624, 19.901, 0.695, 40, 28, 19.894850021680092, ATLAS-ZTF
1.16236, -8.09993, o, 59903.095791, 20.131, 0.703, 32, 23, 20.137125054200233, ATLAS-ZTF
1.16236, -8.09993, c, 59904.808191, -17.422, 0.235, -390, 92, nan, ATLAS-ZTF
1.16236, -8.09993, c, 59904.811353, -22.06, 8.5, -5, 46, nan, ATLAS-ZTF
1.16236, -8.09993, c, 59904.81856, 22.168, 4.118, 5, 20, 22.15257498915995, ATLAS-ZTF
1.16236, -8.09993, c, 59904.828547, -18.093, 0.634, -210, 133, nan, ATLAS-ZTF
1.16236, -8.09993, c, 59906.292301, 21.614, 1.26, 8, 10, 21.64227503252014, ATLAS-ZTF
1.16236, -8.09993, c, 59906.295562, 21.767, 1.558, 7, 11, 21.787254899964356, ATLAS-ZTF
1.16236, -8.09993, c, 59906.301163, 20.983, 0.726, 15, 11, 20.959771852360795, ATLAS-ZTF
1.16236, -8.09993, c, 59906.316529, 20.427, 0.486, 24, 12, 20.449471895720983, ATLAS-ZTF
1.16236, -8.09993, o, 59907.039349, 18.81, 0.206, 109, 22, 18.80643375514844, ATLAS-ZTF
1.16236, -8.09993, o, 59907.043405, 18.741, 0.153, 116, 18, 18.738855026932704, ATLAS-ZTF
1.16236, -8.09993, o, 59907.05341, 18.464, 0.132, 150, 20, 18.459771852360795, ATLAS-ZTF
1.16236, -8.09993, o, 59907.059749, 19.085, 0.297, 84, 25, 19.089301784845293, ATLAS-ZTF
1.16236, -8.09993, o, 59907.064704, 19.143, 0.268, 80, 22, 19.14227503252014, ATLAS-ZTF
1.16236, -8.09993, o, 59907.067869, 20.318, 0.697, 27, 19, 20.32159058960253, ATLAS-ZTF
1.16236, -8.09993, o, 59907.072973, 19.445, 0.422, 60, 26, 19.45462187404089, ATLAS-ZTF
1.16236, -8.09993, o, 59907.086521, 17.782, 0.288, 280, 81, 17.78210492164445, ATLAS-ZTF
1.16236, -8.09993, o, 59908.272747, 20.547, 0.601, 22, 13, 20.543943297944484, ATLAS-ZTF
1.16236, -8.09993, o, 59908.276364, 21.399, 1.679, 10, 17, 21.4, ATLAS-ZTF
1.16236, -8.09993, o, 59908.287394, 21.5, 2.013, 9, 18, 21.514393726401686, ATLAS-ZTF
1.16236, -8.09993, o, 59908.293723, -24.674, 27.75, 0, 14, inf, ATLAS-ZTF
1.16236, -8.09993, o, 59911.040549, 18.208, 0.14, 189, 26, 18.208845489566887, ATLAS-ZTF
1.16236, -8.09993, o, 59911.043703, 18.077, 0.145, 213, 31, 18.079050991403154, ATLAS-ZTF
1.16236, -8.09993, o, 59911.045959, 19.644, 0.379, 50, 19, 19.65257498915995, ATLAS-ZTF
1.16236, -8.09993, o, 59911.053646, 18.068, 0.102, 215, 22, 18.068903850210987, ATLAS-ZTF
1.16236, -8.09993, o, 59911.056818, 20.071, 0.568, 34, 19, 20.07130270739436, ATLAS-ZTF
1.16236, -8.09993, o, 59911.05907, 18.323, 0.126, 170, 21, 18.323877696554312, ATLAS-ZTF
1.16236, -8.09993, o, 59911.060422, 21.459, 2.108, 10, 20, 21.4, ATLAS-ZTF
1.16236, -8.09993, o, 59911.065851, 19.442, 0.352, 61, 21, 19.43667541247308, ATLAS-ZTF
1.16236, -8.09993, o, 59912.787034, -21.318, 1.986, -11, 21, nan, ATLAS-ZTF
1.16236, -8.09993, o, 59912.790203, 19.994, 0.62, 36, 23, 20.00924374808178, ATLAS-ZTF
1.16236, -8.09993, o, 59912.797433, 21.538, 2.303, 9, 20, 21.514393726401686, ATLAS-ZTF
1.16236, -8.09993, o, 59912.808346, -21.017, 1.535, -14, 22, nan, ATLAS-ZTF
1.16236, -8.09993, o, 59919.088281, 19.232, 0.532, 74, 39, 19.226920700672558, ATLAS-ZTF
1.16236, -8.09993, o, 59919.091898, 19.427, 0.74, 62, 46, 19.419020776254364, ATLAS-ZTF
1.16236, -8.09993, o, 59919.097332, 24.346, 72.0, 1, 48, 23.9, ATLAS-ZTF
1.16236, -8.09993, o, 59919.116795, -25.581, 217.0, 0, 46, inf, ATLAS-ZTF
1.16236, -8.09993, o, 59920.799696, 21.649, 3.351, 8, 27, 21.64227503252014, ATLAS-ZTF
1.16236, -8.09993, o, 59920.802853, 20.306, 0.888, 27, 24, 20.32159058960253, ATLAS-ZTF
1.16236, -8.09993, o, 59920.809784, -23.725, 22.875, -1, 27, nan, ATLAS-ZTF
1.16236, -8.09993, o, 59920.819733, 20.024, 0.801, 36, 28, 20.00924374808178, ATLAS-ZTF
1.16236, -8.09993, o, 59923.053052, 19.319, 0.249, 68, 17, 19.318727718234406, ATLAS-ZTF
1.16236, -8.09993, o, 59923.057652, 21.146, 1.282, 13, 16, 21.115141619232908, ATLAS-ZTF
1.16236, -8.09993, o, 59923.063959, -21.859, 3.263, -7, 21, nan, ATLAS-ZTF
1.16236, -8.09993, o, 59923.073878, -20.792, 1.238, -18, 22, nan, ATLAS-ZTF
1.16236, -8.09993, c, 59927.036882, -22.049, 2.559, -6, 14, nan, ATLAS-ZTF
1.16236, -8.09993, c, 59927.040486, 21.571, 1.537, 8, 13, 21.64227503252014, ATLAS-ZTF
1.16236, -8.09993, c, 59927.045892, 20.945, 0.865, 15, 13, 20.959771852360795, ATLAS-ZTF
1.16236, -8.09993, c, 59927.05627, -22.286, 2.96, -4, 13, nan, ATLAS-ZTF
1.16236, -8.09993, c, 59928.268308, -22.98, 5.8, -2, 14, nan, ATLAS-ZTF
1.16236, -8.09993, c, 59928.271477, -20.364, 0.473, -26, 12, nan, ATLAS-ZTF
1.16236, -8.09993, c, 59928.276902, 20.78, 0.598, 18, 11, 20.761818737241732, ATLAS-ZTF
1.16236, -8.09993, c, 59928.290167, 20.63, 0.7, 20, 14, 20.647425010840045, ATLAS-ZTF
1.16236, -8.09993, o, 59948.835137, -19.907, 0.831, -40, 33, nan, ATLAS-ZTF
1.16236, -8.09993, o, 59948.839729, 23.4, 23.714, 2, 38, 23.147425010840045, ATLAS-ZTF
1.16236, -8.09993, o, 59948.844718, -19.378, 0.604, -64, 39, nan, ATLAS-ZTF
1.16236, -8.09993, o, 59951.04852, -20.136, 4.016, -32, 129, nan, ATLAS-ZTF
1.16236, -8.09993, o, 59951.051682, 16.602, 0.689, 830, 572, 16.602304769059813, ATLAS-ZTF
1.16236, -8.09993, o, 59951.059356, 17.664, 0.652, 312, 204, 17.664613514953892, ATLAS-ZTF
1.1604186999999999, -8.1017679000000005, zg, 59841.273101899998, 21.3318176, 0.259729266, 91.15252007346518, 21.805459769120876, 26.2312393, ATLAS-ZTF
1.159988, -8.1014242000000003, zg, 59899.147708299999, 20.3240757, 0.176728785, 230.6680902380985, 37.546589261183314, 26.2315445, ATLAS-ZTF
1.1599031, -8.1016396000000004, zg, 59901.215613400003, 20.618, 0.19982338, 148.92994873085883, 27.40968350157994, 26.0504551, ATLAS-ZTF
1.1635133, -8.0972851000000006, zg, 59818.3561806, 20.1345539, 0.160012931, 260.6499224203691, 38.41389636693294, 26.1746979, ATLAS-ZTF
1.1625920000000001, -8.101051, zg, 59769.420092599998, 19.8192234, 0.131295979, 343.2569663963841, 41.50940095216154, 26.1582718, ATLAS-ZTF
1.162677, -8.1007000999999992, zg, 59771.386446800003, 19.8434658, 0.133453578, 305.84534860987736, 37.593069023371214, 26.0572205, ATLAS-ZTF
1.1622134, -8.1007929000000001, zg, 59932.110324100002, 20.502327, 0.19011569, 191.87503851631274, 33.59789899373551, 26.2098732, ATLAS-ZTF
1.1628423999999999, -8.0984745999999994, zg, 59847.313159700003, 20.0060921, 0.148224801, 311.0738039662575, 42.467822742894754, 26.2382507, ATLAS-ZTF
1.1619999000000001, -8.0993133000000004, zr, 59818.3993519, 19.6774311, 0.114337832, 401.11457231990266, 42.240988540012566, 26.1856022, ATLAS-ZTF
1.1623213999999999, -8.0998663000000004, zr, 59906.148044000001, 19.2161427, 0.0830249637, 650.5062596217577, 49.7434444527441, 26.2492714, ATLAS-ZTF
1.1612365, -8.0987533000000003, zi, 59862.335844900001, 19.0925674, 0.102180555, 420.3393419512315, 39.558879091150644, 25.6515675, ATLAS-ZTF
