# Combined data from 'ATLAS-ZTF' for 'SN 2018gro'
ra, dec, filter, mjd, mag, dmag, flux, dflux, zp, source
332.955, 38.70042, c, 58284.608225, 19.916, 0.235, 39, 9, 19.92233848243375, ATLAS-ZTF
332.955, 38.70042, c, 58284.619002, -20.384, 1.503, -26, 38, nan, ATLAS-ZTF
332.955, 38.70042, o, 58286.604272, -19.148, 0.204, -80, 16, nan, ATLAS-ZTF
332.955, 38.70042, o, 58286.614937, -21.926, 3.133, -6, 19, nan, ATLAS-ZTF
332.955, 38.70042, o, 58286.625189, 18.31, 0.889, 172, 153, 18.311178882731127, ATLAS-ZTF
332.955, 38.70042, o, 58290.581219, -19.502, 0.295, -57, 17, nan, ATLAS-ZTF
332.955, 38.70042, o, 58290.59223, -20.693, 0.687, -19, 13, nan, ATLAS-ZTF
332.955, 38.70042, o, 58290.602016, 19.722, 0.36, 47, 17, 19.719755355160704, ATLAS-ZTF
332.955, 38.70042, o, 58290.611815, -20.293, 0.653, -28, 18, nan, ATLAS-ZTF
332.955, 38.70042, o, 58292.5811, 20.408, 0.477, 25, 12, 20.405149978319905, ATLAS-ZTF
332.955, 38.70042, o, 58292.592013, -20.902, 0.804, -16, 13, nan, ATLAS-ZTF
332.955, 38.70042, o, 58292.603385, 20.054, 0.37, 35, 13, 20.03982988912431, ATLAS-ZTF
332.955, 38.70042, o, 58292.613979, 21.457, 1.5, 10, 14, 21.4, ATLAS-ZTF
332.955, 38.70042, o, 58293.626449, -17.974, 0.031, -234, 7, nan, ATLAS-ZTF
332.955, 38.70042, o, 58294.569083, 23.258, 9.4, 2, 17, 23.147425010840045, ATLAS-ZTF
332.955, 38.70042, o, 58294.579674, 20.897, 1.011, 16, 16, 20.889700043360186, ATLAS-ZTF
332.955, 38.70042, o, 58294.590688, -20.154, 0.398, -32, 12, nan, ATLAS-ZTF
332.955, 38.70042, o, 58294.600569, 21.265, 1.295, 11, 15, 21.296518287104437, ATLAS-ZTF
332.955, 38.70042, o, 58297.563782, 20.218, 0.774, 30, 23, 20.207196863200842, ATLAS-ZTF
332.955, 38.70042, o, 58297.573834, -18.628, 0.222, -128, 28, nan, ATLAS-ZTF
332.955, 38.70042, o, 58297.586724, -18.648, 0.28, -126, 35, nan, ATLAS-ZTF
332.955, 38.70042, o, 58297.598484, 19.663, 0.653, 50, 32, 19.65257498915995, ATLAS-ZTF
332.955, 38.70042, o, 58298.518972, 22.52, 8.278, 4, 30, 22.394850021680092, ATLAS-ZTF
332.955, 38.70042, o, 58298.526817, -20.042, 0.701, -35, 24, nan, ATLAS-ZTF
332.955, 38.70042, o, 58298.534696, -20.959, 1.845, -15, 28, nan, ATLAS-ZTF
332.955, 38.70042, o, 58298.535636, 18.296, 0.215, 174, 38, 18.2986268792935, ATLAS-ZTF
332.955, 38.70042, o, 58298.54255, 21.741, 3.4, 7, 25, 21.787254899964356, ATLAS-ZTF
332.955, 38.70042, o, 58298.543473, 20.548, 1.29, 22, 28, 20.543943297944484, ATLAS-ZTF
332.955, 38.70042, o, 58300.562925, 21.134, 1.564, 13, 20, 21.115141619232908, ATLAS-ZTF
332.955, 38.70042, o, 58300.573065, -21.741, 2.145, -7, 16, nan, ATLAS-ZTF
332.955, 38.70042, o, 58300.583149, -19.89, 0.311, -40, 12, nan, ATLAS-ZTF
332.955, 38.70042, o, 58300.592765, 20.046, 1.401, 35, 49, 20.03982988912431, ATLAS-ZTF
332.955, 38.70042, c, 58308.572688, -21.804, 1.268, -7, 9, nan, ATLAS-ZTF
332.955, 38.70042, c, 58308.582538, -21.75, 1.228, -7, 9, nan, ATLAS-ZTF
332.955, 38.70042, c, 58308.592608, 24.975, 25.0, 0, 9, inf, ATLAS-ZTF
332.955, 38.70042, c, 58308.6024, -21.797, 1.264, -7, 9, nan, ATLAS-ZTF
332.955, 38.70042, o, 58310.533572, -23.391, 8.375, -2, 13, nan, ATLAS-ZTF
332.955, 38.70042, o, 58310.542951, -24.059, 15.25, -1, 13, nan, ATLAS-ZTF
332.955, 38.70042, o, 58310.55371, 23.077, 5.7, 2, 12, 23.147425010840045, ATLAS-ZTF
332.955, 38.70042, o, 58310.565015, -20.976, 0.97, -15, 14, nan, ATLAS-ZTF
332.955, 38.70042, c, 58312.541646, -20.681, 0.504, -19, 10, nan, ATLAS-ZTF
332.955, 38.70042, c, 58312.551664, 19.489, 0.951, 58, 55, 19.491430016092657, ATLAS-ZTF
332.955, 38.70042, c, 58312.562045, -18.045, 1.218, -220, 268, nan, ATLAS-ZTF
332.955, 38.70042, c, 58312.573297, -19.661, 0.585, -50, 29, nan, ATLAS-ZTF
332.955, 38.70042, o, 58318.51471, -21.223, 0.937, -12, 11, nan, ATLAS-ZTF
332.955, 38.70042, o, 58318.52773, -22.145, 2.636, -5, 13, nan, ATLAS-ZTF
332.955, 38.70042, o, 58318.538981, -19.706, 0.265, -48, 13, nan, ATLAS-ZTF
332.955, 38.70042, o, 58318.549155, 20.836, 0.789, 17, 13, 20.823877696554312, ATLAS-ZTF
332.955, 38.70042, o, 58320.520091, 19.649, 0.568, 50, 28, 19.65257498915995, ATLAS-ZTF
332.955, 38.70042, o, 58320.525213, 19.204, 0.404, 76, 30, 19.197966019298022, ATLAS-ZTF
332.955, 38.70042, o, 58320.539576, -20.858, 6.542, -16, 108, nan, ATLAS-ZTF
332.955, 38.70042, o, 58320.548695, -19.212, 0.33, -75, 25, nan, ATLAS-ZTF
332.955, 38.70042, o, 58322.490627, 23.75, 16.5, 1, 19, 23.9, ATLAS-ZTF
332.955, 38.70042, o, 58322.504049, 22.218, 3.5, 5, 16, 22.15257498915995, ATLAS-ZTF
332.955, 38.70042, o, 58322.515203, -21.319, 1.54, -11, 17, nan, ATLAS-ZTF
332.955, 38.70042, o, 58322.527454, -20.544, 0.667, -22, 15, nan, ATLAS-ZTF
332.955, 38.70042, o, 58324.515919, 17.584, 1.569, 336, 527, 17.584151806525387, ATLAS-ZTF
332.955, 38.70042, o, 58324.527504, 19.222, 0.383, 74, 28, 19.226920700672558, ATLAS-ZTF
332.955, 38.70042, o, 58324.534136, -22.183, 2.867, -5, 14, nan, ATLAS-ZTF
332.955, 38.70042, o, 58324.54431, -20.115, 0.896, -33, 29, nan, ATLAS-ZTF
332.955, 38.70042, o, 58328.473698, 20.013, 0.674, 36, 24, 20.00924374808178, ATLAS-ZTF
332.955, 38.70042, o, 58328.485514, 25.427, 92.0, 0, 22, inf, ATLAS-ZTF
332.955, 38.70042, o, 58328.495401, -20.678, 0.841, -19, 16, nan, ATLAS-ZTF
332.955, 38.70042, o, 58328.503492, 20.63, 0.994, 20, 20, 20.647425010840045, ATLAS-ZTF
332.955, 38.70042, o, 58330.49119, -20.425, 1.593, -24, 39, nan, ATLAS-ZTF
332.955, 38.70042, o, 58330.50188, 19.844, 1.05, 42, 44, 19.841876774005247, ATLAS-ZTF
332.955, 38.70042, o, 58330.507918, 19.962, 1.016, 38, 38, 19.950541008457975, ATLAS-ZTF
332.955, 38.70042, o, 58330.50932, -20.455, 1.315, -24, 31, nan, ATLAS-ZTF
332.955, 38.70042, o, 58330.515316, -19.292, 0.425, -70, 30, nan, ATLAS-ZTF
332.955, 38.70042, o, 58330.521844, 22.015, 5.769, 6, 33, 21.95462187404089, ATLAS-ZTF
332.955, 38.70042, o, 58330.524234, -19.625, 0.704, -51, 36, nan, ATLAS-ZTF
332.955, 38.70042, o, 58330.534397, -20.609, 2.053, -21, 43, nan, ATLAS-ZTF
332.955, 38.70042, o, 58334.506535, 20.228, 0.88, 29, 26, 20.24400500525261, ATLAS-ZTF
332.955, 38.70042, o, 58334.518186, 20.72, 2.68, 19, 50, 20.703115997617928, ATLAS-ZTF
332.955, 38.70042, o, 58334.52377, -21.156, 5.966, -12, 75, nan, ATLAS-ZTF
332.955, 38.70042, o, 58334.53128, 19.92, 0.62, 39, 24, 19.92233848243375, ATLAS-ZTF
332.955, 38.70042, o, 58338.484042, 22.538, 4.5, 4, 16, 22.394850021680092, ATLAS-ZTF
332.955, 38.70042, o, 58338.49201, 20.013, 0.496, 36, 18, 20.00924374808178, ATLAS-ZTF
332.955, 38.70042, o, 58338.506576, -20.136, 0.454, -32, 14, nan, ATLAS-ZTF
332.955, 38.70042, o, 58338.51029, 20.481, 0.679, 23, 16, 20.495680409956016, ATLAS-ZTF
332.955, 38.70042, o, 58342.483565, 20.715, 0.659, 19, 12, 20.703115997617928, ATLAS-ZTF
332.955, 38.70042, o, 58342.488674, -20.662, 0.686, -20, 14, nan, ATLAS-ZTF
332.955, 38.70042, o, 58342.489632, -19.805, 0.317, -43, 14, nan, ATLAS-ZTF
332.955, 38.70042, o, 58342.502701, -19.945, 0.355, -38, 14, nan, ATLAS-ZTF
332.955, 38.70042, c, 58344.488128, 24.94, 22.667, 0, 9, inf, ATLAS-ZTF
332.955, 38.70042, c, 58344.49885, -21.055, 0.64, -14, 9, nan, ATLAS-ZTF
332.955, 38.70042, c, 58344.504898, 21.713, 1.169, 8, 9, 21.64227503252014, ATLAS-ZTF
332.955, 38.70042, c, 58344.518922, -23.396, 6.25, -2, 10, nan, ATLAS-ZTF
332.955, 38.70042, o, 58348.475013, -21.897, 1.677, -6, 11, nan, ATLAS-ZTF
332.955, 38.70042, o, 58348.486214, 21.004, 0.712, 14, 10, 21.034679910804403, ATLAS-ZTF
332.955, 38.70042, o, 58348.486672, -21.18, 0.877, -12, 11, nan, ATLAS-ZTF
332.955, 38.70042, o, 58348.491716, -22.166, 2.0, -5, 10, nan, ATLAS-ZTF
332.955, 38.70042, o, 58352.467175, 20.171, 2.636, 31, 82, 20.171595765414317, ATLAS-ZTF
332.955, 38.70042, o, 58352.476658, -17.657, 0.788, -314, 248, nan, ATLAS-ZTF
332.955, 38.70042, o, 58352.488386, -20.137, 1.103, -32, 35, nan, ATLAS-ZTF
332.955, 38.70042, o, 58352.49299, 19.482, 1.317, 58, 77, 19.491430016092657, ATLAS-ZTF
332.955, 38.70042, o, 58360.451506, 20.014, 0.397, 36, 14, 20.00924374808178, ATLAS-ZTF
332.955, 38.70042, o, 58360.461311, 21.131, 1.025, 13, 13, 21.115141619232908, ATLAS-ZTF
332.955, 38.70042, o, 58360.462267, 19.969, 0.453, 37, 17, 19.97949568983251, ATLAS-ZTF
332.955, 38.70042, o, 58360.466451, 21.138, 1.131, 13, 14, 21.115141619232908, ATLAS-ZTF
332.955, 38.70042, o, 58362.439763, 21.724, 2.846, 7, 21, 21.787254899964356, ATLAS-ZTF
332.955, 38.70042, o, 58362.450943, 21.435, 2.125, 10, 21, 21.4, ATLAS-ZTF
332.955, 38.70042, o, 58362.455629, 19.84, 0.462, 42, 19, 19.841876774005247, ATLAS-ZTF
332.955, 38.70042, o, 58362.47108, 19.829, 0.521, 42, 22, 19.841876774005247, ATLAS-ZTF
332.955, 38.70042, o, 58366.434077, 23.607, 10.0, 1, 13, 23.9, ATLAS-ZTF
332.955, 38.70042, o, 58366.442014, -20.568, 0.566, -22, 12, nan, ATLAS-ZTF
332.955, 38.70042, o, 58366.454631, 20.811, 0.833, 17, 14, 20.823877696554312, ATLAS-ZTF
332.955, 38.70042, o, 58366.459318, 22.183, 2.48, 5, 12, 22.15257498915995, ATLAS-ZTF
332.955, 38.70042, o, 58368.438552, 20.204, 0.373, 30, 11, 20.207196863200842, ATLAS-ZTF
332.955, 38.70042, o, 58368.44376, 21.063, 1.187, 14, 16, 21.034679910804403, ATLAS-ZTF
332.955, 38.70042, o, 58368.444673, 19.999, 0.329, 36, 12, 20.00924374808178, ATLAS-ZTF
332.955, 38.70042, o, 58368.457668, -21.767, 2.068, -7, 15, nan, ATLAS-ZTF
332.955, 38.70042, o, 58372.424384, 19.501, 0.179, 58, 10, 19.491430016092657, ATLAS-ZTF
332.955, 38.70042, o, 58372.435067, 19.817, 0.293, 43, 13, 19.816328861051034, ATLAS-ZTF
332.955, 38.70042, o, 58372.44128, 19.492, 0.159, 58, 9, 19.491430016092657, ATLAS-ZTF
332.955, 38.70042, o, 58372.454836, 19.075, 0.114, 85, 10, 19.076452685714266, ATLAS-ZTF
332.955, 38.70042, o, 58374.425224, 18.692, 0.141, 121, 17, 18.69303657420887, ATLAS-ZTF
332.955, 38.70042, o, 58374.435851, 19.417, 0.239, 62, 15, 19.419020776254364, ATLAS-ZTF
332.955, 38.70042, o, 58374.440551, 18.367, 0.093, 163, 15, 18.369530988990103, ATLAS-ZTF
332.955, 38.70042, o, 58374.455509, 18.52, 0.102, 142, 14, 18.519279139042357, ATLAS-ZTF
332.955, 38.70042, o, 58378.404712, 18.281, 0.091, 177, 16, 18.280066834095482, ATLAS-ZTF
332.955, 38.70042, o, 58378.411812, 18.32, 0.091, 171, 16, 18.317509724019615, ATLAS-ZTF
332.955, 38.70042, o, 58378.425848, 18.17, 0.077, 196, 15, 18.169359821608808, ATLAS-ZTF
332.955, 38.70042, o, 58378.430553, 18.149, 0.078, 200, 16, 18.147425010840045, ATLAS-ZTF
332.955, 38.70042, o, 58380.409234, 17.797, 0.058, 276, 16, 17.797727294836953, ATLAS-ZTF
332.955, 38.70042, o, 58380.416793, 18.093, 0.102, 210, 21, 18.0944517631652, ATLAS-ZTF
332.955, 38.70042, o, 58380.429692, 18.196, 0.165, 191, 32, 18.19741658188068, ATLAS-ZTF
332.955, 38.70042, o, 58380.434452, 18.018, 0.114, 225, 26, 18.019543704721592, ATLAS-ZTF
332.955, 38.70042, o, 58382.394063, 17.814, 0.082, 272, 22, 17.8135777399145, ATLAS-ZTF
332.955, 38.70042, o, 58382.404694, 17.916, 0.086, 248, 21, 17.913870797934457, ATLAS-ZTF
332.955, 38.70042, o, 58382.410825, 18.044, 0.098, 220, 22, 18.043943297944484, ATLAS-ZTF
332.955, 38.70042, o, 58382.424269, 17.907, 0.092, 250, 23, 17.905149978319905, ATLAS-ZTF
332.955, 38.70042, o, 58384.402584, 18.012, 0.085, 227, 19, 18.00993535701719, ATLAS-ZTF
332.955, 38.70042, o, 58384.413629, 18.12, 0.111, 205, 23, 18.120615347360612, ATLAS-ZTF
332.955, 38.70042, o, 58384.418367, 18.043, 0.242, 220, 53, 18.043943297944484, ATLAS-ZTF
332.955, 38.70042, o, 58384.432863, 18.22, 0.136, 187, 26, 18.22039598365875, ATLAS-ZTF
332.955, 38.70042, o, 58386.408728, 17.849, 0.214, 263, 56, 17.850110628775603, ATLAS-ZTF
332.955, 38.70042, o, 58386.416561, 18.211, 0.28, 189, 53, 18.208845489566887, ATLAS-ZTF
332.955, 38.70042, o, 58386.436751, 18.147, 0.215, 200, 43, 18.147425010840045, ATLAS-ZTF
332.955, 38.70042, o, 58386.444486, 18.094, 0.231, 210, 49, 18.0944517631652, ATLAS-ZTF
332.955, 38.70042, o, 58388.409466, 17.482, 0.187, 369, 69, 17.482434084602346, ATLAS-ZTF
332.955, 38.70042, o, 58390.371231, 15.859, 1.173, 1646, 1931, 15.85892542280937, ATLAS-ZTF
332.955, 38.70042, o, 58390.375375, 19.623, 4.649, 51, 239, 19.631074559755156, ATLAS-ZTF
332.955, 38.70042, o, 58390.376784, 17.86, 0.34, 261, 88, 17.858398731654297, ATLAS-ZTF
332.955, 38.70042, o, 58390.384859, 17.851, 0.077, 263, 20, 17.850110628775603, ATLAS-ZTF
332.955, 38.70042, o, 58391.454663, 17.796, 0.098, 276, 27, 17.797727294836953, ATLAS-ZTF
332.955, 38.70042, o, 58392.383845, 18.213, 0.06, 188, 11, 18.214605376840797, ATLAS-ZTF
332.955, 38.70042, o, 58392.391398, 18.326, 0.072, 170, 12, 18.323877696554312, ATLAS-ZTF
332.955, 38.70042, o, 58392.392313, 18.302, 0.083, 174, 14, 18.2986268792935, ATLAS-ZTF
332.955, 38.70042, o, 58392.403829, 18.514, 0.104, 143, 15, 18.511659906337343, ATLAS-ZTF
332.955, 38.70042, o, 58392.40431, 18.134, 0.076, 203, 15, 18.131259905216965, ATLAS-ZTF
332.955, 38.70042, o, 58392.408621, 18.262, 0.083, 180, 15, 18.261818737241732, ATLAS-ZTF
332.955, 38.70042, o, 58392.40909, 17.983, 0.071, 233, 16, 17.981610197434954, ATLAS-ZTF
332.955, 38.70042, o, 58392.423494, 17.602, 0.059, 330, 20, 17.60371515030528, ATLAS-ZTF
332.955, 38.70042, o, 58394.374332, 18.727, 0.129, 117, 15, 18.729535345634595, ATLAS-ZTF
332.955, 38.70042, o, 58394.381889, 18.232, 0.093, 185, 17, 18.232070678992464, ATLAS-ZTF
332.955, 38.70042, o, 58394.394839, 18.194, 0.09, 192, 17, 18.191746928241123, ATLAS-ZTF
332.955, 38.70042, o, 58394.399143, 18.269, 0.088, 179, 16, 18.267867422550268, ATLAS-ZTF
332.955, 38.70042, c, 58396.389092, 19.79, 0.518, 44, 23, 19.79136830878453, ATLAS-ZTF
332.955, 38.70042, c, 58396.396684, 19.073, 0.2, 85, 17, 19.076452685714266, ATLAS-ZTF
332.955, 38.70042, c, 58396.409113, 19.404, 0.234, 63, 15, 19.401648626366043, ATLAS-ZTF
332.955, 38.70042, c, 58396.413958, 19.438, 0.264, 61, 16, 19.43667541247308, ATLAS-ZTF
332.955, 38.70042, c, 58400.418608, 19.186, 0.364, 77, 28, 19.183773187068795, ATLAS-ZTF
332.955, 38.70042, o, 58402.362535, 19.213, 0.205, 75, 15, 19.21234684152075, ATLAS-ZTF
332.955, 38.70042, o, 58402.378964, 18.828, 0.174, 107, 18, 18.826540555786973, ATLAS-ZTF
332.955, 38.70042, o, 58402.387567, 19.509, 0.332, 57, 19, 19.51031286081877, ATLAS-ZTF
332.955, 38.70042, o, 58402.403882, 19.103, 0.223, 83, 18, 19.102304769059813, ATLAS-ZTF
332.955, 38.70042, o, 58408.352834, 19.233, 0.186, 74, 14, 19.226920700672558, ATLAS-ZTF
332.955, 38.70042, o, 58408.360916, 19.455, 0.245, 60, 15, 19.45462187404089, ATLAS-ZTF
332.955, 38.70042, o, 58408.373275, 19.272, 0.207, 71, 15, 19.27185412820231, ATLAS-ZTF
332.955, 38.70042, o, 58408.37855, 19.369, 0.236, 65, 15, 19.36771660839286, ATLAS-ZTF
332.955, 38.70042, o, 58412.345599, 19.762, 0.344, 45, 16, 19.76696871556164, ATLAS-ZTF
332.955, 38.70042, o, 58412.357037, 19.649, 0.333, 50, 17, 19.65257498915995, ATLAS-ZTF
332.955, 38.70042, o, 58412.363278, 19.763, 0.327, 45, 15, 19.76696871556164, ATLAS-ZTF
332.955, 38.70042, o, 58412.376596, 19.212, 0.265, 75, 20, 19.21234684152075, ATLAS-ZTF
332.955, 38.70042, o, 58414.33217, 19.809, 0.818, 43, 35, 19.816328861051034, ATLAS-ZTF
332.955, 38.70042, o, 58414.340636, 18.841, 0.376, 106, 40, 18.836735336838075, ATLAS-ZTF
332.955, 38.70042, o, 58414.352608, 19.764, 0.82, 45, 37, 19.76696871556164, ATLAS-ZTF
332.955, 38.70042, o, 58414.35834, 21.642, 4.211, 8, 34, 21.64227503252014, ATLAS-ZTF
332.955, 38.70042, o, 58415.414847, 20.237, 2.829, 29, 83, 20.24400500525261, ATLAS-ZTF
332.955, 38.70042, o, 58415.416413, 19.765, 0.679, 45, 31, 19.76696871556164, ATLAS-ZTF
332.955, 38.70042, o, 58415.42586, 19.687, 0.862, 48, 42, 19.69689690656103, ATLAS-ZTF
332.955, 38.70042, o, 58415.434751, -20.273, 1.214, -28, 34, nan, ATLAS-ZTF
332.955, 38.70042, o, 58416.318983, 19.34, 0.286, 67, 19, 19.334812993247933, ATLAS-ZTF
332.955, 38.70042, o, 58416.320859, 20.306, 0.682, 27, 19, 20.32159058960253, ATLAS-ZTF
332.955, 38.70042, o, 58416.327046, 19.351, 0.314, 66, 21, 19.351140161145327, ATLAS-ZTF
332.955, 38.70042, o, 58416.340447, 21.001, 1.414, 14, 20, 21.034679910804403, ATLAS-ZTF
332.955, 38.70042, o, 58420.355975, 18.133, 0.376, 203, 76, 18.131259905216965, ATLAS-ZTF
332.955, 38.70042, o, 58420.361305, -17.47, 0.718, -373, 268, nan, ATLAS-ZTF
332.955, 38.70042, c, 58424.340015, 22.151, 1.786, 5, 9, 22.15257498915995, ATLAS-ZTF
332.955, 38.70042, c, 58424.347178, -22.311, 2.242, -4, 10, nan, ATLAS-ZTF
332.955, 38.70042, c, 58424.348094, 21.494, 1.283, 9, 12, 21.514393726401686, ATLAS-ZTF
332.955, 38.70042, c, 58424.359083, -21.506, 1.183, -9, 11, nan, ATLAS-ZTF
332.955, 38.70042, c, 58424.35954, 21.046, 0.658, 14, 9, 21.034679910804403, ATLAS-ZTF
332.955, 38.70042, c, 58424.363965, 21.072, 0.723, 14, 10, 21.034679910804403, ATLAS-ZTF
332.955, 38.70042, c, 58424.364422, -20.289, 0.43, -28, 12, nan, ATLAS-ZTF
332.955, 38.70042, c, 58424.384639, -19.74, 0.272, -46, 12, nan, ATLAS-ZTF
332.955, 38.70042, o, 58426.319157, 22.051, 3.294, 6, 18, 21.95462187404089, ATLAS-ZTF
332.955, 38.70042, o, 58426.332605, -20.717, 0.986, -19, 18, nan, ATLAS-ZTF
332.955, 38.70042, o, 58426.33838, -20.239, 0.66, -29, 19, nan, ATLAS-ZTF
332.955, 38.70042, o, 58426.35128, 20.08, 0.519, 34, 18, 20.07130270739436, ATLAS-ZTF
332.955, 38.70042, c, 58428.327593, 21.27, 0.871, 11, 10, 21.296518287104437, ATLAS-ZTF
332.955, 38.70042, c, 58428.339481, 20.919, 0.622, 16, 10, 20.889700043360186, ATLAS-ZTF
332.955, 38.70042, c, 58428.344358, 22.837, 3.952, 3, 10, 22.707196863200842, ATLAS-ZTF
332.955, 38.70042, c, 58428.35902, -21.936, 1.795, -6, 11, nan, ATLAS-ZTF
332.955, 38.70042, o, 58430.30845, -20.835, 1.034, -17, 17, nan, ATLAS-ZTF
332.955, 38.70042, o, 58430.314623, -22.032, 3.105, -6, 17, nan, ATLAS-ZTF
332.955, 38.70042, o, 58430.327542, -20.103, 0.535, -33, 18, nan, ATLAS-ZTF
332.955, 38.70042, o, 58430.332808, 22.972, 7.3, 2, 17, 23.147425010840045, ATLAS-ZTF
332.955, 38.70042, c, 58432.318299, 21.092, 0.802, 13, 11, 21.115141619232908, ATLAS-ZTF
332.955, 38.70042, c, 58432.32595, 20.813, 0.894, 17, 15, 20.823877696554312, ATLAS-ZTF
332.955, 38.70042, c, 58432.339219, -21.168, 1.311, -12, 16, nan, ATLAS-ZTF
332.955, 38.70042, c, 58432.343646, -22.137, 2.464, -5, 12, nan, ATLAS-ZTF
332.955, 38.70042, o, 58434.308807, -21.067, 0.869, -14, 12, nan, ATLAS-ZTF
332.955, 38.70042, o, 58434.31409, 21.267, 1.25, 11, 14, 21.296518287104437, ATLAS-ZTF
332.955, 38.70042, o, 58434.314551, -20.996, 0.935, -14, 14, nan, ATLAS-ZTF
332.955, 38.70042, o, 58434.32793, 20.315, 0.562, 27, 15, 20.32159058960253, ATLAS-ZTF
332.955, 38.70042, c, 58436.307266, 19.812, 0.407, 43, 18, 19.816328861051034, ATLAS-ZTF
332.955, 38.70042, c, 58436.319211, 20.157, 0.908, 31, 28, 20.171595765414317, ATLAS-ZTF
332.955, 38.70042, c, 58436.325471, -20.885, 1.842, -16, 30, nan, ATLAS-ZTF
332.955, 38.70042, c, 58436.338742, 16.344, 0.476, 1053, 501, 16.343929072036282, ATLAS-ZTF
332.955, 38.70042, o, 58438.287405, -21.108, 104.0, -13, 1361, nan, ATLAS-ZTF
332.955, 38.70042, o, 58438.292161, -19.317, 2.921, -68, 199, nan, ATLAS-ZTF
332.955, 38.70042, o, 58438.305127, -21.742, 2.839, -7, 21, nan, ATLAS-ZTF
332.955, 38.70042, o, 58438.309456, -21.933, 3.345, -6, 20, nan, ATLAS-ZTF
332.955, 38.70042, o, 58442.272442, 22.058, 5.435, 6, 30, 21.95462187404089, ATLAS-ZTF
332.955, 38.70042, o, 58442.274778, -19.59, 0.568, -53, 30, nan, ATLAS-ZTF
332.955, 38.70042, o, 58442.288712, 19.839, 0.767, 42, 32, 19.841876774005247, ATLAS-ZTF
332.955, 38.70042, o, 58442.292063, -20.226, 1.128, -30, 33, nan, ATLAS-ZTF
332.955, 38.70042, o, 58445.299922, -19.912, 1.38, -39, 54, nan, ATLAS-ZTF
332.955, 38.70042, o, 58445.301868, -21.133, 3.294, -13, 42, nan, ATLAS-ZTF
332.955, 38.70042, o, 58445.308341, 21.678, 5.45, 8, 42, 21.64227503252014, ATLAS-ZTF
332.955, 38.70042, o, 58445.3104, 19.928, 1.132, 39, 44, 19.92233848243375, ATLAS-ZTF
332.955, 38.70042, o, 58445.317043, -21.156, 5.2, -12, 65, nan, ATLAS-ZTF
332.955, 38.70042, o, 58445.319189, -19.513, 3.046, -57, 173, nan, ATLAS-ZTF
332.955, 38.70042, o, 58445.325689, -19.319, 0.673, -68, 46, nan, ATLAS-ZTF
332.955, 38.70042, o, 58445.327808, -19.786, 1.111, -44, 49, nan, ATLAS-ZTF
332.955, 38.70042, o, 58446.189591, 19.423, 0.632, 62, 39, 19.419020776254364, ATLAS-ZTF
332.955, 38.70042, o, 58446.204807, -20.533, 0.865, -22, 19, nan, ATLAS-ZTF
332.955, 38.70042, o, 58446.207147, 21.476, 2.949, 9, 28, 21.514393726401686, ATLAS-ZTF
332.955, 38.70042, o, 58450.24145, -19.88, 0.305, -40, 12, nan, ATLAS-ZTF
332.955, 38.70042, o, 58450.250245, 20.423, 0.606, 25, 15, 20.405149978319905, ATLAS-ZTF
332.955, 38.70042, o, 58450.257749, -19.515, 0.311, -57, 18, nan, ATLAS-ZTF
332.955, 38.70042, o, 58450.265171, -19.474, 0.225, -59, 13, nan, ATLAS-ZTF
332.955, 38.70042, o, 58452.242407, 20.029, 0.314, 35, 11, 20.03982988912431, ATLAS-ZTF
332.955, 38.70042, o, 58452.250919, 19.571, 0.241, 54, 13, 19.569015600442576, ATLAS-ZTF
332.955, 38.70042, o, 58452.258394, 19.545, 0.185, 55, 10, 19.54909327626439, ATLAS-ZTF
332.955, 38.70042, o, 58452.266292, 21.252, 0.984, 12, 11, 21.202046884880936, ATLAS-ZTF
332.955, 38.70042, o, 58454.251548, -20.813, 0.855, -17, 15, nan, ATLAS-ZTF
332.955, 38.70042, o, 58454.259443, -20.028, 0.375, -35, 13, nan, ATLAS-ZTF
332.955, 38.70042, o, 58454.266434, -20.862, 0.87, -16, 14, nan, ATLAS-ZTF
332.955, 38.70042, o, 58454.273834, 21.092, 1.19, 13, 16, 21.115141619232908, ATLAS-ZTF
332.955, 38.70042, c, 58456.279869, 20.625, 0.525, 20, 11, 20.647425010840045, ATLAS-ZTF
332.955, 38.70042, c, 58456.290844, 20.848, 0.586, 17, 10, 20.823877696554312, ATLAS-ZTF
332.955, 38.70042, c, 58456.301136, 21.448, 1.164, 10, 11, 21.4, ATLAS-ZTF
332.955, 38.70042, c, 58456.307656, -21.436, 1.127, -10, 11, nan, ATLAS-ZTF
332.955, 38.70042, o, 58458.24384, -21.844, 1.758, -7, 12, nan, ATLAS-ZTF
332.955, 38.70042, o, 58458.252656, -21.751, 1.941, -7, 14, nan, ATLAS-ZTF
332.955, 38.70042, c, 58460.27114, 21.01, 0.67, 14, 10, 21.034679910804403, ATLAS-ZTF
332.955, 38.70042, c, 58460.281525, -20.779, 0.573, -18, 10, nan, ATLAS-ZTF
332.955, 38.70042, c, 58460.291875, -21.743, 1.54, -7, 11, nan, ATLAS-ZTF
332.955, 38.70042, c, 58460.302235, -21.265, 1.098, -11, 12, nan, ATLAS-ZTF
332.955, 38.70042, o, 58462.214789, 21.335, 1.036, 11, 11, 21.296518287104437, ATLAS-ZTF
332.955, 38.70042, o, 58462.223215, 20.333, 0.458, 27, 12, 20.32159058960253, ATLAS-ZTF
332.955, 38.70042, o, 58462.233042, 19.609, 0.287, 52, 15, 19.609991640913, ATLAS-ZTF
332.955, 38.70042, o, 58462.240481, 20.214, 0.457, 30, 14, 20.207196863200842, ATLAS-ZTF
332.955, 38.70042, o, 58466.204789, -20.436, 0.577, -24, 14, nan, ATLAS-ZTF
332.955, 38.70042, o, 58466.214155, -20.496, 0.62, -23, 14, nan, ATLAS-ZTF
332.955, 38.70042, o, 58466.22308, 19.842, 0.324, 42, 14, 19.841876774005247, ATLAS-ZTF
332.955, 38.70042, o, 58466.232413, 21.618, 1.825, 8, 15, 21.64227503252014, ATLAS-ZTF
332.955, 38.70042, o, 58470.236355, 18.189, 1.325, 192, 255, 18.191746928241123, ATLAS-ZTF
332.955, 38.70042, o, 58472.203112, 20.66, 0.902, 20, 18, 20.647425010840045, ATLAS-ZTF
332.955, 38.70042, o, 58472.211036, -20.354, 0.676, -26, 18, nan, ATLAS-ZTF
332.955, 38.70042, o, 58472.220011, 20.675, 1.12, 20, 22, 20.647425010840045, ATLAS-ZTF
332.955, 38.70042, o, 58472.228929, 19.209, 0.277, 75, 21, 19.21234684152075, ATLAS-ZTF
332.955, 38.70042, o, 58473.283381, 22.69, 9.214, 3, 28, 22.707196863200842, ATLAS-ZTF
332.955, 38.70042, o, 58473.287358, -20.222, 1.163, -30, 34, nan, ATLAS-ZTF
332.955, 38.70042, o, 58473.292868, -19.526, 0.556, -56, 31, nan, ATLAS-ZTF
332.955, 38.70042, o, 58473.299751, 19.759, 0.779, 45, 35, 19.76696871556164, ATLAS-ZTF
332.955, 38.70042, o, 58474.247773, 25.66, 169.0, 0, 33, inf, ATLAS-ZTF
332.955, 38.70042, o, 58474.256464, 23.662, 26.333, 1, 33, 23.9, ATLAS-ZTF
332.955, 38.70042, o, 58474.265019, -19.967, 0.845, -37, 32, nan, ATLAS-ZTF
332.955, 38.70042, o, 58474.272188, 19.848, 0.812, 42, 34, 19.841876774005247, ATLAS-ZTF
332.955, 38.70042, o, 58478.204388, -19.074, 0.258, -85, 22, nan, ATLAS-ZTF
332.955, 38.70042, o, 58478.212535, -18.502, 0.124, -144, 18, nan, ATLAS-ZTF
332.955, 38.70042, o, 58478.221408, -20.675, 0.882, -20, 17, nan, ATLAS-ZTF
332.955, 38.70042, o, 58478.221869, 20.436, 0.626, 24, 15, 20.449471895720983, ATLAS-ZTF
332.955, 38.70042, o, 58478.231732, -20.059, 0.438, -34, 15, nan, ATLAS-ZTF
332.955, 38.70042, o, 58478.232193, 20.928, 0.855, 15, 13, 20.959771852360795, ATLAS-ZTF
332.955, 38.70042, o, 58478.239247, 19.279, 0.247, 71, 18, 19.27185412820231, ATLAS-ZTF
332.955, 38.70042, o, 58478.242049, 19.76, 0.368, 45, 17, 19.76696871556164, ATLAS-ZTF
332.955, 38.70042, o, 58478.251378, 20.308, 0.529, 27, 14, 20.32159058960253, ATLAS-ZTF
332.955, 38.70042, o, 58480.204858, 20.227, 0.552, 30, 16, 20.207196863200842, ATLAS-ZTF
332.955, 38.70042, o, 58480.213525, -20.577, 0.561, -21, 12, nan, ATLAS-ZTF
332.955, 38.70042, o, 58480.223352, 22.442, 4.243, 4, 16, 22.394850021680092, ATLAS-ZTF
332.955, 38.70042, o, 58480.233256, 19.84, 0.33, 42, 14, 19.841876774005247, ATLAS-ZTF
332.95243119999998, 38.699221899999998, zg, 58307.476504600003, 16.1756058, 0.0120564224, 9697.129602255654, 107.68056737905589, 26.1422138, ATLAS-ZTF
332.95247499999999, 38.699201700000003, zg, 58307.476955999999, 16.0782051, 0.01179545, 10599.685020694897, 115.15509396244941, 26.1414375, ATLAS-ZTF
332.95241809999999, 38.6991625, zg, 58329.4307176, 16.1129532, 0.0118853217, 10826.609682140679, 118.51657744179433, 26.1991844, ATLAS-ZTF
332.95244830000001, 38.699158699999998, zg, 58329.431180599997, 16.0588779, 0.0117469616, 11366.059364019551, 122.97339105699412, 26.1979027, ATLAS-ZTF
332.95247169999999, 38.699201700000003, zg, 58333.392233799997, 16.3330307, 0.0125419116, 8848.608897386652, 102.21494879478543, 26.2002182, ATLAS-ZTF
332.95245210000002, 38.699099099999998, zg, 58333.3926852, 16.0867233, 0.011817161, 10987.326747267127, 119.58614676664146, 26.1889534, ATLAS-ZTF
332.95241729999998, 38.699235100000003, zg, 58336.287175899997, 16.0974979, 0.0118449163, 11492.026003029834, 125.37307453391588, 26.2484894, ATLAS-ZTF
332.9524783, 38.699165100000002, zg, 58336.2876273, 16.2686615, 0.01233334, 9814.388377548832, 111.48581784589494, 26.2483196, ATLAS-ZTF
332.95243210000001, 38.699248799999999, zg, 58338.390358800003, 16.1203976, 0.0119050331, 10849.076211559604, 118.95947729938, 26.2088795, ATLAS-ZTF
332.95242289999999, 38.699100999999999, zg, 58344.371481499998, 16.0801544, 0.0118003991, 11086.597481837956, 120.49545218572425, 26.1921501, ATLAS-ZTF
332.9524778, 38.699167199999998, zg, 58348.375439800002, 16.160635, 0.0120144496, 10373.671232477045, 114.79211031498224, 26.2004662, ATLAS-ZTF
332.95240100000001, 38.699223000000003, zg, 58350.311493100002, 16.2727623, 0.0123462016, 9310.331830676885, 105.87031476033427, 26.1951752, ATLAS-ZTF
332.95242580000001, 38.699180900000002, zg, 58360.385034699997, 16.1569672, 0.0120042758, 11000.884373885034, 121.6295905849846, 26.2605362, ATLAS-ZTF
332.95246529999997, 38.699172099999998, zg, 58363.325879600001, 16.1383476, 0.0119532393, 10877.033847845129, 119.74896654243594, 26.2296238, ATLAS-ZTF
332.9524672, 38.699123499999999, zg, 58374.289791700001, 16.2231636, 0.0121944286, 10546.877942207033, 118.45708879884859, 26.2809734, ATLAS-ZTF
332.952448, 38.699131100000002, zg, 58379.207083300003, 16.2036285, 0.0121368673, 10625.767769648426, 118.77980380102478, 26.2695293, ATLAS-ZTF
332.95241429999999, 38.699190299999998, zg, 58443.303981500001, 16.231636, 0.0122197755, 8732.558828002191, 98.28345775989092, 26.0844898, ATLAS-ZTF
332.95603260000001, 38.698006100000001, zg, 58350.311493100002, 19.4516697, 0.0748430714, 498.1982526668341, 34.3423082257863, 26.1951752, ATLAS-ZTF
332.95448010000001, 38.701853300000003, zg, 58336.287175899997, 20.2576618, 0.130750299, 249.07551674448234, 29.995037602320252, 26.2484894, ATLAS-ZTF
332.95430160000001, 38.7018372, zg, 58336.2876273, 20.1294918, 0.120509043, 280.240642496276, 31.104730125909974, 26.2483196, ATLAS-ZTF
332.95246359999999, 38.699179899999997, zr, 58327.385729200003, 15.1815119, 0.00949067995, 26151.516606497145, 228.59666393335877, 26.2252541, ATLAS-ZTF
332.95242930000001, 38.699202, zr, 58327.386192099999, 15.1436262, 0.00946661085, 27305.72801366359, 238.08057606302387, 26.2342606, ATLAS-ZTF
332.95240810000001, 38.6991552, zr, 58330.413067100002, 15.2271185, 0.00952167716, 25386.075070971736, 222.6305157053916, 26.2386074, ATLAS-ZTF
332.95241490000001, 38.699157700000001, zr, 58330.413518499998, 15.1974688, 0.00950127002, 26071.652563912066, 228.15285130197654, 26.2378902, ATLAS-ZTF
332.9524763, 38.699185800000002, zr, 58332.381944399996, 15.2377758, 0.00952924602, 22613.144608070335, 198.47014156089858, 26.1236782, ATLAS-ZTF
332.95250090000002, 38.699179200000003, zr, 58332.382395799999, 15.1497793, 0.00947041903, 23804.62366704036, 207.63769319873498, 26.0914326, ATLAS-ZTF
332.95248079999999, 38.699125799999997, zr, 58333.346041700002, 15.3095684, 0.00958360825, 23248.614701303144, 205.21155569470463, 26.2255611, ATLAS-ZTF
332.95239190000001, 38.699176000000001, zr, 58333.346504599998, 15.2348146, 0.00952713005, 24792.716822167615, 217.55140560154103, 26.2206249, ATLAS-ZTF
332.952519, 38.699139000000002, zr, 58334.413391200003, 15.2462187, 0.00953533407, 25251.349910520195, 221.7666280815546, 26.2519302, ATLAS-ZTF
332.95243360000001, 38.699194200000001, zr, 58334.413842599999, 15.2073345, 0.00950795319, 26148.277181384197, 228.98434661219636, 26.2509422, ATLAS-ZTF
332.95247230000001, 38.699153899999999, zr, 58335.369432899999, 15.2059116, 0.00950698275, 26098.255588678643, 228.5229732593581, 26.2474403, ATLAS-ZTF
332.95251589999998, 38.699152599999998, zr, 58335.369884300002, 15.1992664, 0.00950247981, 26242.431968451583, 229.676581523835, 26.2467766, ATLAS-ZTF
332.95245720000003, 38.699158199999999, zr, 58336.3702662, 15.1786203, 0.0094887903, 27779.746606878416, 242.78106319437637, 26.287941, ATLAS-ZTF
332.95239830000003, 38.699143999999997, zr, 58336.370729200004, 15.1912165, 0.00949708745, 27424.707230016316, 239.88777542159428, 26.2865715, ATLAS-ZTF
332.95249339999998, 38.699167199999998, zr, 58345.354479200003, 15.2354403, 0.00952757709, 24390.95247543342, 214.0360420789203, 26.2035122, ATLAS-ZTF
332.95245010000002, 38.699132900000002, zr, 58353.3174421, 15.1375694, 0.00946290046, 28183.58271019545, 245.63833887456045, 26.2625599, ATLAS-ZTF
332.95250629999998, 38.699128399999999, zr, 58354.297361099998, 15.276989, 0.00955820177, 25356.76933638483, 223.22652269526847, 26.2872238, ATLAS-ZTF
332.9524639, 38.699190399999999, zr, 58356.319224500003, 15.111125, 0.00944713503, 29489.605311574134, 256.5929754750219, 26.2852974, ATLAS-ZTF
332.95245110000002, 38.6992349, zr, 58357.329201400004, 15.1621313, 0.0094781816, 28170.68711176968, 245.92243223722463, 26.2866249, ATLAS-ZTF
332.95249919999998, 38.6991625, zr, 58359.332164400003, 15.2604141, 0.00954574998, 24677.284044220134, 216.961710072149, 26.2411575, ATLAS-ZTF
332.95244409999998, 38.699283000000001, zr, 58360.312152799997, 15.2643385, 0.00954866875, 25577.576955154964, 224.945809766762, 26.283987, ATLAS-ZTF
332.95243429999999, 38.699197900000001, zr, 58361.323958300003, 15.3071957, 0.00958171673, 24748.046308512472, 218.4036677692941, 26.291048, ATLAS-ZTF
332.95243060000001, 38.699212600000003, zr, 58362.354525499999, 15.2046375, 0.00950611662, 26909.173570638784, 235.60211125804662, 26.2793884, ATLAS-ZTF
332.95244050000002, 38.699203400000002, zr, 58364.352916700002, 15.1797924, 0.00948955584, 25886.477626700413, 226.25309339685163, 26.2124748, ATLAS-ZTF
332.95246159999999, 38.699157800000002, zr, 58365.360243100004, 15.2617445, 0.00954673812, 25327.187178715467, 222.69868339269615, 26.2707119, ATLAS-ZTF
332.95244480000002, 38.699181600000003, zr, 58368.3241088, 15.2334175, 0.0095261354, 25770.186406780085, 226.10490828102638, 26.2612114, ATLAS-ZTF
332.95245469999998, 38.699218199999997, zr, 58372.326909700001, 15.2847195, 0.00956411846, 25414.028932084846, 223.8690965513802, 26.2974033, ATLAS-ZTF
332.95245799999998, 38.699157900000003, zr, 58378.269085599997, 15.2100439, 0.00950980745, 26782.71253779102, 234.585931745578, 26.2796803, ATLAS-ZTF
332.95244919999999, 38.699178500000002, zr, 58379.271006900002, 15.2115002, 0.00951080676, 26981.785164025536, 236.35441427694582, 26.2891769, ATLAS-ZTF
332.95238849999998, 38.699210399999998, zr, 58443.071018499999, 15.1654596, 0.00948030036, 27584.060710750287, 240.85517231567647, 26.2671051, ATLAS-ZTF
332.95575029999998, 38.701028299999997, zr, 58333.346041700002, 19.9391747, 0.0931965411, 327.0051255947869, 28.06919995285073, 26.2255611, ATLAS-ZTF
332.9557949, 38.7005178, zr, 58361.323958300003, 19.6666222, 0.0762225464, 446.447422529637, 31.34219825202054, 26.291048, ATLAS-ZTF
332.95620229999997, 38.697780000000002, zr, 58334.413842599999, 18.9967194, 0.0462065786, 797.4236650044638, 33.93662207546731, 26.2509422, ATLAS-ZTF
332.95590179999999, 38.697611899999998, zr, 58336.370729200004, 18.539854, 0.0332634859, 1255.1250575535598, 38.45301876432331, 26.2865715, ATLAS-ZTF
