# Combination of '2024luo' data from 'ATLAS', 'ZTF'
filter, zp, z, ra, dec, mjd, mag, dmag, flux, dflux, source
o, nan, nan, 10.074, 2.75663, 60452.593552, -19.562, 0.76, -54.0, 41.0, ATLAS
o, nan, nan, 10.074, 2.75663, 60452.59884, 21.06, 2.638, 14.0, 36.0, ATLAS
o, nan, nan, 10.074, 2.75663, 60452.610665, -18.676, 0.327, -123.0, 40.0, ATLAS
o, nan, nan, 10.074, 2.75663, 60452.618109, 19.76, 1.18, 45.0, 53.0, ATLAS
o, nan, nan, 10.074, 2.75663, 60454.59983, -17.247, 0.277, -458.0, 127.0, ATLAS
o, nan, nan, 10.074, 2.75663, 60456.591275, -19.379, 0.516, -64.0, 33.0, ATLAS
o, nan, nan, 10.074, 2.75663, 60456.595579, 21.914, 3.906, 6.0, 24.0, ATLAS
o, nan, nan, 10.074, 2.75663, 60456.603231, 20.727, 1.638, 19.0, 30.0, ATLAS
o, nan, nan, 10.074, 2.75663, 60477.104835, -18.67, 0.792, -124.0, 98.0, ATLAS
o, nan, nan, 10.074, 2.75663, 60477.108046, -21.1, 2.964, -13.0, 39.0, ATLAS
o, nan, nan, 10.074, 2.75663, 60477.113963, -20.174, 0.465, -31.0, 14.0, ATLAS
o, nan, nan, 10.074, 2.75663, 60477.124929, -21.301, 1.868, -11.0, 20.0, ATLAS
o, nan, nan, 10.074, 2.75663, 60479.385774, 18.603, 0.15, 132.0, 20.0, ATLAS
o, nan, nan, 10.074, 2.75663, 60479.400978, 19.087, 0.256, 84.0, 22.0, ATLAS
o, nan, nan, 10.074, 2.75663, 60479.404164, 19.001, 0.254, 91.0, 23.0, ATLAS
o, nan, nan, 10.074, 2.75663, 60479.410545, 18.56, 0.154, 137.0, 21.0, ATLAS
o, nan, nan, 10.074, 2.75663, 60480.576014, 18.216, 0.072, 188.0, 14.0, ATLAS
o, nan, nan, 10.074, 2.75663, 60480.580331, 18.242, 0.078, 183.0, 14.0, ATLAS
o, nan, nan, 10.074, 2.75663, 60480.599578, 18.033, 0.06, 222.0, 13.0, ATLAS
o, nan, nan, 10.074, 2.75663, 60480.610448, 17.96, 0.069, 238.0, 16.0, ATLAS
o, nan, nan, 10.074, 2.75663, 60484.571536, 17.308, 0.063, 433.0, 27.0, ATLAS
o, nan, nan, 10.074, 2.75663, 60484.574935, 17.357, 0.064, 414.0, 26.0, ATLAS
o, nan, nan, 10.074, 2.75663, 60484.582243, 17.268, 0.058, 450.0, 26.0, ATLAS
o, nan, nan, 10.074, 2.75663, 60484.602135, 17.265, 0.052, 451.0, 24.0, ATLAS
o, nan, nan, 10.074, 2.75663, 60485.104652, 17.422, 0.128, 390.0, 50.0, ATLAS
o, nan, nan, 10.074, 2.75663, 60485.107848, 17.218, 0.087, 471.0, 41.0, ATLAS
o, nan, nan, 10.074, 2.75663, 60485.113807, 17.163, 0.085, 495.0, 42.0, ATLAS
o, nan, nan, 10.074, 2.75663, 60485.128053, 17.355, 0.101, 415.0, 42.0, ATLAS
o, nan, nan, 10.074, 2.75663, 60486.557527, 17.195, 0.047, 481.0, 23.0, ATLAS
o, nan, nan, 10.074, 2.75663, 60486.582032, 17.103, 0.044, 524.0, 23.0, ATLAS
o, nan, nan, 10.074, 2.75663, 60486.595654, 17.124, 0.042, 513.0, 22.0, ATLAS
o, nan, nan, 10.074, 2.75663, 60486.605217, 17.03, 0.037, 560.0, 21.0, ATLAS
o, nan, nan, 10.074, 2.75663, 60488.49894, 17.142, 0.073, 505.0, 37.0, ATLAS
o, nan, nan, 10.074, 2.75663, 60488.501846, 16.969, 0.057, 592.0, 34.0, ATLAS
o, nan, nan, 10.074, 2.75663, 60488.504732, 16.947, 0.058, 604.0, 35.0, ATLAS
o, nan, nan, 10.074, 2.75663, 60488.539262, 17.007, 0.05, 572.0, 29.0, ATLAS
o, nan, nan, 10.074, 2.75663, 60488.61836, 17.021, 0.066, 565.0, 37.0, ATLAS
o, nan, nan, 10.074, 2.75663, 60491.387422, 17.047, 0.041, 551.0, 22.0, ATLAS
o, nan, nan, 10.074, 2.75663, 60491.390596, 17.055, 0.043, 547.0, 23.0, ATLAS
o, nan, nan, 10.074, 2.75663, 60491.396066, 17.028, 0.034, 561.0, 19.0, ATLAS
o, nan, nan, 10.074, 2.75663, 60491.406061, 16.958, 0.03, 598.0, 18.0, ATLAS
o, nan, nan, 10.074, 2.75663, 60493.141268, 17.058, 0.035, 546.0, 19.0, ATLAS
o, nan, nan, 10.074, 2.75663, 60493.143149, 17.081, 0.035, 534.0, 19.0, ATLAS
o, nan, nan, 10.074, 2.75663, 60493.143599, 17.024, 0.03, 563.0, 17.0, ATLAS
o, nan, nan, 10.074, 2.75663, 60493.1464, 17.036, 0.032, 557.0, 18.0, ATLAS
o, nan, nan, 10.074, 2.75663, 60493.148261, 17.025, 0.032, 563.0, 18.0, ATLAS
o, nan, nan, 10.074, 2.75663, 60493.150552, 17.043, 0.033, 553.0, 18.0, ATLAS
o, nan, nan, 10.074, 2.75663, 60493.174904, 17.01, 0.029, 570.0, 16.0, ATLAS
o, nan, nan, 10.074, 2.75663, 60493.176903, 16.972, 0.029, 590.0, 17.0, ATLAS
o, nan, nan, 10.074, 2.75663, 60495.346075, 17.2, 0.05, 478.0, 24.0, ATLAS
o, nan, nan, 10.074, 2.75663, 60495.352431, 17.22, 0.062, 470.0, 29.0, ATLAS
o, nan, nan, 10.074, 2.75663, 60495.356064, 17.235, 0.048, 464.0, 22.0, ATLAS
o, nan, nan, 10.074, 2.75663, 60495.361946, 17.228, 0.048, 466.0, 22.0, ATLAS
o, nan, nan, 10.074, 2.75663, 60496.580024, 17.509, 0.045, 360.0, 16.0, ATLAS
o, nan, nan, 10.074, 2.75663, 60496.583192, 17.384, 0.04, 404.0, 16.0, ATLAS
o, nan, nan, 10.074, 2.75663, 60496.603022, 17.47, 0.047, 373.0, 17.0, ATLAS
o, nan, nan, 10.074, 2.75663, 60496.610156, 17.272, 0.031, 448.0, 14.0, ATLAS
c, nan, nan, 10.074, 2.75663, 60497.115841, 18.342, 0.107, 167.0, 18.0, ATLAS
c, nan, nan, 10.074, 2.75663, 60497.117651, 18.307, 0.11, 173.0, 19.0, ATLAS
c, nan, nan, 10.074, 2.75663, 60497.123062, 17.955, 0.118, 239.0, 28.0, ATLAS
c, nan, nan, 10.074, 2.75663, 60497.132983, 17.867, 0.059, 259.0, 15.0, ATLAS
o, nan, nan, 10.074, 2.75663, 60499.355314, 17.54, 0.036, 350.0, 13.0, ATLAS
o, nan, nan, 10.074, 2.75663, 60499.361662, 17.565, 0.043, 342.0, 15.0, ATLAS
o, nan, nan, 10.074, 2.75663, 60499.379295, 17.524, 0.041, 355.0, 15.0, ATLAS
o, nan, nan, 10.074, 2.75663, 60499.382447, 17.726, 0.055, 295.0, 16.0, ATLAS
o, nan, nan, 10.074, 2.75663, 60500.574795, 17.938, 0.065, 242.0, 16.0, ATLAS
o, nan, nan, 10.074, 2.75663, 60500.577959, 17.631, 0.053, 322.0, 17.0, ATLAS
o, nan, nan, 10.074, 2.75663, 60500.58346, 17.864, 0.056, 260.0, 15.0, ATLAS
o, nan, nan, 10.074, 2.75663, 60500.597484, 17.803, 0.065, 275.0, 18.0, ATLAS
o, nan, nan, 10.074, 2.75663, 60503.243779, 17.899, 0.068, 252.0, 17.0, ATLAS
o, nan, nan, 10.074, 2.75663, 60503.246541, 18.071, 0.071, 215.0, 15.0, ATLAS
o, nan, nan, 10.074, 2.75663, 60503.250195, 17.891, 0.067, 253.0, 17.0, ATLAS
o, nan, nan, 10.074, 2.75663, 60503.261662, 17.977, 0.061, 234.0, 14.0, ATLAS
o, nan, nan, 10.074, 2.75663, 60506.588334, 18.25, 0.058, 182.0, 10.0, ATLAS
o, nan, nan, 10.074, 2.75663, 60506.605452, 18.346, 0.066, 167.0, 11.0, ATLAS
o, nan, nan, 10.074, 2.75663, 60506.6172, 18.53, 0.113, 141.0, 16.0, ATLAS
o, nan, nan, 10.074, 2.75663, 60506.622682, 18.549, 0.221, 138.0, 30.0, ATLAS
o, nan, nan, 10.074, 2.75663, 60507.324706, 18.623, 0.103, 129.0, 13.0, ATLAS
o, nan, nan, 10.074, 2.75663, 60507.32786, 18.344, 0.089, 167.0, 15.0, ATLAS
o, nan, nan, 10.074, 2.75663, 60507.331012, 18.323, 0.102, 170.0, 17.0, ATLAS
o, nan, nan, 10.074, 2.75663, 60507.339893, 18.608, 0.122, 131.0, 16.0, ATLAS
o, nan, nan, 10.074, 2.75663, 60508.553461, 18.798, 0.124, 110.0, 14.0, ATLAS
o, nan, nan, 10.074, 2.75663, 60508.556626, 18.43, 0.094, 154.0, 14.0, ATLAS
o, nan, nan, 10.074, 2.75663, 60508.571794, 18.52, 0.103, 142.0, 15.0, ATLAS
o, nan, nan, 10.074, 2.75663, 60508.587882, 18.272, 0.075, 178.0, 13.0, ATLAS
o, nan, nan, 10.074, 2.75663, 60510.492006, 18.495, 0.125, 145.0, 18.0, ATLAS
o, nan, nan, 10.074, 2.75663, 60510.494837, 18.736, 0.144, 116.0, 17.0, ATLAS
o, nan, nan, 10.074, 2.75663, 60510.529813, 19.159, 0.216, 79.0, 17.0, ATLAS
o, nan, nan, 10.074, 2.75663, 60510.558232, 18.633, 0.121, 128.0, 16.0, ATLAS
o, nan, nan, 10.074, 2.75663, 60511.350752, 20.0, 1.02, 36.0, 37.0, ATLAS
o, nan, nan, 10.074, 2.75663, 60511.353017, 18.543, 0.201, 139.0, 28.0, ATLAS
o, nan, nan, 10.074, 2.75663, 60511.357533, 17.747, 0.242, 289.0, 70.0, ATLAS
o, nan, nan, 10.074, 2.75663, 60511.367525, 18.304, 0.176, 173.0, 30.0, ATLAS
o, nan, nan, 10.074, 2.75663, 60512.591038, 19.012, 0.266, 90.0, 24.0, ATLAS
o, nan, nan, 10.074, 2.75663, 60512.592846, 18.635, 0.186, 128.0, 24.0, ATLAS
o, nan, nan, 10.074, 2.75663, 60512.618677, 18.562, 0.156, 136.0, 21.0, ATLAS
o, nan, nan, 10.074, 2.75663, 60512.621474, 18.513, 0.163, 143.0, 23.0, ATLAS
o, nan, nan, 10.074, 2.75663, 60513.049125, 18.67, 0.483, 124.0, 60.0, ATLAS
o, nan, nan, 10.074, 2.75663, 60513.050947, 18.039, 0.228, 221.0, 50.0, ATLAS
o, nan, nan, 10.074, 2.75663, 60513.055931, -18.121, 0.25, -205.0, 51.0, ATLAS
o, nan, nan, 10.074, 2.75663, 60513.067394, 19.302, 0.718, 69.0, 50.0, ATLAS
o, nan, nan, 10.074, 2.75663, 60514.567562, 19.113, 0.363, 82.0, 30.0, ATLAS
o, nan, nan, 10.074, 2.75663, 60514.569477, 18.596, 0.216, 132.0, 29.0, ATLAS
o, nan, nan, 10.074, 2.75663, 60514.588389, 19.427, 0.402, 62.0, 25.0, ATLAS
o, nan, nan, 10.074, 2.75663, 60514.601272, 20.339, 1.115, 27.0, 30.0, ATLAS
c, nan, nan, 10.074, 2.75663, 60519.207551, 19.973, 0.36, 37.0, 13.0, ATLAS
c, nan, nan, 10.074, 2.75663, 60519.21076, 19.438, 0.229, 61.0, 14.0, ATLAS
c, nan, nan, 10.074, 2.75663, 60519.213019, 19.902, 0.336, 40.0, 13.0, ATLAS
c, nan, nan, 10.074, 2.75663, 60519.215297, 19.736, 0.293, 46.0, 14.0, ATLAS
o, nan, nan, 10.074, 2.75663, 60520.539751, 19.351, 0.215, 66.0, 14.0, ATLAS
o, nan, nan, 10.074, 2.75663, 60520.541559, 19.286, 0.189, 70.0, 13.0, ATLAS
o, nan, nan, 10.074, 2.75663, 60520.545177, 19.314, 0.175, 68.0, 12.0, ATLAS
o, nan, nan, 10.074, 2.75663, 60520.551051, 19.504, 0.231, 57.0, 13.0, ATLAS
o, nan, nan, 10.074, 2.75663, 60524.601245, 19.692, 0.246, 48.0, 12.0, ATLAS
o, nan, nan, 10.074, 2.75663, 60524.608139, 19.345, 0.223, 66.0, 15.0, ATLAS
o, nan, nan, 10.074, 2.75663, 60524.611401, 19.25, 0.156, 72.0, 11.0, ATLAS
o, nan, nan, 10.074, 2.75663, 60524.626386, 19.429, 0.34, 61.0, 21.0, ATLAS
o, nan, nan, 10.074, 2.75663, 60525.055168, 20.122, 0.4, 32.0, 13.0, ATLAS
o, nan, nan, 10.074, 2.75663, 60525.056997, 19.603, 0.233, 52.0, 12.0, ATLAS
o, nan, nan, 10.074, 2.75663, 60525.063816, 19.172, 0.183, 78.0, 14.0, ATLAS
o, nan, nan, 10.074, 2.75663, 60525.069281, 18.972, 0.17, 94.0, 16.0, ATLAS
o, nan, nan, 10.074, 2.75663, 60526.449979, 20.127, 0.447, 32.0, 14.0, ATLAS
o, nan, nan, 10.074, 2.75663, 60526.456208, 19.583, 0.226, 53.0, 12.0, ATLAS
o, nan, nan, 10.074, 2.75663, 60526.487647, 19.487, 0.239, 58.0, 14.0, ATLAS
o, nan, nan, 10.074, 2.75663, 60526.491181, 19.338, 0.198, 67.0, 13.0, ATLAS
o, nan, nan, 10.074, 2.75663, 60528.436422, 20.908, 0.971, 16.0, 15.0, ATLAS
o, nan, nan, 10.074, 2.75663, 60528.43823, 19.987, 0.347, 37.0, 13.0, ATLAS
o, nan, nan, 10.074, 2.75663, 60528.469164, 20.135, 0.486, 32.0, 16.0, ATLAS
o, nan, nan, 10.074, 2.75663, 60528.474755, 20.667, 0.643, 20.0, 13.0, ATLAS
o, nan, nan, 10.074, 2.75663, 60529.013476, 19.959, 0.421, 38.0, 16.0, ATLAS
o, nan, nan, 10.074, 2.75663, 60529.015285, 19.437, 0.256, 61.0, 16.0, ATLAS
o, nan, nan, 10.074, 2.75663, 60529.039762, 21.863, 2.6, 6.0, 17.0, ATLAS
o, nan, nan, 10.074, 2.75663, 60529.045669, 20.117, 0.492, 33.0, 16.0, ATLAS
o, nan, nan, 10.074, 2.75663, 60530.450791, 20.105, 0.392, 33.0, 13.0, ATLAS
o, nan, nan, 10.074, 2.75663, 60530.45709, 20.511, 0.538, 23.0, 12.0, ATLAS
o, nan, nan, 10.074, 2.75663, 60530.490875, 20.092, 0.37, 33.0, 12.0, ATLAS
o, nan, nan, 10.074, 2.75663, 60530.504555, 20.188, 0.431, 30.0, 13.0, ATLAS
c, nan, nan, 10.074, 2.75663, 60532.58762, 19.731, 0.18, 46.0, 8.0, ATLAS
c, nan, nan, 10.074, 2.75663, 60532.590883, 19.794, 0.25, 44.0, 11.0, ATLAS
c, nan, nan, 10.074, 2.75663, 60532.601713, 21.144, 0.833, 13.0, 10.0, ATLAS
c, nan, nan, 10.074, 2.75663, 60532.627121, 19.337, 0.222, 67.0, 15.0, ATLAS
o, nan, nan, 10.074, 2.75663, 60534.497571, -23.799, 10.25, -1.0, 11.0, ATLAS
o, nan, nan, 10.074, 2.75663, 60534.525408, 20.056, 0.343, 34.0, 12.0, ATLAS
o, nan, nan, 10.074, 2.75663, 60534.533577, 20.069, 0.304, 34.0, 10.0, ATLAS
o, nan, nan, 10.074, 2.75663, 60534.536811, 19.901, 0.306, 40.0, 12.0, ATLAS
c, nan, nan, 10.074, 2.75663, 60536.530053, 20.35, 0.409, 26.0, 11.0, ATLAS
c, nan, nan, 10.074, 2.75663, 60536.532315, 22.496, 3.6, 4.0, 13.0, ATLAS
c, nan, nan, 10.074, 2.75663, 60536.535479, 19.599, 0.219, 52.0, 12.0, ATLAS
c, nan, nan, 10.074, 2.75663, 60536.55773, 19.674, 0.226, 49.0, 11.0, ATLAS
o, nan, nan, 10.074, 2.75663, 60537.04663, 19.544, 0.286, 55.0, 16.0, ATLAS
o, nan, nan, 10.074, 2.75663, 60537.048434, 19.535, 0.268, 56.0, 15.0, ATLAS
o, nan, nan, 10.074, 2.75663, 60537.053844, 22.893, 5.773, 2.0, 15.0, ATLAS
o, nan, nan, 10.074, 2.75663, 60537.074982, -20.907, 0.645, -16.0, 10.0, ATLAS
o, nan, nan, 10.074, 2.75663, 60538.512856, 19.978, 0.339, 37.0, 13.0, ATLAS
o, nan, nan, 10.074, 2.75663, 60538.51584, 20.733, 0.735, 18.0, 14.0, ATLAS
o, nan, nan, 10.074, 2.75663, 60538.52677, 20.428, 0.455, 24.0, 11.0, ATLAS
o, nan, nan, 10.074, 2.75663, 60538.531931, 23.463, 8.455, 2.0, 13.0, ATLAS
o, nan, nan, 10.074, 2.75663, 60540.489753, -20.808, 1.254, -17.0, 22.0, ATLAS
o, nan, nan, 10.074, 2.75663, 60540.491561, 19.399, 0.374, 63.0, 24.0, ATLAS
o, nan, nan, 10.074, 2.75663, 60540.496081, 19.222, 0.306, 74.0, 23.0, ATLAS
o, nan, nan, 10.074, 2.75663, 60540.501504, 19.922, 0.693, 39.0, 27.0, ATLAS
o, nan, nan, 10.074, 2.75663, 60540.954954, 19.361, 0.544, 65.0, 36.0, ATLAS
o, nan, nan, 10.074, 2.75663, 60540.965006, 19.533, 0.612, 56.0, 34.0, ATLAS
o, nan, nan, 10.074, 2.75663, 60540.966808, -21.716, 4.309, -8.0, 32.0, ATLAS
o, nan, nan, 10.074, 2.75663, 60540.971832, 21.281, 2.537, 11.0, 28.0, ATLAS
o, nan, nan, 10.074, 2.75663, 60546.439896, 20.107, 0.563, 33.0, 18.0, ATLAS
o, nan, nan, 10.074, 2.75663, 60546.443078, 20.982, 1.569, 15.0, 23.0, ATLAS
o, nan, nan, 10.074, 2.75663, 60546.465949, 21.585, 2.515, 8.0, 21.0, ATLAS
o, nan, nan, 10.074, 2.75663, 60546.4829, 22.397, 5.25, 4.0, 21.0, ATLAS
o, nan, nan, 10.074, 2.75663, 60546.619243, 20.055, 0.661, 34.0, 23.0, ATLAS
o, nan, nan, 10.074, 2.75663, 60550.198448, -20.795, 1.362, -18.0, 24.0, ATLAS
o, nan, nan, 10.074, 2.75663, 60550.200255, -19.89, 0.429, -40.0, 17.0, ATLAS
o, nan, nan, 10.074, 2.75663, 60550.234228, 21.87, 5.857, 6.0, 38.0, ATLAS
o, nan, nan, 10.074, 2.75663, 60550.249809, -21.261, 1.212, -11.0, 14.0, ATLAS
o, nan, nan, 10.074, 2.75663, 60551.194725, 16.346, 1.173, 1051.0, 1233.0, ATLAS
o, nan, nan, 10.074, 2.75663, 60551.196527, -17.042, 0.844, -553.0, 467.0, ATLAS
o, nan, nan, 10.074, 2.75663, 60551.231257, -15.967, 0.571, -1491.0, 852.0, ATLAS
o, nan, nan, 10.074, 2.75663, 60551.233431, -17.94, 0.525, -242.0, 127.0, ATLAS
o, nan, nan, 10.074, 2.75663, 60551.250152, -17.824, 0.433, -270.0, 117.0, ATLAS
o, nan, nan, 10.074, 2.75663, 60552.082386, -21.151, 1.256, -13.0, 16.0, ATLAS
o, nan, nan, 10.074, 2.75663, 60552.08912, -20.493, 0.567, -23.0, 13.0, ATLAS
o, nan, nan, 10.074, 2.75663, 60552.111544, -22.849, 7.917, -3.0, 21.0, ATLAS
o, nan, nan, 10.074, 2.75663, 60552.112445, 20.862, 0.966, 16.0, 16.0, ATLAS
o, nan, nan, 10.074, 2.75663, 60552.124752, -21.732, 2.278, -7.0, 17.0, ATLAS
o, nan, nan, 10.074, 2.75663, 60553.291893, 21.084, 0.978, 13.0, 13.0, ATLAS
o, nan, nan, 10.074, 2.75663, 60553.297474, -20.931, 0.87, -15.0, 13.0, ATLAS
o, nan, nan, 10.074, 2.75663, 60553.302215, -20.267, 0.589, -28.0, 17.0, ATLAS
o, nan, nan, 10.074, 2.75663, 60555.233086, 20.06, 0.412, 34.0, 14.0, ATLAS
o, nan, nan, 10.074, 2.75663, 60555.235788, 20.368, 0.496, 26.0, 13.0, ATLAS
o, nan, nan, 10.074, 2.75663, 60555.259851, 21.325, 1.406, 11.0, 15.0, ATLAS
o, nan, nan, 10.074, 2.75663, 60555.264508, 20.848, 0.689, 17.0, 12.0, ATLAS
o, nan, nan, 10.074, 2.75663, 60556.47242, -20.161, 0.383, -31.0, 12.0, ATLAS
o, nan, nan, 10.074, 2.75663, 60556.474227, -23.813, 13.625, -1.0, 15.0, ATLAS
o, nan, nan, 10.074, 2.75663, 60556.498706, -22.409, 3.242, -4.0, 13.0, ATLAS
o, nan, nan, 10.074, 2.75663, 60556.504791, -19.644, 0.258, -50.0, 13.0, ATLAS
c, nan, nan, 10.074, 2.75663, 60557.07511, 19.748, 0.308, 46.0, 14.0, ATLAS
c, nan, nan, 10.074, 2.75663, 60557.090241, -21.039, 1.173, -14.0, 16.0, ATLAS
c, nan, nan, 10.074, 2.75663, 60557.093439, 19.588, 0.333, 53.0, 18.0, ATLAS
c, nan, nan, 10.074, 2.75663, 60557.102224, -20.972, 1.563, -15.0, 23.0, ATLAS
o, nan, nan, 10.074, 2.75663, 60558.477945, -21.274, 1.056, -11.0, 12.0, ATLAS
o, nan, nan, 10.074, 2.75663, 60558.480254, -21.826, 1.623, -7.0, 11.0, ATLAS
o, nan, nan, 10.074, 2.75663, 60558.505234, -24.755, 20.75, 0.0, 9.0, ATLAS
o, nan, nan, 10.074, 2.75663, 60558.524943, -20.523, 0.414, -22.0, 9.0, ATLAS
o, nan, nan, 10.074, 2.75663, 60559.238732, 23.167, 8.273, 2.0, 16.0, ATLAS
o, nan, nan, 10.074, 2.75663, 60559.257064, -19.936, 0.378, -38.0, 15.0, ATLAS
o, nan, nan, 10.074, 2.75663, 60559.258938, -21.82, 2.429, -7.0, 16.0, ATLAS
o, nan, nan, 10.074, 2.75663, 60559.2639, -21.123, 1.179, -13.0, 15.0, ATLAS
o, nan, nan, 10.074, 2.75663, 60560.39125, -19.753, 0.285, -46.0, 13.0, ATLAS
o, nan, nan, 10.074, 2.75663, 60560.394418, -20.468, 0.548, -24.0, 13.0, ATLAS
o, nan, nan, 10.074, 2.75663, 60560.403596, 22.151, 2.179, 5.0, 11.0, ATLAS
o, nan, nan, 10.074, 2.75663, 60560.412893, -21.548, 1.443, -9.0, 13.0, ATLAS
c, nan, nan, 10.074, 2.75663, 60560.943755, -21.197, 0.905, -12.0, 11.0, ATLAS
c, nan, nan, 10.074, 2.75663, 60560.949761, -23.766, 10.0, -1.0, 11.0, ATLAS
c, nan, nan, 10.074, 2.75663, 60560.951563, 20.681, 0.556, 19.0, 11.0, ATLAS
c, nan, nan, 10.074, 2.75663, 60560.984651, -22.135, 1.9, -5.0, 10.0, ATLAS
o, nan, nan, 10.074, 2.75663, 60562.412375, -20.877, 0.689, -16.0, 11.0, ATLAS
o, nan, nan, 10.074, 2.75663, 60562.440548, 23.196, 6.0, 2.0, 12.0, ATLAS
o, nan, nan, 10.074, 2.75663, 60562.445227, 21.707, 1.638, 8.0, 12.0, ATLAS
o, nan, nan, 10.074, 2.75663, 60562.473435, 20.792, 0.639, 18.0, 11.0, ATLAS
o, nan, nan, 10.074, 2.75663, 60563.219434, -15.775, 0.261, -1778.0, 464.0, ATLAS
o, nan, nan, 10.074, 2.75663, 60563.251388, -18.83, 4.071, -107.0, 434.0, ATLAS
o, nan, nan, 10.074, 2.75663, 60563.260278, -16.492, 1.093, -919.0, 1005.0, ATLAS
o, nan, nan, 10.074, 2.75663, 60564.433324, -22.282, 3.077, -4.0, 14.0, ATLAS
o, nan, nan, 10.074, 2.75663, 60564.453743, -21.749, 1.957, -7.0, 14.0, ATLAS
o, nan, nan, 10.074, 2.75663, 60564.456906, 22.218, 2.378, 5.0, 11.0, ATLAS
o, nan, nan, 10.074, 2.75663, 60564.460623, -20.984, 0.957, -15.0, 14.0, ATLAS
o, nan, nan, 10.074, 2.75663, 60564.95802, -18.899, 0.172, -100.0, 17.0, ATLAS
o, nan, nan, 10.074, 2.75663, 60564.960728, 19.987, 0.535, 37.0, 20.0, ATLAS
o, nan, nan, 10.074, 2.75663, 60564.964355, 21.866, 2.333, 6.0, 15.0, ATLAS
o, nan, nan, 10.074, 2.75663, 60564.969788, 21.822, 2.278, 7.0, 15.0, ATLAS
o, nan, nan, 10.074, 2.75663, 60567.247693, 19.983, 0.49, 37.0, 18.0, ATLAS
o, nan, nan, 10.074, 2.75663, 60567.251684, 21.853, 2.87, 7.0, 19.0, ATLAS
o, nan, nan, 10.074, 2.75663, 60567.286991, 21.163, 1.25, 12.0, 16.0, ATLAS
o, nan, nan, 10.074, 2.75663, 60567.315607, -20.955, 1.323, -15.0, 20.0, ATLAS
o, nan, nan, 10.074, 2.75663, 60568.446149, 20.907, 1.377, 16.0, 22.0, ATLAS
o, nan, nan, 10.074, 2.75663, 60568.447957, -21.909, 2.964, -6.0, 19.0, ATLAS
o, nan, nan, 10.074, 2.75663, 60568.451122, -19.455, 0.333, -60.0, 20.0, ATLAS
o, nan, nan, 10.074, 2.75663, 60568.477169, -22.23, 3.971, -5.0, 18.0, ATLAS
o, nan, nan, 10.074, 2.75663, 60568.909649, 21.845, 8.939, 7.0, 59.0, ATLAS
o, nan, nan, 10.074, 2.75663, 60568.911909, 18.695, 0.543, 121.0, 66.0, ATLAS
o, nan, nan, 10.074, 2.75663, 60568.915064, -19.601, 1.235, -52.0, 65.0, ATLAS
o, nan, nan, 10.074, 2.75663, 60568.920522, -18.715, 0.683, -119.0, 81.0, ATLAS
o, nan, nan, 10.074, 2.75663, 60574.480467, 21.022, 1.144, 14.0, 16.0, ATLAS
o, nan, nan, 10.074, 2.75663, 60574.4837, 22.003, 3.69, 6.0, 21.0, ATLAS
o, nan, nan, 10.074, 2.75663, 60574.491082, -19.109, 0.321, -82.0, 26.0, ATLAS
o, nan, nan, 10.074, 2.75663, 60574.500911, -23.68, 16.8, -1.0, 21.0, ATLAS
o, nan, nan, 10.074, 2.75663, 60575.223274, 21.337, 2.045, 11.0, 22.0, ATLAS
o, nan, nan, 10.074, 2.75663, 60575.227569, 19.969, 0.629, 37.0, 24.0, ATLAS
o, nan, nan, 10.074, 2.75663, 60575.23272, 19.909, 0.567, 40.0, 22.0, ATLAS
o, nan, nan, 10.074, 2.75663, 60575.265282, -22.134, 6.0, -5.0, 30.0, ATLAS
c, nan, nan, 10.074, 2.75663, 60580.413291, 20.632, 0.619, 20.0, 13.0, ATLAS
c, nan, nan, 10.074, 2.75663, 60580.415098, 19.787, 0.245, 44.0, 11.0, ATLAS
c, nan, nan, 10.074, 2.75663, 60580.418263, 20.132, 0.382, 32.0, 12.0, ATLAS
c, nan, nan, 10.074, 2.75663, 60580.440869, 20.649, 0.517, 20.0, 10.0, ATLAS
ZTF_g, 26.1756, nan, 10.073999999999998, 2.7566305555555557, 60494.44081019983, 18.3073168432365, 0.0307900387601072, 1403.82593880195, 39.8106417365998, ZTF
ZTF_r, 26.2413, nan, 10.073999999999998, 2.7566305555555557, 60494.484548599925, 17.089865385357303, 0.01484031900065712, 4576.92552650307, 62.5594270116196, ZTF
ZTF_r, 26.1218, nan, 10.073999999999998, 2.7566305555555557, 60507.39405089989, 18.270285242106738, 0.02877231602727908, 1382.31144287716, 36.6316435872905, ZTF
ZTF_g, 26.1581, nan, 10.073999999999998, 2.7566305555555557, 60507.41958330013, 19.441156603543607, 0.06176552515756154, 486.157912549641, 27.6566247367334, ZTF
ZTF_g, 26.1301, nan, 10.073999999999998, 2.7566305555555557, 60509.4469792, 19.741539025936902, 0.08113780982300374, 359.27284215203, 26.8487054344339, ZTF
ZTF_g, 26.1587, nan, 10.073999999999998, 2.7566305555555557, 60513.404675900005, 19.77242074367218, 0.2465622590357402, 358.518608815263, 81.4167913976693, ZTF
ZTF_r, 26.2041, nan, 10.073999999999998, 2.7566305555555557, 60513.47310189996, 18.608801665216067, 0.06122549966839758, 1091.74027980078, 61.564074077915, ZTF
ZTF_r, 26.2307, nan, 10.073999999999998, 2.7566305555555557, 60519.3895370001, 19.024529522677533, 0.06607599007090156, 762.901011885609, 46.4288097471864, ZTF
ZTF_g, 26.3377, nan, 10.073999999999998, 2.7566305555555557, 60519.4749305998, 20.079839367908086, 0.12610013693481867, 318.525534271417, 36.9943576651205, ZTF
ZTF_r, 26.1888, nan, 10.073999999999998, 2.7566305555555557, 60522.41343750013, 19.233082311214382, 0.05969514165206491, 605.741146914849, 33.304409865893, ZTF
ZTF_g, 26.2024, nan, 10.073999999999998, 2.7566305555555557, 60522.43649310013, 20.167372437337356, 0.13248876758311182, 259.424521918233, 31.6567090966468, ZTF
ZTF_r, 26.2503, nan, 10.073999999999998, 2.7566305555555557, 60526.39976850012, 19.389451716584567, 0.062468585538243825, 555.059210185253, 31.9357166116719, ZTF
ZTF_g, 26.2817, nan, 10.073999999999998, 2.7566305555555557, 60526.435705999844, 20.04715686803862, 0.09992061169528292, 311.757745946754, 28.6911540198921, ZTF
ZTF_g, 26.1845, nan, 10.073999999999998, 2.7566305555555557, 60528.41809030017, 20.0545250184415, 0.10034119524466287, 283.132675324915, 26.1664582339326, ZTF
ZTF_r, 26.2003, nan, 10.073999999999998, 2.7566305555555557, 60528.43787040003, 19.3693045081054, 0.063175305293205, 540.005516895031, 31.4210885114581, ZTF
ZTF_g, 26.1676, nan, 10.073999999999998, 2.7566305555555557, 60530.415034700185, 20.298898357054377, 0.1327228945066051, 222.577191005869, 27.2083485030127, ZTF
ZTF_r, 26.937, nan, 10.073999999999998, 2.7566305555555557, 60532.39583329996, 19.65869780186643, 0.05870114061621369, 815.306452164931, 44.0801536174426, ZTF
ZTF_g, 26.9467, nan, 10.073999999999998, 2.7566305555555557, 60532.4265509001, 20.185113713905597, 0.07839163455683917, 506.564223840988, 36.5746277418183, ZTF
ZTF_r, 26.9052, nan, 10.073999999999998, 2.7566305555555557, 60533.37877310021, 19.685046459773215, 0.054417511027378795, 772.789862045991, 38.7325214498397, ZTF
ZTF_g, 26.947, nan, 10.073999999999998, 2.7566305555555557, 60533.42518519983, 20.3231279733717, 0.08227512956936915, 446.21977270566, 33.8137288365436, ZTF
ZTF_g, 26.846, nan, 10.073999999999998, 2.7566305555555557, 60534.40182870021, 20.17647043393156, 0.10174471694788778, 465.384405441074, 43.6113343148853, ZTF
ZTF_r, 26.2735, nan, 10.073999999999998, 2.7566305555555557, 60535.401759299915, 19.97162437923311, 0.09690730385714005, 331.70364837482, 29.6061843591981, ZTF
ZTF_g, 26.3198, nan, 10.073999999999998, 2.7566305555555557, 60535.432175899856, 20.1173780916534, 0.10901247486303106, 302.669572496793, 30.3892962387714, ZTF
ZTF_r, 26.293, nan, 10.073999999999998, 2.7566305555555557, 60538.40850690007, 20.183253460613756, 0.11099974476859692, 277.906443096326, 28.4116382211456, ZTF
ZTF_g, 26.3087, nan, 10.073999999999998, 2.7566305555555557, 60543.3545022998, 20.357324111837986, 0.43098501768104214, 240.187474258953, 95.3428672512049, ZTF
ZTF_r, 26.2823, nan, 10.073999999999998, 2.7566305555555557, 60543.423194400035, 20.40924603047429, 0.4039910496739723, 223.471213752772, 83.1512938595018, ZTF
ZTF_g, 26.3028, nan, 10.073999999999998, 2.7566305555555557, 60547.35983800003, 20.6826666130223, 0.2751163330857375, 177.032643654759, 44.858568356885, ZTF
ZTF_r, 26.2768, nan, 10.073999999999998, 2.7566305555555557, 60547.40053239977, 20.20079272876039, 0.14414613758382155, 269.403298310156, 35.7669245379315, ZTF
ZTF_r, 26.2557, nan, 10.073999999999998, 2.7566305555555557, 60549.36590280011, 20.407254890575782, 0.1561143464242089, 218.463075730097, 31.4120687289464, ZTF
ZTF_g, 26.2922, nan, 10.073999999999998, 2.7566305555555557, 60549.46418979997, 20.362594433993472, 0.1327140618970516, 235.41938801806, 28.7762930776552, ZTF
ZTF_g, 26.3199, nan, 10.073999999999998, 2.7566305555555557, 60551.352291699965, 20.9005141863761, 0.22090549331785359, 147.147987056808, 29.9389469827053, ZTF
ZTF_g, 26.3057, nan, 10.073999999999998, 2.7566305555555557, 60553.35825229995, 20.850627276069204, 0.20081453728097914, 152.064938126542, 28.1254784105614, ZTF
ZTF_r, 26.2583, nan, 10.073999999999998, 2.7566305555555557, 60553.43371530017, 20.842039799282453, 0.22072162010438817, 146.724987196082, 29.8280344173229, ZTF
ZTF_r, 26.2284, nan, 10.073999999999998, 2.7566305555555557, 60556.33600689983, 20.801881849943484, 0.2633326520800057, 148.117802452776, 35.9242452901105, ZTF
ZTF_g, 26.2435, nan, 10.073999999999998, 2.7566305555555557, 60556.401759299915, 20.822164575727104, 0.22855955287309038, 147.41245185574, 31.0319614804791, ZTF
ZTF_g, 26.307, nan, 10.073999999999998, 2.7566305555555557, 60558.39965280006, 21.014862577757626, 0.24667969821867441, 130.87447993281, 29.7347339738826, ZTF
ZTF_r, 25.4682, nan, 10.073999999999998, 2.7566305555555557, 60560.339502300136, nan, 0.11265129636299923, -432.944988554372, 44.9205009473685, ZTF
ZTF_g, 25.9845, nan, 10.073999999999998, 2.7566305555555557, 60562.315798600204, 21.03910295332707, 0.31777973561850564, 95.0952487221273, 27.8330434823932, ZTF
ZTF_r, 26.1515, nan, 10.073999999999998, 2.7566305555555557, 60562.37972219987, 21.14702565618593, 0.27996414358739363, 100.412952603841, 25.8921330591808, ZTF
ZTF_r, 26.287, nan, 10.073999999999998, 2.7566305555555557, 60564.35945599992, 21.150073469724646, 0.3324451246340519, 113.441147812514, 34.7349166011255, ZTF
ZTF_g, 26.3221, nan, 10.073999999999998, 2.7566305555555557, 60564.41699070018, 20.70417199355078, 0.18317850522587134, 176.673414505978, 29.8072145337638, ZTF
ZTF_r, 26.0047, nan, 10.073999999999998, 2.7566305555555557, 60566.37901620008, 21.55669620880571, 0.637439170386729, 60.1452752138019, 35.3114818930093, ZTF
ZTF_g, 25.9352, nan, 10.073999999999998, 2.7566305555555557, 60566.40337960003, 21.397751057321173, 0.4984277319760628, 65.3099839558805, 29.98178290068, ZTF
ZTF_g, 26.2518, nan, 10.073999999999998, 2.7566305555555557, 60569.30959489988, 20.728382598785796, 0.5930250513158998, 161.944782468111, 88.4536340525944, ZTF
ZTF_r, 26.2465, nan, 10.073999999999998, 2.7566305555555557, 60569.33078699978, 21.8286677349219, 1.100664086040443, 58.4969073346961, 59.3011863889793, ZTF
ZTF_i, 25.6929, nan, 10.073999999999998, 2.7566305555555557, 60575.255312500056, 20.776837545792226, 0.3498997658302363, 92.5603486213429, 29.8293859648274, ZTF
ZTF_g, 26.2857, nan, 10.073999999999998, 2.7566305555555557, 60575.29898149986, 21.79503999013226, 0.7949287221417471, 62.5552845508948, 45.8002525781557, ZTF
ZTF_r, 26.251, nan, 10.073999999999998, 2.7566305555555557, 60575.339861100074, 22.375930127259377, 1.265048639338874, 35.4836224045166, 41.3438439695125, ZTF
ZTF_i, 25.7086, nan, 10.073999999999998, 2.7566305555555557, 60576.333784699906, 20.597674186855212, 0.29644634180556634, 110.75678105055, 30.2407181676818, ZTF
ZTF_g, 26.0353, nan, 10.073999999999998, 2.7566305555555557, 60576.35392360017, 21.3344759002553, 0.6068950532446259, 75.9153572120078, 42.4344832154239, ZTF
ZTF_r, 26.2408, nan, 10.073999999999998, 2.7566305555555557, 60576.40337960003, 21.189858683305783, 0.3857268946766135, 104.803678615425, 37.2333512742625, ZTF
ZTF_i, 25.7183, nan, 10.073999999999998, 2.7566305555555557, 60577.33216439979, 20.236066104175663, 0.23376353158986973, 155.917031737647, 33.5695869901095, ZTF
ZTF_g, 26.2553, nan, 10.073999999999998, 2.7566305555555557, 60577.3682407001, 20.90585963992411, 0.35126971453971867, 137.967293243982, 44.6367464777911, ZTF
ZTF_r, 26.24, nan, 10.073999999999998, 2.7566305555555557, 60577.40193289984, 21.341462557223956, 0.40887147177317684, 91.0783128577373, 34.2986847647699, ZTF
ZTF_g, 26.2824, nan, 10.073999999999998, 2.7566305555555557, 60578.31663190015, 21.89296590806578, 0.5380157753773999, 56.986716835713, 28.2386757576678, ZTF
ZTF_r, 26.2696, nan, 10.073999999999998, 2.7566305555555557, 60578.357789400034, 21.489294123775146, 0.38509878470563197, 81.6812453323795, 28.97144644605, ZTF
ZTF_r, 26.2155, nan, 10.073999999999998, 2.7566305555555557, 60580.45591440005, 21.252348795517033, 0.4202904601791087, 96.6630472226555, 37.4184414422334, ZTF
