oid,expid,hjd,mjd,mag,magerr,catflags,filtercode,ra,dec,chi,sharp,filefracday,field,ccdid,qid,limitmag,magzp,magzprms,clrcoeff,clrcounc,exptime,airmass,programid
319102400002361,109948938,2458853.9901247318,58853.489386599998,20.0593166,0.1638446,0,zg,179.8465769,-20.435881599999998,0.73299998,-0.0390000008,20200105489387,319,0x2,0x4,21.2800007,26.2269669,0.0321650989,-0.0728438273,1.48904992e-05,30,1.63399994,1
319102400002361,112641972,2458880.9228650928,58880.4197222,20.2209091,0.179814443,0,zg,179.84652009999999,-20.435792200000002,0.797999978,-0.130999997,20200201419537,319,0x2,0x4,20.4899998,26.2345467,0.0397054255,-0.105882369,3.10333598e-05,30,1.62100005,1
319102400002361,113837640,2458892.8804284134,58892.376400499998,19.868,0.145339504,0,zg,179.84662449999999,-20.435809299999999,0.592000008,-0.270000011,20200213376389,319,0x2,0x4,20.1299992,26.1796989,0.0421867929,-0.0470679291,5.01386057e-05,30,1.65799999,1
319102400002361,114139725,2458895.9014831809,58895.397256900003,20.076622,0.16555199,0,zg,179.84668919999999,-20.435739699999999,1.31400001,-0.120999999,20200216397257,319,0x2,0x4,20.7600002,26.2052517,0.0366443321,-0.0554281659,2.35330172e-05,30,1.58099997,1
319102400002361,114635527,2458900.8598048813,58900.355277800001,19.8125153,0.140159741,0,zg,179.84651640000001,-20.435733899999999,1.05599999,-0.0930000022,20200221355278,319,0x2,0x4,21.0100002,26.1780605,0.0330457017,-0.0665831864,1.67344078e-05,30,1.65499997,1
319102400002361,115129228,2458905.7970740697,58905.292280100002,19.9019985,0.148561895,0,zg,179.84652320000001,-20.435947299999999,0.736000001,0.233999997,20200226292268,319,0x2,0x4,20.0200005,26.0785904,0.0438766144,-0.027393261,5.64414331e-05,30,2.00600004,1
319102400002361,120224920,2458956.7545628115,58956.249201400002,20.0698986,0.164888337,0,zg,179.84657920000001,-20.435852700000002,0.746999979,0.0729999989,20200417249190,319,0x2,0x4,21.2600002,26.1825771,0.0315438546,-0.0831907541,1.48079562e-05,30,1.56900001,1
319102400002361,120920930,2458963.7144272327,58963.209305600001,19.9339905,0.151624322,0,zg,179.8465841,-20.435882899999999,0.486999989,0.0199999996,20200424209074,319,0x2,0x4,21.3799992,26.1546173,0.0320521817,-0.0806424767,1.5144301e-05,30,1.58399999,1
319102400002361,121823158,2458972.7362931548,58972.231585599999,19.7698269,0.136247545,0,zg,179.84652840000001,-20.435857299999999,0.469999999,0.0599999987,20200503231574,319,0x2,0x4,20.0400009,26.1903496,0.0387371555,-0.0549096726,4.27417035e-05,30,1.597,1
319102400002361,122418972,2458978.6940974868,58978.189722199997,19.8428383,0.142977759,0,zg,179.8465243,-20.4358276,0.615999997,-0.119000003,20200509189711,319,0x2,0x4,20.8700008,26.1903648,0.0335330442,-0.072341457,1.92808111e-05,30,1.56900001,1
319102400002361,122715346,2458981.6576544796,58981.153460599999,19.7610264,0.135449439,0,zg,179.84657820000001,-20.435789799999998,0.657000005,-0.0410000011,20200512153461,319,0x2,0x4,20.4500008,26.180584,0.037466567,-0.0472427793,3.13747223e-05,30,1.597,1
319102400002361,123321078,2458987.7145790397,58987.210787000004,20.134119,0.171239689,0,zg,179.84645359999999,-20.435871800000001,0.925000012,0.136000007,20200518210787,319,0x2,0x4,21.2399998,26.2197914,0.0313084126,-0.0998945683,1.41992032e-05,30,1.65900004,1
319102400002361,123922684,2458993.7301954436,58993.226840299998,19.9945469,0.157491148,0,zg,179.8465587,-20.435785800000001,1.426,-0.170000002,20200524225602,319,0x2,0x4,20.6399994,26.08811,0.0374831036,-0.0886084363,2.77198997e-05,30,1.852,1
319102400002361,124216939,2458996.6725272876,58996.169398099999,19.9157696,0.149876744,0,zg,179.84655860000001,-20.435819599999999,0.542999983,-0.00999999978,20200527169387,319,0x2,0x4,20.8700008,26.149374,0.0326500759,-0.0682797357,1.85392455e-05,30,1.60500002,1
319102400002380,107654520,2458831.0437740851,58830.545208299998,19.6592922,0.126444295,0,zg,179.876869,-20.438922300000002,0.342999995,-0.00300000003,20191213545208,319,0x2,0x4,20.1700001,26.2386608,0.0354895219,-0.047805611,3.31423398e-05,30,1.65900004,1
319102400002380,109948938,2458853.9901221087,58853.489386599998,19.9418068,0.152376741,0,zg,179.87678579999999,-20.438825300000001,0.901000023,-0.136999995,20200105489387,319,0x2,0x4,21.2800007,26.2269669,0.0321650989,-0.0728438273,1.48904992e-05,30,1.63399994,1
319102400002380,112641972,2458880.9228630015,58880.4197222,20.0054665,0.1585574,0,zg,179.8770083,-20.438810199999999,1.51600003,0.58099997,20200201419537,319,0x2,0x4,20.4899998,26.2345467,0.0397054255,-0.105882369,3.10333598e-05,30,1.62100005,1
319102400002380,113837640,2458892.8804267538,58892.376400499998,19.8175392,0.140624419,0,zg,179.8767464,-20.4386957,0.782000005,-0.344000012,20200213376389,319,0x2,0x4,20.1299992,26.1796989,0.0421867929,-0.0470679291,5.01386057e-05,30,1.65799999,1
319102400002380,114139725,2458895.9014816238,58895.397256900003,20.0080757,0.158812419,0,zg,179.8767564,-20.438916899999999,0.632000029,0.064000003,20200216397257,319,0x2,0x4,20.7600002,26.2052517,0.0366443321,-0.0554281659,2.35330172e-05,30,1.58099997,1
319102400002380,114635527,2458900.8598035127,58900.355277800001,19.8059635,0.139555037,0,zg,179.8768321,-20.438857599999999,0.66900003,0.0199999996,20200221355278,319,0x2,0x4,21.0100002,26.1780605,0.0330457017,-0.0665831864,1.67344078e-05,30,1.65499997,1
319102400002380,115129228,2458905.7970729088,58905.292280100002,19.9404678,0.152247757,0,zg,179.87719939999999,-20.438806899999999,1.046,0.898999989,20200226292268,319,0x2,0x4,20.0200005,26.0785904,0.0438766144,-0.027393261,5.64414331e-05,30,2.00600004,1
319102400002380,120224920,2458956.7545639849,58956.249201400002,20.0744362,0.165336147,0,zg,179.87675469999999,-20.438834700000001,1.05400002,0.0379999988,20200417249190,319,0x2,0x4,21.2600002,26.1825771,0.0315438546,-0.0831907541,1.48079562e-05,30,1.56900001,1
319102400002380,120920930,2458963.7144286945,58963.209305600001,19.912365,0.149551153,0,zg,179.87677540000001,-20.438831799999999,0.703000009,0.063000001,20200424209074,319,0x2,0x4,21.3799992,26.1546173,0.0320521817,-0.0806424767,1.5144301e-05,30,1.58399999,1
319102400002380,122418972,2458978.6940994975,58978.189722199997,20.1423569,0.172055334,0,zg,179.87678890000001,-20.438908300000001,0.702000022,0.152999997,20200509189711,319,0x2,0x4,20.8700008,26.1903648,0.0335330442,-0.072341457,1.92808111e-05,30,1.56900001,1
319102400002380,123321078,2458987.7145813233,58987.210787000004,20.035656,0.16151613,0,zg,179.87677930000001,-20.438882199999998,0.940999985,0.0869999975,20200518210787,319,0x2,0x4,21.2399998,26.2197914,0.0313084126,-0.0998945683,1.41992032e-05,30,1.65900004,1
319102400002380,123922684,2458993.7301978753,58993.226840299998,20.0880108,0.166677132,0,zg,179.87681420000001,-20.4389684,0.61500001,0.0209999997,20200524225602,319,0x2,0x4,20.6399994,26.08811,0.0374831036,-0.0886084363,2.77198997e-05,30,1.852,1
319102400002380,124216939,2458996.6725297798,58996.169398099999,19.90625,0.148967206,0,zg,179.87679929999999,-20.4388778,0.59799999,-0.104999997,20200527169387,319,0x2,0x4,20.8700008,26.149374,0.0326500759,-0.0682797357,1.85392455e-05,30,1.60500002,1
319102400005859,114635527,2458900.859804681,58900.355277800001,20.9753399,0.249765515,0,zg,179.86312359999999,-20.426062300000002,0.720000029,-0.277999997,20200221355278,319,0x2,0x4,21.0100002,26.1780605,0.0330457017,-0.0665831864,1.67344078e-05,30,1.65499997,1
319102400005859,121823158,2458972.736294148,58972.231585599999,20.1196213,0.16980423,0,zg,179.8631412,-20.4265264,0.497000009,-0.286000013,20200503231574,319,0x2,0x4,20.0400009,26.1903496,0.0387371555,-0.0549096726,4.27417035e-05,30,1.597,1
319102400005859,122418972,2458978.6940985317,58978.189722199997,20.786705,0.232282877,0,zg,179.86312269999999,-20.4262236,0.630999982,-0.0949999988,20200509189711,319,0x2,0x4,20.8700008,26.1903648,0.0335330442,-0.072341457,1.92808111e-05,30,1.56900001,1
319102400005934,107654520,2458831.0437736153,58830.545208299998,19.2501984,0.0948171765,0,zg,179.87978380000001,-20.4461187,0.5,-0.0309999995,20191213545208,319,0x2,0x4,20.1700001,26.2386608,0.0354895219,-0.047805611,3.31423398e-05,30,1.65900004,1
319102400005934,109948938,2458853.990121542,58853.489386599998,19.3667526,0.103050888,0,zg,179.87970949999999,-20.446155900000001,0.584999979,-0.0419999994,20200105489387,319,0x2,0x4,21.2800007,26.2269669,0.0321650989,-0.0728438273,1.48904992e-05,30,1.63399994,1
319102400005934,112641972,2458880.9228624599,58880.4197222,19.3844261,0.104353748,0,zg,179.87967069999999,-20.446141699999998,0.825999975,-0.128999993,20200201419537,319,0x2,0x4,20.4899998,26.2345467,0.0397054255,-0.105882369,3.10333598e-05,30,1.62100005,1
319102400005934,113142027,2458885.9238066212,58885.420277800004,19.4153404,0.106667362,0,zg,179.8795599,-20.446163299999998,0.85799998,-0.00999999978,20200206420266,319,0x2,0x4,19.4400005,26.0565319,0.0420804098,-0.045035243,0.000101893856,30,1.58800006,1
319102400005934,113837640,2458892.8804262294,58892.376400499998,19.4474907,0.109120049,0,zg,179.8797826,-20.4461336,1.02100003,-0.261999995,20200213376389,319,0x2,0x4,20.1299992,26.1796989,0.0421867929,-0.0470679291,5.01386057e-05,30,1.65799999,1
319102400005934,114139725,2458895.901481126,58895.397256900003,19.3220081,0.0998163894,0,zg,179.87977599999999,-20.4461397,1.53900003,-0.0240000002,20200216397257,319,0x2,0x4,20.7600002,26.2052517,0.0366443321,-0.0554281659,2.35330172e-05,30,1.58099997,1
319102400005934,114635527,2458900.8598030419,58900.355277800001,19.3528938,0.10203921,0,zg,179.87976939999999,-20.4461707,0.88499999,-0.0480000004,20200221355278,319,0x2,0x4,21.0100002,26.1780605,0.0330457017,-0.0665831864,1.67344078e-05,30,1.65499997,1
319102400005934,115129228,2458905.7970724753,58905.292280100002,19.2994137,0.098218061,0,zg,179.87995609999999,-20.446105899999999,1.54999995,0.301999986,20200226292268,319,0x2,0x4,20.0200005,26.0785904,0.0438766144,-0.027393261,5.64414331e-05,30,2.00600004,1
319102400005934,120224920,2458956.7545640017,58956.249201400002,19.3393917,0.101062126,0,zg,179.87973400000001,-20.446193900000001,0.65200001,-0.0839999989,20200417249190,319,0x2,0x4,21.2600002,26.1825771,0.0315438546,-0.0831907541,1.48079562e-05,30,1.56900001,1
319102400005934,120920930,2458963.7144287853,58963.209305600001,19.3992825,0.105460145,0,zg,179.87981629999999,-20.446186600000001,1.18400002,0.105999999,20200424209074,319,0x2,0x4,21.3799992,26.1546173,0.0320521817,-0.0806424767,1.5144301e-05,30,1.58399999,1
319102400005934,121823158,2458972.7362951329,58972.231585599999,19.42416,0.107335508,0,zg,179.87966170000001,-20.446177899999999,1.08000004,-0.201000005,20200503231574,319,0x2,0x4,20.0400009,26.1903496,0.0387371555,-0.0549096726,4.27417035e-05,30,1.597,1
319102400005934,122418972,2458978.6940997331,58978.189722199997,19.3942852,0.10508687,0,zg,179.87980060000001,-20.446157400000001,0.560000002,-0.0480000004,20200509189711,319,0x2,0x4,20.8700008,26.1903648,0.0335330442,-0.072341457,1.92808111e-05,30,1.56900001,1
319102400005934,122715346,2458981.6576568396,58981.153460599999,19.4806843,0.111702025,0,zg,179.87973400000001,-20.446209199999998,0.757000029,0.064000003,20200512153461,319,0x2,0x4,20.4500008,26.180584,0.037466567,-0.0472427793,3.13747223e-05,30,1.597,1
319102400005934,123321078,2458987.7145816316,58987.210787000004,19.3826103,0.104219235,0,zg,179.8796778,-20.446138099999999,1.38699996,-0.0540000014,20200518210787,319,0x2,0x4,21.2399998,26.2197914,0.0313084126,-0.0998945683,1.41992032e-05,30,1.65900004,1
319102400005934,123922684,2458993.7301982329,58993.226840299998,19.3869457,0.104540698,0,zg,179.87971250000001,-20.446232999999999,0.483999997,-0.00300000003,20200524225602,319,0x2,0x4,20.6399994,26.08811,0.0374831036,-0.0886084363,2.77198997e-05,30,1.852,1
319102400005934,124216939,2458996.6725301649,58996.169398099999,19.3201904,0.09968701,0,zg,179.87974070000001,-20.446177599999999,0.476999998,0.0189999994,20200527169387,319,0x2,0x4,20.8700008,26.149374,0.0326500759,-0.0682797357,1.85392455e-05,30,1.60500002,1
319102400005934,125116790,2459005.6703039855,59005.167905100003,19.5067596,0.113765448,0,zg,179.87979949999999,-20.446103999999998,0.665000021,-0.307999998,20200605167315,319,0x2,0x4,19.4799995,26.1435547,0.0453034565,-0.0376207754,0.000100227473,30,1.68599999,1
319102400005935,107654520,2458831.0437749336,58830.545208299998,16.6091652,0.0200715214,0,zg,179.86398159999999,-20.446558499999998,4.27199984,0.474999994,20191213545208,319,0x2,0x4,20.1700001,26.2386608,0.0354895219,-0.047805611,3.31423398e-05,30,1.65900004,1
319102400005935,109948938,2458853.9901228193,58853.489386599998,16.6026478,0.020027658,0,zg,179.86401050000001,-20.4465611,4.73600006,0.349000007,20200105489387,319,0x2,0x4,21.2800007,26.2269669,0.0321650989,-0.0728438273,1.48904992e-05,30,1.63399994,1
319102400005935,112641972,2458880.9228634168,58880.4197222,16.4967804,0.0193545949,0,zg,179.86426,-20.446592599999999,2.96099997,-0.075000003,20200201419537,319,0x2,0x4,20.4899998,26.2345467,0.0397054255,-0.105882369,3.10333598e-05,30,1.62100005,1
319102400005935,113142027,2458885.923807512,58885.420277800004,16.4001808,0.0188014992,0,zg,179.8639465,-20.446560699999999,1.52699995,-0.0179999992,20200206420266,319,0x2,0x4,19.4400005,26.0565319,0.0420804098,-0.045035243,0.000101893856,30,1.58800006,1
319102400005935,113452850,2458889.0322651551,58888.528506900002,16.1857567,0.0177579131,32768,zg,179.8640973,-20.446641100000001,0.606999993,0.00100000005,20200209528507,319,0x2,0x4,18,26.1181602,0.0399313979,0.0175778344,0.000470999483,30,1.99699998,1
319102400005935,113837640,2458892.8804270038,58892.376400499998,16.7108536,0.0207948312,0,zg,179.86395820000001,-20.4465681,3.18400002,0.328000009,20200213376389,319,0x2,0x4,20.1299992,26.1796989,0.0421867929,-0.0470679291,5.01386057e-05,30,1.65799999,1
319102400005935,114139725,2458895.901481837,58895.397256900003,16.5531578,0.019703906,0,zg,179.86408019999999,-20.446541799999999,5.30499983,0.174999997,20200216397257,319,0x2,0x4,20.7600002,26.2052517,0.0366443321,-0.0554281659,2.35330172e-05,30,1.58099997,1
319102400005935,114635527,2458900.8598036538,58900.355277800001,16.5749187,0.0198442489,0,zg,179.86403849999999,-20.4465954,4.19700003,0.134000003,20200221355278,319,0x2,0x4,21.0100002,26.1780605,0.0330457017,-0.0665831864,1.67344078e-05,30,1.65499997,1
319102400005935,115129228,2458905.7970729885,58905.292280100002,16.2688751,0.0181343127,0,zg,179.86397310000001,-20.446586100000001,2.0250001,0.179000005,20200226292268,319,0x2,0x4,20.0200005,26.0785904,0.0438766144,-0.027393261,5.64414331e-05,30,2.00600004,1
319102400005935,120224920,2458956.7545633642,58956.249201400002,16.6211796,0.0201531462,0,zg,179.8640236,-20.446558899999999,5.34299994,0.462000012,20200417249190,319,0x2,0x4,21.2600002,26.1825771,0.0315438546,-0.0831907541,1.48079562e-05,30,1.56900001,1
319102400005935,120920930,2458963.7144280057,58963.209305600001,16.7037392,0.0207417756,0,zg,179.86403379999999,-20.4466109,5.09200001,0.344000012,20200424209074,319,0x2,0x4,21.3799992,26.1546173,0.0320521817,-0.0806424767,1.5144301e-05,30,1.58399999,1
319102400005935,121225076,2458966.7557594045,58966.250763900003,16.7194633,0.0208595507,32768,zg,179.86407500000001,-20.446675899999999,0.796000004,0.0549999997,20200427250521,319,0x2,0x4,18.2199993,23.6603336,0.0924090818,-0.110310242,0.00284096738,30,1.60399997,1
319102400005935,121823158,2458972.7362941992,58972.231585599999,16.698597,0.0207036696,0,zg,179.86402770000001,-20.446592299999999,3.52200007,0.128999993,20200503231574,319,0x2,0x4,20.0400009,26.1903496,0.0387371555,-0.0549096726,4.27417035e-05,30,1.597,1
319102400005935,122418972,2458978.694098691,58978.189722199997,16.6837444,0.0205946825,0,zg,179.86395279999999,-20.4465678,4.99399996,0.432999998,20200509189711,319,0x2,0x4,20.8700008,26.1903648,0.0335330442,-0.072341457,1.92808111e-05,30,1.56900001,1
319102400005935,122715346,2458981.6576557597,58981.153460599999,16.6472015,0.0203334037,0,zg,179.86398389999999,-20.446572400000001,3.87800002,0.252999991,20200512153461,319,0x2,0x4,20.4500008,26.180584,0.037466567,-0.0472427793,3.13747223e-05,30,1.597,1
319102400005935,123321078,2458987.7145804749,58987.210787000004,16.6283607,0.0202024169,0,zg,179.86397600000001,-20.446544299999999,4.99100018,0.150000006,20200518210787,319,0x2,0x4,21.2399998,26.2197914,0.0313084126,-0.0998945683,1.41992032e-05,30,1.65900004,1
319102400005935,123922684,2458993.7301970073,58993.226840299998,16.5719795,0.0198251065,0,zg,179.8640111,-20.446574399999999,3.45499992,0.0729999989,20200524225602,319,0x2,0x4,20.6399994,26.08811,0.0374831036,-0.0886084363,2.77198997e-05,30,1.852,1
319102400005935,124216939,2458996.6725289072,58996.169398099999,16.6637802,0.0204507448,0,zg,179.86398130000001,-20.446582500000002,5.03599977,0.368000001,20200527169387,319,0x2,0x4,20.8700008,26.149374,0.0326500759,-0.0682797357,1.85392455e-05,30,1.60500002,1
319102400005935,124521027,2458999.7131675044,58999.210277799997,16.5916901,0.0199545603,32768,zg,179.86393939999999,-20.446595899999998,2.27600002,0.172999993,20200530210278,319,0x2,0x4,19.1100006,25.2849007,0.0573809296,-0.0371812731,0.000272813166,30,1.85099995,1
319102400005935,125116790,2459005.6703026574,59005.167905100003,16.7040138,0.0207438245,0,zg,179.86400699999999,-20.446550800000001,3.125,0.287999988,20200605167315,319,0x2,0x4,19.4799995,26.1435547,0.0453034565,-0.0376207754,0.000100227473,30,1.68599999,1
319102400005985,114635527,2458900.85980317,58900.355277800001,20.9832172,0.250495553,0,zg,179.8626826,-20.457748200000001,0.670000017,-0.26699999,20200221355278,319,0x2,0x4,21.0100002,26.1780605,0.0330457017,-0.0665831864,1.67344078e-05,30,1.65499997,1
319102400009271,109948938,2458853.9901231606,58853.489386599998,20.6250534,0.217301011,0,zg,179.8656086,-20.4359018,0.862999976,-0.223000005,20200105489387,319,0x2,0x4,21.2800007,26.2269669,0.0321650989,-0.0728438273,1.48904992e-05,30,1.63399994,1
319102400009271,114635527,2458900.8598041111,58900.355277800001,20.5462227,0.209995031,0,zg,179.86542,-20.435961200000001,1.11699998,-0.136999995,20200221355278,319,0x2,0x4,21.0100002,26.1780605,0.0330457017,-0.0665831864,1.67344078e-05,30,1.65499997,1
319102400009271,120224920,2458956.7545635719,58956.249201400002,20.3956718,0.196538299,0,zg,179.86549220000001,-20.4359334,0.690999985,-0.165000007,20200417249190,319,0x2,0x4,21.2600002,26.1825771,0.0315438546,-0.0831907541,1.48079562e-05,30,1.56900001,1
319102400009271,120920930,2458963.7144281678,58963.209305600001,20.7236462,0.226438642,0,zg,179.86559070000001,-20.435922000000001,1.17900002,-0.193000004,20200424209074,319,0x2,0x4,21.3799992,26.1546173,0.0320521817,-0.0806424767,1.5144301e-05,30,1.58399999,1
319102400009271,122418972,2458978.6940987334,58978.189722199997,20.4445915,0.200940579,0,zg,179.8654267,-20.435872700000001,0.870000005,-0.140000001,20200509189711,319,0x2,0x4,20.8700008,26.1903648,0.0335330442,-0.072341457,1.92808111e-05,30,1.56900001,1
319102400009271,123321078,2458987.7145804549,58987.210787000004,20.4678879,0.202971935,0,zg,179.86555010000001,-20.436007499999999,1.49399996,-0.206,20200518210787,319,0x2,0x4,21.2399998,26.2197914,0.0313084126,-0.0998945683,1.41992032e-05,30,1.65900004,1
319102400009292,123321078,2458987.7145805154,58987.210787000004,20.9458828,0.247035384,0,zg,179.86572050000001,-20.439720000000001,0.731999993,-0.0419999994,20200518210787,319,0x2,0x4,21.2399998,26.2197914,0.0313084126,-0.0998945683,1.41992032e-05,30,1.65900004,1
319102400009292,124216939,2458996.6725289044,58996.169398099999,20.8424854,0.237452626,0,zg,179.86572340000001,-20.439571099999998,0.888999999,-0.393000007,20200527169387,319,0x2,0x4,20.8700008,26.149374,0.0326500759,-0.0682797357,1.85392455e-05,30,1.60500002,1
319102400009297,123321078,2458987.7145806155,58987.210787000004,21.0808678,0.259545803,0,zg,179.86678499999999,-20.441349899999999,1.13199997,-0.129999995,20200518210787,319,0x2,0x4,21.2399998,26.2197914,0.0313084126,-0.0998945683,1.41992032e-05,30,1.65900004,1
319102400012081,120920930,2458963.7144286879,58963.209305600001,21.2253551,0.272936821,0,zg,179.8768536,-20.440140599999999,0.477999985,-0.0989999995,20200424209074,319,0x2,0x4,21.3799992,26.1546173,0.0320521817,-0.0806424767,1.5144301e-05,30,1.58399999,1
319102400012102,107654520,2458831.0437753778,58830.545208299998,19.2367783,0.093908906,0,zg,179.85817449999999,-20.448008699999999,0.953000009,0.00400000019,20191213545208,319,0x2,0x4,20.1700001,26.2386608,0.0354895219,-0.047805611,3.31423398e-05,30,1.65900004,1
319102400012102,109948938,2458853.9901232338,58853.489386599998,19.1289368,0.086904265,0,zg,179.85819660000001,-20.448021300000001,0.902999997,-0,20200105489387,319,0x2,0x4,21.2800007,26.2269669,0.0321650989,-0.0728438273,1.48904992e-05,30,1.63399994,1
319102400012102,112641972,2458880.922863726,58880.4197222,19.2387848,0.0940442458,0,zg,179.85833220000001,-20.4479209,1.21099997,-0.104000002,20200201419537,319,0x2,0x4,20.4899998,26.2345467,0.0397054255,-0.105882369,3.10333598e-05,30,1.62100005,1
319102400012102,113837640,2458892.8804272246,58892.376400499998,19.2908707,0.0976197422,0,zg,179.85816220000001,-20.447982400000001,1.19299996,0.050999999,20200213376389,319,0x2,0x4,20.1299992,26.1796989,0.0421867929,-0.0470679291,5.01386057e-05,30,1.65799999,1
319102400012102,114139725,2458895.901482034,58895.397256900003,19.2444248,0.0944254547,0,zg,179.8581987,-20.4481021,0.963,0.100000001,20200216397257,319,0x2,0x4,20.7600002,26.2052517,0.0366443321,-0.0554281659,2.35330172e-05,30,1.58099997,1
319102400012102,114635527,2458900.8598038186,58900.355277800001,19.0923271,0.084643513,0,zg,179.85823110000001,-20.448006700000001,0.372999996,-0.023,20200221355278,319,0x2,0x4,21.0100002,26.1780605,0.0330457017,-0.0665831864,1.67344078e-05,30,1.65499997,1
319102400012102,120224920,2458956.7545631099,58956.249201400002,19.1831741,0.090362221,0,zg,179.858214,-20.448019299999999,0.699999988,-0.0520000011,20200417249190,319,0x2,0x4,21.2600002,26.1825771,0.0315438546,-0.0831907541,1.48079562e-05,30,1.56900001,1
319102400012102,120920930,2458963.71442771,58963.209305600001,19.2338219,0.0937099159,0,zg,179.85825639999999,-20.448035699999998,0.514999986,-0.00999999978,20200424209074,319,0x2,0x4,21.3799992,26.1546173,0.0320521817,-0.0806424767,1.5144301e-05,30,1.58399999,1
319102400012102,121823158,2458972.7362938575,58972.231585599999,19.1323376,0.0871172696,0,zg,179.85830480000001,-20.4481106,0.81400001,0.156000003,20200503231574,319,0x2,0x4,20.0400009,26.1903496,0.0387371555,-0.0549096726,4.27417035e-05,30,1.597,1
319102400012102,122418972,2458978.6940983217,58978.189722199997,19.2776165,0.0966982022,0,zg,179.85823959999999,-20.4480203,1.36500001,0.206,20200509189711,319,0x2,0x4,20.8700008,26.1903648,0.0335330442,-0.072341457,1.92808111e-05,30,1.56900001,1
319102400012102,122715346,2458981.6576553769,58981.153460599999,19.2120609,0.0922574475,0,zg,179.8582538,-20.448039900000001,0.505999982,0.00800000038,20200512153461,319,0x2,0x4,20.4500008,26.180584,0.037466567,-0.0472427793,3.13747223e-05,30,1.597,1
319102400012102,123321078,2458987.7145800646,58987.210787000004,19.1426697,0.0877674893,0,zg,179.85817739999999,-20.448020700000001,0.717000008,0.0399999991,20200518210787,319,0x2,0x4,21.2399998,26.2197914,0.0313084126,-0.0998945683,1.41992032e-05,30,1.65900004,1
319102400012102,123922684,2458993.7301965784,58993.226840299998,19.1509666,0.0882930532,0,zg,179.85823149999999,-20.447954800000002,1.42999995,-0.125,20200524225602,319,0x2,0x4,20.6399994,26.08811,0.0374831036,-0.0886084363,2.77198997e-05,30,1.852,1
319102400012102,124216939,2458996.6725284783,58996.169398099999,19.2985725,0.0981589779,0,zg,179.85828330000001,-20.448006899999999,0.813000023,0.0469999984,20200527169387,319,0x2,0x4,20.8700008,26.149374,0.0326500759,-0.0682797357,1.85392455e-05,30,1.60500002,1
319102400012102,124521027,2458999.7131670718,58999.210277799997,18.783268,0.067796059,32768,zg,179.85826019999999,-20.448081699999999,1.22500002,-0.0860000029,20200530210278,319,0x2,0x4,19.1100006,25.2849007,0.0573809296,-0.0371812731,0.000272813166,30,1.85099995,1
319102400012102,125116790,2459005.6703021983,59005.167905100003,19.2310276,0.0935222134,0,zg,179.85810499999999,-20.448067099999999,0.666999996,0.0439999998,20200605167315,319,0x2,0x4,19.4799995,26.1435547,0.0453034565,-0.0376207754,0.000100227473,30,1.68599999,1
319102400015079,112641972,2458880.9228635826,58880.4197222,17.778059,0.0347505994,0,zg,179.86199909999999,-20.446159099999999,2.18899989,-0.0160000008,20200201419537,319,0x2,0x4,20.4899998,26.2345467,0.0397054255,-0.105882369,3.10333598e-05,30,1.62100005,1
319102400015079,114635527,2458900.859803753,58900.355277800001,18.2179565,0.0458486788,0,zg,179.8620986,-20.4461522,2.45700002,0.149000004,20200221355278,319,0x2,0x4,21.0100002,26.1780605,0.0330457017,-0.0665831864,1.67344078e-05,30,1.65499997,1
319102400015079,120224920,2458956.7545632888,58956.249201400002,18.2094841,0.0455922,0,zg,179.8620152,-20.446191599999999,5.37699986,0.513000011,20200417249190,319,0x2,0x4,21.2600002,26.1825771,0.0315438546,-0.0831907541,1.48079562e-05,30,1.56900001,1
319102400015079,120920930,2458963.7144279275,58963.209305600001,18.0961456,0.0423355326,0,zg,179.86239190000001,-20.446296199999999,6.6079998,0.550999999,20200424209074,319,0x2,0x4,21.3799992,26.1546173,0.0320521817,-0.0806424767,1.5144301e-05,30,1.58399999,1
319102400015079,121823158,2458972.7362940712,58972.231585599999,18.157608,0.0440619141,0,zg,179.86188050000001,-20.446169399999999,2.04900002,0.425999999,20200503231574,319,0x2,0x4,20.0400009,26.1903496,0.0387371555,-0.0549096726,4.27417035e-05,30,1.597,1
319102400015079,123321078,2458987.7145803259,58987.210787000004,18.1321735,0.0433363207,0,zg,179.8620224,-20.4462054,4.704,0.228,20200518210787,319,0x2,0x4,21.2399998,26.2197914,0.0313084126,-0.0998945683,1.41992032e-05,30,1.65900004,1
319102400015079,123922684,2458993.7301968522,58993.226840299998,17.992363,0.0396226645,0,zg,179.8620976,-20.446308200000001,3.17799997,0.136000007,20200524225602,319,0x2,0x4,20.6399994,26.08811,0.0374831036,-0.0886084363,2.77198997e-05,30,1.852,1
319102400015079,124521027,2458999.7131673372,58999.210277799997,17.8510075,0.0363055542,32768,zg,179.86209790000001,-20.445896699999999,1.07200003,0.202999994,20200530210278,319,0x2,0x4,19.1100006,25.2849007,0.0573809296,-0.0371812731,0.000272813166,30,1.85099995,1
319102400020811,109948938,2458853.9901223811,58853.489386599998,20.0719948,0.16509515,0,zg,179.86887350000001,-20.447392300000001,1.41900003,0.277999997,20200105489387,319,0x2,0x4,21.2800007,26.2269669,0.0321650989,-0.0728438273,1.48904992e-05,30,1.63399994,1
319102400020811,123922684,2458993.7301973691,58993.226840299998,19.6511803,0.125744507,0,zg,179.86846689999999,-20.4472627,1.11199999,0.186000004,20200524225602,319,0x2,0x4,20.6399994,26.08811,0.0374831036,-0.0886084363,2.77198997e-05,30,1.852,1
319102400022230,109948938,2458853.9901225194,58853.489386599998,19.5380135,0.116279341,0,zg,179.8676293,-20.446588899999998,2.32599998,0.358999997,20200105489387,319,0x2,0x4,21.2800007,26.2269669,0.0321650989,-0.0728438273,1.48904992e-05,30,1.63399994,1
319102400022230,115129228,2458905.797072866,58905.292280100002,18.5622253,0.0579885282,0,zg,179.86740639999999,-20.446748100000001,0.92900002,0.023,20200226292268,319,0x2,0x4,20.0200005,26.0785904,0.0438766144,-0.027393261,5.64414331e-05,30,2.00600004,1
319102400022291,112641972,2458880.9228629647,58880.4197222,19.733614,0.132982224,0,zg,179.87022020000001,-20.448037299999999,1.16799998,0.611999989,20200201419537,319,0x2,0x4,20.4899998,26.2345467,0.0397054255,-0.105882369,3.10333598e-05,30,1.62100005,1
319102400022291,120920930,2458963.7144282809,58963.209305600001,20.4115391,0.19798477,0,zg,179.86994749999999,-20.448532400000001,0.870999992,0.136000007,20200424209074,319,0x2,0x4,21.3799992,26.1546173,0.0320521817,-0.0806424767,1.5144301e-05,30,1.58399999,1
319102400022291,122715346,2458981.6576561816,58981.153460599999,20.1167984,0.169524789,0,zg,179.8699368,-20.448201399999999,0.742999971,-0.210999995,20200512153461,319,0x2,0x4,20.4500008,26.180584,0.037466567,-0.0472427793,3.13747223e-05,30,1.597,1
319202400005528,122723165,2458981.7358451006,58981.231655099997,20.6906261,0.217904329,0,zr,179.86293860000001,-20.426143100000001,0.785000026,-0.363000005,20200512231655,319,0x2,0x4,20.8600006,26.1438293,0.023696173,0.0909103304,7.94720745e-06,30,1.67799997,1
319202400005528,123315625,2458987.6600469439,58987.15625,20.7843189,0.225946784,0,zr,179.86308410000001,-20.426007200000001,0.0799999982,0.0189999994,20200518156250,319,0x2,0x4,20.9400005,26.1656094,0.0224537291,0.0987048224,7.17012244e-06,30,1.57099998,1
319202400005671,108251916,2458837.0182860997,58836.519166700004,18.5721607,0.0576782189,0,zr,179.8768062,-20.438839699999999,0.521000028,-0.00600000005,20191219519028,319,0x2,0x4,20.4200001,26.1503677,0.0262956098,0.100702554,9.94296624e-06,30,1.70299995,1
319202400005671,109648225,2458850.9827056234,58850.482256900003,18.5841408,0.0582012869,0,zr,179.87680119999999,-20.438852900000001,1.42200005,-0.0769999996,20200102482222,319,0x2,0x4,20.2299995,26.1752548,0.0285030752,0.0887663141,1.16271322e-05,30,1.69700003,1
319202400005671,111950372,2458874.0062929322,58873.503726900002,18.5026207,0.0547392592,32768,zr,179.87682789999999,-20.438844400000001,0.446999997,0.0599999987,20200125503727,319,0x2,0x4,19.9699993,25.669838,0.0426679067,0.0862200558,2.60477827e-05,30,1.60099995,1
319202400005671,112235313,2458876.8559442265,58876.353136600002,18.6185551,0.059732046,0,zr,179.87680739999999,-20.438828999999998,1.01199996,0.0140000004,20200128353137,319,0x2,0x4,20.8899994,26.0873375,0.0277728233,0.096108593,1.08747154e-05,30,2.25999999,1
319202400005671,112633589,2458880.839025239,58880.335891199997,18.4719372,0.0534942187,0,zr,179.87684229999999,-20.438890199999999,1.40699995,0.00999999978,20200201335613,319,0x2,0x4,20.0100002,26.07374,0.0353303999,0.104257002,1.74807556e-05,30,2.37400007,1
319202400005671,113148415,2458885.9876892497,58885.484155099999,18.3799477,0.0499440841,0,zr,179.8767489,-20.4389577,0.698000014,0.0489999987,20200206484155,319,0x2,0x4,19.5699997,26.175415,0.0421448089,0.0929085165,2.7008291e-05,30,1.63999999,1
319202400005671,113831222,2458892.8162440709,58892.312222200002,18.6502838,0.0611807853,0,zr,179.87670729999999,-20.438919899999998,1.11099994,0.382999986,20200213312188,319,0x2,0x4,18.7600002,26.0411797,0.0482864343,0.132367611,6.43045787e-05,30,2.21499991,1
319202400005671,114141894,2458895.9231729135,58895.418946799997,18.5057011,0.0548659712,0,zr,179.87681430000001,-20.438807400000002,0.906000018,-0.0829999968,20200216418935,319,0x2,0x4,20.6599998,26.1657295,0.0247095618,0.0936668143,8.53818801e-06,30,1.56900001,1
319202400005671,115942460,2458913.9297634377,58913.424606499997,18.582058,0.058109995,0,zr,179.8768139,-20.438811699999999,1.22599995,0.0410000011,20200305424606,319,0x2,0x4,20.2600002,25.8349056,0.0299473237,0.091738604,1.25823381e-05,30,1.71399999,1
319202400005671,118735907,2458941.8646987732,58941.359074100001,18.5777702,0.0579224937,0,zr,179.87675569999999,-20.438859399999998,1.39400005,-0.150999993,20200402359074,319,0x2,0x4,20.2700005,26.1215477,0.0278515909,0.0949628651,1.08822087e-05,30,1.77999997,1
319202400005671,120226431,2458956.7696792437,58956.264317100002,18.5853004,0.0582522005,0,zr,179.87677780000001,-20.438851700000001,0.809000015,-0.0329999998,20200417264317,319,0x2,0x4,21.0599995,26.145359,0.0231114719,0.0871801898,7.71081613e-06,30,1.579,1
319202400005671,121218888,2458966.6938878265,58966.188888899997,18.5570335,0.0570247993,32768,zr,179.87677310000001,-20.438837899999999,0.533999979,-0.0710000023,20200427188889,319,0x2,0x4,20.1299992,25.5437908,0.173173025,0.109035298,0.00043148431,30,1.61000001,1
319202400005671,121818871,2458972.6934268884,58972.188715299999,18.5259476,0.0557067767,0,zr,179.87678819999999,-20.438841700000001,0.407999992,0.00600000005,20200503188229,319,0x2,0x4,20.2800007,26.1448975,0.0304939132,0.103360578,1.28100373e-05,30,1.579,1
319202400005671,122114873,2458975.6532907235,58975.148738399999,18.5582199,0.0570757538,0,zr,179.87676870000001,-20.4388367,0.727999985,-0.00600000005,20200506148727,319,0x2,0x4,19.9200001,26.1479683,0.0345536023,0.101087429,1.66791287e-05,30,1.66199994,1
319202400005671,122723165,2458981.7358461516,58981.231655099997,18.6147976,0.0595628694,0,zr,179.87677540000001,-20.438797699999999,1.23399997,-0.0949999988,20200512231655,319,0x2,0x4,20.8600006,26.1438293,0.023696173,0.0909103304,7.94720745e-06,30,1.67799997,1
319202400005671,123315625,2458987.6600481244,58987.15625,18.6042461,0.0590905063,0,zr,179.8768073,-20.438845700000002,0.688000023,-0.0659999996,20200518156250,319,0x2,0x4,20.9400005,26.1656094,0.0224537291,0.0987048224,7.17012244e-06,30,1.57099998,1
319202400005671,124223135,2458996.7344810138,58996.231354199997,18.5318489,0.0559544899,0,zr,179.8767722,-20.4388237,0.508000016,-0.00200000009,20200527231354,319,0x2,0x4,20.8299999,26.0919991,0.023335753,0.0999648273,7.78543199e-06,30,1.972,1
319202400005671,124516908,2458999.6719795172,58999.169085599999,18.544014,0.056468796,0,zr,179.87684960000001,-20.438799100000001,0.448000014,-0.00499999989,20200530169074,319,0x2,0x4,20.1700001,26.1519547,0.0286986213,0.0964674428,1.15572793e-05,30,1.62699997,1
319202400005671,125123246,2459005.7348582321,59005.232465300003,18.5020885,0.0547174141,0,zr,179.8768092,-20.4388638,0.449999988,-0.0489999987,20200605232465,319,0x2,0x4,19.6599998,26.0925865,0.036777284,0.101264372,2.01347102e-05,30,2.33500004,1
319202400005751,108251916,2458837.0182855902,58836.519166700004,17.8128338,0.0332611986,0,zr,179.8797615,-20.446171700000001,0.765999973,-0.0649999976,20191219519028,319,0x2,0x4,20.4200001,26.1503677,0.0262956098,0.100702554,9.94296624e-06,30,1.70299995,1
319202400005751,109648225,2458850.9827050571,58850.482256900003,17.8348427,0.033765249,0,zr,179.8798209,-20.446148999999998,1.12899995,0.00899999961,20200102482222,319,0x2,0x4,20.2299995,26.1752548,0.0285030752,0.0887663141,1.16271322e-05,30,1.69700003,1
319202400005751,111950372,2458874.0062923585,58873.503726900002,17.8203125,0.0334313624,32768,zr,179.87975159999999,-20.446194200000001,0.629999995,-0.00400000019,20200125503727,319,0x2,0x4,19.9699993,25.669838,0.0426679067,0.0862200558,2.60477827e-05,30,1.60099995,1
319202400005751,112235313,2458876.8559436565,58876.353136600002,17.8352737,0.0337752067,0,zr,179.87975320000001,-20.446172000000001,0.56099999,0.0610000007,20200128353137,319,0x2,0x4,20.8899994,26.0873375,0.0277728233,0.096108593,1.08747154e-05,30,2.25999999,1
319202400005751,112633589,2458880.8390246793,58880.335891199997,17.8117256,0.0332361013,0,zr,179.87982149999999,-20.446178499999998,0.629999995,0.00700000022,20200201335613,319,0x2,0x4,20.0100002,26.07374,0.0353303999,0.104257002,1.74807556e-05,30,2.37400007,1
319202400005751,113148415,2458885.9876887091,58885.484155099999,17.863636,0.03443994,0,zr,179.8797678,-20.4461464,0.469000012,-0,20200206484155,319,0x2,0x4,19.5699997,26.175415,0.0421448089,0.0929085165,2.7008291e-05,30,1.63999999,1
319202400005751,113831222,2458892.8162435479,58892.312222200002,17.9329548,0.0361376405,0,zr,179.8798534,-20.446210799999999,0.83099997,0.0820000023,20200213312188,319,0x2,0x4,18.7600002,26.0411797,0.0482864343,0.132367611,6.43045787e-05,30,2.21499991,1
319202400005751,114141894,2458895.9231724124,58895.418946799997,17.8494091,0.0341043919,0,zr,179.87976040000001,-20.446164199999998,0.850000024,-0.0160000008,20200216418935,319,0x2,0x4,20.6599998,26.1657295,0.0247095618,0.0936668143,8.53818801e-06,30,1.56900001,1
319202400005751,115942460,2458913.9297630549,58913.424606499997,17.7807693,0.0325446464,0,zr,179.8797505,-20.446143500000002,0.838999987,-0.0340000018,20200305424606,319,0x2,0x4,20.2600002,25.8349056,0.0299473237,0.091738604,1.25823381e-05,30,1.71399999,1
319202400005751,118735907,2458941.8646986419,58941.359074100001,17.8225288,0.0334820002,0,zr,179.87974980000001,-20.446142500000001,0.72299999,-0.0439999998,20200402359074,319,0x2,0x4,20.2700005,26.1215477,0.0278515909,0.0949628651,1.08822087e-05,30,1.77999997,1
319202400005751,120226431,2458956.7696792609,58956.264317100002,17.8160248,0.0333336666,0,zr,179.87975019999999,-20.446165499999999,0.887000024,-0.0460000001,20200417264317,319,0x2,0x4,21.0599995,26.145359,0.0231114719,0.0871801898,7.71081613e-06,30,1.579,1
319202400005751,121218888,2458966.6938879429,58966.188888899997,17.8398266,0.0338807628,32768,zr,179.8797246,-20.446150899999999,0.456,-0.0130000003,20200427188889,319,0x2,0x4,20.1299992,25.5437908,0.173173025,0.109035298,0.00043148431,30,1.61000001,1
319202400005751,121818871,2458972.693427064,58972.188715299999,17.8176327,0.0333702564,0,zr,179.87975109999999,-20.446174899999999,0.957000017,-0.0469999984,20200503188229,319,0x2,0x4,20.2800007,26.1448975,0.0304939132,0.103360578,1.28100373e-05,30,1.579,1
319202400005751,122114873,2458975.6532909297,58975.148738399999,17.7929344,0.0328140333,0,zr,179.87976739999999,-20.446157899999999,0.697000027,0.0469999984,20200506148727,319,0x2,0x4,19.9200001,26.1479683,0.0345536023,0.101087429,1.66791287e-05,30,1.66199994,1
319202400005751,122723165,2458981.7358464133,58981.231655099997,17.8035088,0.0330506675,0,zr,179.8797472,-20.446145099999999,0.416999996,-0.0309999995,20200512231655,319,0x2,0x4,20.8600006,26.1438293,0.023696173,0.0909103304,7.94720745e-06,30,1.67799997,1
319202400005751,123315625,2458987.6600484373,58987.15625,17.8358345,0.0337882005,0,zr,179.8797596,-20.446162399999999,0.744000018,-0.0379999988,20200518156250,319,0x2,0x4,20.9400005,26.1656094,0.0224537291,0.0987048224,7.17012244e-06,30,1.57099998,1
319202400005751,124223135,2458996.7344814031,58996.231354199997,17.7715778,0.0323430374,0,zr,179.87974980000001,-20.446159300000001,0.824000001,0.00999999978,20200527231354,319,0x2,0x4,20.8299999,26.0919991,0.023335753,0.0999648273,7.78543199e-06,30,1.972,1
319202400005751,124516908,2458999.6719799242,58999.169085599999,17.8246918,0.0335315131,0,zr,179.87975729999999,-20.446189199999999,0.690999985,-0.0410000011,20200530169074,319,0x2,0x4,20.1700001,26.1519547,0.0286986213,0.0964674428,1.15572793e-05,30,1.62699997,1
319202400005751,125123246,2459005.7348586819,59005.232465300003,17.7709236,0.0323287509,0,zr,179.87975399999999,-20.4461488,1.16199994,0.023,20200605232465,319,0x2,0x4,19.6599998,26.0925865,0.036777284,0.101264372,2.01347102e-05,30,2.33500004,1
319202400005772,108251916,2458837.0182873574,58836.519166700004,18.6476135,0.0610574558,0,zr,179.85824600000001,-20.4480222,0.796000004,0.0590000004,20191219519028,319,0x2,0x4,20.4200001,26.1503677,0.0262956098,0.100702554,9.94296624e-06,30,1.70299995,1
319202400005772,109648225,2458850.9827067819,58850.482256900003,18.801712,0.0686095208,0,zr,179.85826059999999,-20.447912899999999,0.765999973,0.0670000017,20200102482222,319,0x2,0x4,20.2299995,26.1752548,0.0285030752,0.0887663141,1.16271322e-05,30,1.69700003,1
319202400005772,111950372,2458874.0062937783,58873.503726900002,18.7383862,0.0653972924,32768,zr,179.8581916,-20.447983099999998,0.566999972,0.0579999983,20200125503727,319,0x2,0x4,19.9699993,25.669838,0.0426679067,0.0862200558,2.60477827e-05,30,1.60099995,1
319202400005772,112235313,2458876.8559450181,58876.353136600002,18.7243042,0.0647038519,0,zr,179.85819520000001,-20.4480234,0.663999975,0.103,20200128353137,319,0x2,0x4,20.8899994,26.0873375,0.0277728233,0.096108593,1.08747154e-05,30,2.25999999,1
319202400005772,112633589,2458880.8390259566,58880.335891199997,18.5516262,0.0567931682,0,zr,179.8582705,-20.448044299999999,0.611999989,0.00999999978,20200201335613,319,0x2,0x4,20.0100002,26.07374,0.0353303999,0.104257002,1.74807556e-05,30,2.37400007,1
319202400005772,113148415,2458885.9876898741,58885.484155099999,18.4726334,0.0535221286,0,zr,179.85820140000001,-20.4479547,0.568000019,0.0260000005,20200206484155,319,0x2,0x4,19.5699997,26.175415,0.0421448089,0.0929085165,2.7008291e-05,30,1.63999999,1
319202400005772,113831222,2458892.816244551,58892.312222200002,18.5358086,0.0561213046,0,zr,179.85798990000001,-20.448172700000001,0.748000026,0.460999995,20200213312188,319,0x2,0x4,18.7600002,26.0411797,0.0482864343,0.132367611,6.43045787e-05,30,2.21499991,1
319202400005772,114141894,2458895.9231733214,58895.418946799997,18.7235184,0.064665392,0,zr,179.85824170000001,-20.448042399999999,1.10699999,0.0250000004,20200216418935,319,0x2,0x4,20.6599998,26.1657295,0.0247095618,0.0936668143,8.53818801e-06,30,1.56900001,1
319202400005772,115942460,2458913.9297634447,58913.424606499997,18.6408825,0.0607477576,0,zr,179.85829029999999,-20.448039099999999,1.37699997,0.0469999984,20200305424606,319,0x2,0x4,20.2600002,25.8349056,0.0299473237,0.091738604,1.25823381e-05,30,1.71399999,1
319202400005772,118735907,2458941.8646981781,58941.359074100001,18.7224884,0.0646149963,0,zr,179.85829939999999,-20.447987099999999,0.656000018,-0.0370000005,20200402359074,319,0x2,0x4,20.2700005,26.1215477,0.0278515909,0.0949628651,1.08822087e-05,30,1.77999997,1
319202400005772,120226431,2458956.7696783682,58956.264317100002,18.7927761,0.0681468174,0,zr,179.85822110000001,-20.448021900000001,0.930999994,0.0480000004,20200417264317,319,0x2,0x4,21.0599995,26.145359,0.0231114719,0.0871801898,7.71081613e-06,30,1.579,1
319202400005772,121218888,2458966.6938867946,58966.188888899997,18.9147034,0.0747342408,32768,zr,179.85817249999999,-20.448044299999999,0.623000026,0.00100000005,20200427188889,319,0x2,0x4,20.1299992,25.5437908,0.173173025,0.109035298,0.00043148431,30,1.61000001,1
319202400005772,121818871,2458972.6934257816,58972.188715299999,18.6260281,0.0600700155,0,zr,179.85826130000001,-20.448067900000002,0.272000015,-0.0179999992,20200503188229,319,0x2,0x4,20.2800007,26.1448975,0.0304939132,0.103360578,1.28100373e-05,30,1.579,1
319202400005772,122114873,2458975.6532895807,58975.148738399999,18.7452488,0.0657379702,0,zr,179.85822529999999,-20.4480556,0.531000018,0.0450000018,20200506148727,319,0x2,0x4,19.9200001,26.1479683,0.0345536023,0.101087429,1.66791287e-05,30,1.66199994,1
319202400005772,122723165,2458981.7358449479,58981.231655099997,18.732357,0.0650994629,0,zr,179.8582433,-20.448031799999999,0.99000001,-0.0270000007,20200512231655,319,0x2,0x4,20.8600006,26.1438293,0.023696173,0.0909103304,7.94720745e-06,30,1.67799997,1
319202400005772,123315625,2458987.6600468704,58987.15625,18.7292786,0.0649479553,0,zr,179.8582457,-20.448051400000001,0.354000002,-0.00800000038,20200518156250,319,0x2,0x4,20.9400005,26.1656094,0.0224537291,0.0987048224,7.17012244e-06,30,1.57099998,1
319202400005772,124223135,2458996.7344797123,58996.231354199997,18.7572002,0.0663354918,0,zr,179.85823980000001,-20.4480398,0.782999992,-0.0799999982,20200527231354,319,0x2,0x4,20.8299999,26.0919991,0.023335753,0.0999648273,7.78543199e-06,30,1.972,1
319202400005772,124516908,2458999.6719782031,58999.169085599999,18.7510166,0.0660256445,0,zr,179.8582653,-20.4480635,1.20700002,0.0399999991,20200530169074,319,0x2,0x4,20.1700001,26.1519547,0.0286986213,0.0964674428,1.15572793e-05,30,1.62699997,1
319202400005772,125123246,2459005.7348569077,59005.232465300003,18.7579803,0.0663747266,0,zr,179.8582462,-20.448028699999998,0.216999993,-0.00400000019,20200605232465,319,0x2,0x4,19.6599998,26.0925865,0.036777284,0.101264372,2.01347102e-05,30,2.33500004,1
319202400013883,108251916,2458837.0182887805,58836.519166700004,19.6589012,0.128592089,0,zr,179.8465569,-20.435875899999999,0.697000027,-0.0410000011,20191219519028,319,0x2,0x4,20.4200001,26.1503677,0.0262956098,0.100702554,9.94296624e-06,30,1.70299995,1
319202400013883,109648225,2458850.9827082851,58850.482256900003,19.7018738,0.132384911,0,zr,179.8465084,-20.435806199999998,0.824000001,-0.0960000008,20200102482222,319,0x2,0x4,20.2299995,26.1752548,0.0285030752,0.0887663141,1.16271322e-05,30,1.69700003,1
319202400013883,111950372,2458874.0062951921,58873.503726900002,19.4465446,0.110836945,32768,zr,179.84666870000001,-20.435887000000001,0.764999986,-0.25,20200125503727,319,0x2,0x4,19.9699993,25.669838,0.0426679067,0.0862200558,2.60477827e-05,30,1.60099995,1
319202400013883,115942460,2458913.9297642293,58913.424606499997,19.5757885,0.121437162,0,zr,179.8465636,-20.435896400000001,1.41299999,-0.25999999,20200305424606,319,0x2,0x4,20.2600002,25.8349056,0.0299473237,0.091738604,1.25823381e-05,30,1.71399999,1
319202400013883,118735907,2458941.8646982657,58941.359074100001,19.7314034,0.135024861,0,zr,179.8465673,-20.435837299999999,0.474000007,-0.0829999968,20200402359074,319,0x2,0x4,20.2700005,26.1215477,0.0278515909,0.0949628651,1.08822087e-05,30,1.77999997,1
319202400013883,120226431,2458956.7696780693,58956.264317100002,19.7899227,0.140329406,0,zr,179.8465874,-20.4358629,0.744000018,0.057,20200417264317,319,0x2,0x4,21.0599995,26.145359,0.0231114719,0.0871801898,7.71081613e-06,30,1.579,1
319202400013883,121218888,2458966.6938862428,58966.188888899997,19.4245739,0.109102994,32768,zr,179.84648079999999,-20.4358529,0.89200002,-0.0719999969,20200427188889,319,0x2,0x4,20.1299992,25.5437908,0.173173025,0.109035298,0.00043148431,30,1.61000001,1
319202400013883,121818871,2458972.6934250868,58972.188715299999,19.6108208,0.124422558,0,zr,179.84659619999999,-20.435874699999999,0.368000001,0.0790000036,20200503188229,319,0x2,0x4,20.2800007,26.1448975,0.0304939132,0.103360578,1.28100373e-05,30,1.579,1
319202400013883,122114873,2458975.6532888236,58975.148738399999,19.5048733,0.115537778,0,zr,179.8466564,-20.435786499999999,0.764999986,0.122000001,20200506148727,319,0x2,0x4,19.9200001,26.1479683,0.0345536023,0.101087429,1.66791287e-05,30,1.66199994,1
319202400013883,122723165,2458981.7358440505,58981.231655099997,19.6735039,0.129874125,0,zr,179.84659740000001,-20.4357662,0.526000023,-0.0160000008,20200512231655,319,0x2,0x4,20.8600006,26.1438293,0.023696173,0.0909103304,7.94720745e-06,30,1.67799997,1
319202400013883,123315625,2458987.660045851,58987.15625,19.7013969,0.132342517,0,zr,179.84659540000001,-20.435856600000001,0.773999989,0.133000001,20200518156250,319,0x2,0x4,20.9400005,26.1656094,0.0224537291,0.0987048224,7.17012244e-06,30,1.57099998,1
319202400013883,124223135,2458996.7344785272,58996.231354199997,19.6824074,0.130659327,0,zr,179.8466038,-20.435830599999999,0.796000004,0.100000001,20200527231354,319,0x2,0x4,20.8299999,26.0919991,0.023335753,0.0999648273,7.78543199e-06,30,1.972,1
319202400013917,108251916,2458837.0182870091,58836.519166700004,19.7984352,0.141108245,0,zr,179.86574920000001,-20.439757499999999,0.726999998,0.133000001,20191219519028,319,0x2,0x4,20.4200001,26.1503677,0.0262956098,0.100702554,9.94296624e-06,30,1.70299995,1
319202400013917,109648225,2458850.98270649,58850.482256900003,19.7284317,0.134757996,0,zr,179.86592880000001,-20.439820600000001,0.998000026,-0.0729999989,20200102482222,319,0x2,0x4,20.2299995,26.1752548,0.0285030752,0.0887663141,1.16271322e-05,30,1.69700003,1
319202400013917,112235313,2458876.8559449287,58876.353136600002,19.8689423,0.147619784,0,zr,179.86571939999999,-20.4397427,1.66199994,-0.312999994,20200128353137,319,0x2,0x4,20.8899994,26.0873375,0.0277728233,0.096108593,1.08747154e-05,30,2.25999999,1
319202400013917,114141894,2458895.923173374,58895.418946799997,19.9021435,0.150716037,0,zr,179.86583329999999,-20.439833100000001,1.12300003,-0.119999997,20200216418935,319,0x2,0x4,20.6599998,26.1657295,0.0247095618,0.0936668143,8.53818801e-06,30,1.56900001,1
319202400013917,115942460,2458913.9297636352,58913.424606499997,19.7374954,0.135572657,0,zr,179.86587349999999,-20.4398081,0.5,-0.130999997,20200305424606,319,0x2,0x4,20.2600002,25.8349056,0.0299473237,0.091738604,1.25823381e-05,30,1.71399999,1
319202400013917,118735907,2458941.8646985344,58941.359074100001,20.1931496,0.177781507,0,zr,179.86573910000001,-20.439833,0.815999985,0.104000002,20200402359074,319,0x2,0x4,20.2700005,26.1215477,0.0278515909,0.0949628651,1.08822087e-05,30,1.77999997,1
319202400013917,120226431,2458956.7696787869,58956.264317100002,19.8975449,0.150286362,0,zr,179.86574569999999,-20.439762300000002,0.726000011,-0.00300000003,20200417264317,319,0x2,0x4,21.0599995,26.145359,0.0231114719,0.0871801898,7.71081613e-06,30,1.579,1
319202400013917,121218888,2458966.6938872407,58966.188888899997,19.6543427,0.128193334,32768,zr,179.86577869999999,-20.439827300000001,0.653999984,-0.0379999988,20200427188889,319,0x2,0x4,20.1299992,25.5437908,0.173173025,0.109035298,0.00043148431,30,1.61000001,1
319202400013917,121818871,2458972.6934262305,58972.188715299999,19.7395401,0.13575685,0,zr,179.86576719999999,-20.439806300000001,1.12100005,0.25999999,20200503188229,319,0x2,0x4,20.2800007,26.1448975,0.0304939132,0.103360578,1.28100373e-05,30,1.579,1
319202400013917,122723165,2458981.7358453968,58981.231655099997,19.7840958,0.139797196,0,zr,179.8657034,-20.439731599999998,0.456,-0.0930000022,20200512231655,319,0x2,0x4,20.8600006,26.1438293,0.023696173,0.0909103304,7.94720745e-06,30,1.67799997,1
319202400013917,124223135,2458996.7344801486,58996.231354199997,19.8020515,0.141439736,0,zr,179.86577,-20.4397649,1.37,-0.349999994,20200527231354,319,0x2,0x4,20.8299999,26.0919991,0.023335753,0.0999648273,7.78543199e-06,30,1.972,1
319202400013917,124516908,2458999.671978625,58999.169085599999,19.9685173,0.156940937,0,zr,179.86569180000001,-20.4398327,1.01699996,-0.291999996,20200530169074,319,0x2,0x4,20.1700001,26.1519547,0.0286986213,0.0964674428,1.15572793e-05,30,1.62699997,1
319202400013967,108251916,2458837.0182869146,58836.519166700004,15.6535358,0.0129636638,0,zr,179.8640255,-20.446611699999998,5.49499989,0.449999988,20191219519028,319,0x2,0x4,20.4200001,26.1503677,0.0262956098,0.100702554,9.94296624e-06,30,1.70299995,1
319202400013967,109648225,2458850.9827063573,58850.482256900003,15.5159082,0.0126981577,0,zr,179.86402150000001,-20.4466067,4.23000002,0.0149999997,20200102482222,319,0x2,0x4,20.2299995,26.1752548,0.0285030752,0.0887663141,1.16271322e-05,30,1.69700003,1
319202400013967,111950372,2458874.0062934398,58873.503726900002,15.6761484,0.0130128702,32768,zr,179.86401739999999,-20.446595599999998,5.08400011,0.194999993,20200125503727,319,0x2,0x4,19.9699993,25.669838,0.0426679067,0.0862200558,2.60477827e-05,30,1.60099995,1
319202400013967,112235313,2458876.8559447015,58876.353136600002,15.6791039,0.013019423,0,zr,179.8639589,-20.446585800000001,5.32499981,0.467999995,20200128353137,319,0x2,0x4,20.8899994,26.0873375,0.0277728233,0.096108593,1.08747154e-05,30,2.25999999,1
319202400013967,112633589,2458880.8390256595,58880.335891199997,15.446105,0.0125843138,0,zr,179.8640584,-20.446633200000001,4.61499977,0.00499999989,20200201335613,319,0x2,0x4,20.0100002,26.07374,0.0353303999,0.104257002,1.74807556e-05,30,2.37400007,1
319202400013967,113148415,2458885.9876896031,58885.484155099999,15.4700165,0.0126218218,0,zr,179.8640254,-20.4466061,3.91400003,0.0309999995,20200206484155,319,0x2,0x4,19.5699997,26.175415,0.0421448089,0.0929085165,2.7008291e-05,30,1.63999999,1
319202400013967,113831222,2458892.8162443228,58892.312222200002,15.3764915,0.0124836061,0,zr,179.86405640000001,-20.446624799999999,2.296,-0.0270000007,20200213312188,319,0x2,0x4,18.7600002,26.0411797,0.0482864343,0.132367611,6.43045787e-05,30,2.21499991,1
319202400013967,114141894,2458895.9231731221,58895.418946799997,15.5954895,0.0128447395,0,zr,179.86404719999999,-20.446602299999999,6.01100016,0.512000024,20200216418935,319,0x2,0x4,20.6599998,26.1657295,0.0247095618,0.0936668143,8.53818801e-06,30,1.56900001,1
319202400013967,115942460,2458913.9297633814,58913.424606499997,15.705617,0.013079497,0,zr,179.86396540000001,-20.446630200000001,5.66599989,0.481000006,20200305424606,319,0x2,0x4,20.2600002,25.8349056,0.0299473237,0.091738604,1.25823381e-05,30,1.71399999,1
319202400013967,118735907,2458941.8646983234,58941.359074100001,15.6034851,0.0128605012,0,zr,179.86395379999999,-20.446612200000001,5.61999989,0.172999993,20200402359074,319,0x2,0x4,20.2700005,26.1215477,0.0278515909,0.0949628651,1.08822087e-05,30,1.77999997,1
319202400013967,120226431,2458956.7696786216,58956.264317100002,15.6776085,0.0130161,0,zr,179.86401040000001,-20.446584099999999,4.79699993,0.451999992,20200417264317,319,0x2,0x4,21.0599995,26.145359,0.0231114719,0.0871801898,7.71081613e-06,30,1.579,1
319202400013967,121218888,2458966.6938871113,58966.188888899997,15.7632627,0.0132182902,32768,zr,179.86402430000001,-20.4466292,5.23600006,0.519999981,20200427188889,319,0x2,0x4,20.1299992,25.5437908,0.173173025,0.109035298,0.00043148431,30,1.61000001,1
319202400013967,121818871,2458972.6934261234,58972.188715299999,15.6408882,0.0129368529,0,zr,179.8639838,-20.446622999999999,5.91699982,0.643000007,20200503188229,319,0x2,0x4,20.2800007,26.1448975,0.0304939132,0.103360578,1.28100373e-05,30,1.579,1
319202400013967,122114873,2458975.653289936,58975.148738399999,15.7029371,0.0130733196,0,zr,179.86393820000001,-20.446559300000001,5.26800013,0.423999995,20200506148727,319,0x2,0x4,19.9200001,26.1479683,0.0345536023,0.101087429,1.66791287e-05,30,1.66199994,1
319202400013967,122723165,2458981.7358453311,58981.231655099997,15.6293049,0.0129127428,0,zr,179.86397120000001,-20.4465982,5.52400017,0.48300001,20200512231655,319,0x2,0x4,20.8600006,26.1438293,0.023696173,0.0909103304,7.94720745e-06,30,1.67799997,1
319202400013967,123315625,2458987.660047275,58987.15625,15.6300631,0.0129143093,0,zr,179.86397059999999,-20.446612099999999,5.33699989,0.538999975,20200518156250,319,0x2,0x4,20.9400005,26.1656094,0.0224537291,0.0987048224,7.17012244e-06,30,1.57099998,1
319202400013967,124223135,2458996.7344801491,58996.231354199997,15.7169895,0.0131059811,0,zr,179.86403319999999,-20.446615999999999,5.23199987,0.469999999,20200527231354,319,0x2,0x4,20.8299999,26.0919991,0.023335753,0.0999648273,7.78543199e-06,30,1.972,1
319202400013967,124516908,2458999.6719786464,58999.169085599999,15.6009054,0.0128553938,0,zr,179.86406260000001,-20.4466416,4.87400007,0.216000006,20200530169074,319,0x2,0x4,20.1700001,26.1519547,0.0286986213,0.0964674428,1.15572793e-05,30,1.62699997,1
319202400013967,125123246,2459005.7348573576,59005.232465300003,15.6947451,0.0130545814,0,zr,179.86399610000001,-20.446641799999998,4.88000011,0.479999989,20200605232465,319,0x2,0x4,19.6599998,26.0925865,0.036777284,0.101264372,2.01347102e-05,30,2.33500004,1
319202400020283,112235313,2458876.8559451443,58876.353136600002,20.4520798,0.198586851,0,zr,179.86537999999999,-20.4359267,0.787999988,-0.129999995,20200128353137,319,0x2,0x4,20.8899994,26.0873375,0.0277728233,0.096108593,1.08747154e-05,30,2.25999999,1
319202400020283,114141894,2458895.9231735785,58895.418946799997,20.2552986,0.183264613,0,zr,179.8654544,-20.436045499999999,0.913999975,0.31400001,20200216418935,319,0x2,0x4,20.6599998,26.1657295,0.0247095618,0.0936668143,8.53818801e-06,30,1.56900001,1
319202400020283,120226431,2458956.7696788292,58956.264317100002,20.4337234,0.197340295,0,zr,179.86546970000001,-20.4359319,0.758000016,-0.00700000022,20200417264317,319,0x2,0x4,21.0599995,26.145359,0.0231114719,0.0871801898,7.71081613e-06,30,1.579,1
319202400020283,122723165,2458981.7358453628,58981.231655099997,20.191267,0.177612305,0,zr,179.86562989999999,-20.435991600000001,0.36500001,0.0430000015,20200512231655,319,0x2,0x4,20.8600006,26.1438293,0.023696173,0.0909103304,7.94720745e-06,30,1.67799997,1
319202400020283,123315625,2458987.6600472569,58987.15625,20.2169495,0.17990537,0,zr,179.86558450000001,-20.435919999999999,0.63499999,0.00899999961,20200518156250,319,0x2,0x4,20.9400005,26.1656094,0.0224537291,0.0987048224,7.17012244e-06,30,1.57099998,1
319202400020303,124223135,2458996.7344810441,58996.231354199997,20.3853035,0.193840921,0,zr,179.87681090000001,-20.440160899999999,1.23699999,-0.0120000001,20200527231354,319,0x2,0x4,20.8299999,26.0919991,0.023335753,0.0999648273,7.78543199e-06,30,1.972,1
319202400020353,115942460,2458913.9297635662,58913.424606499997,20.0814571,0.167533264,0,zr,179.85586420000001,-20.446471299999999,0.463999987,-0.158000007,20200305424606,319,0x2,0x4,20.2600002,25.8349056,0.0299473237,0.091738604,1.25823381e-05,30,1.71399999,1
319202400020353,124223135,2458996.7344794613,58996.231354199997,20.7467518,0.222722054,0,zr,179.8556533,-20.445937900000001,0.503000021,-0.0970000029,20200527231354,319,0x2,0x4,20.8299999,26.0919991,0.023335753,0.0999648273,7.78543199e-06,30,1.972,1
319202400035306,121218888,2458966.6938874098,58966.188888899997,19.9759903,0.157643288,32768,zr,179.869901,-20.448847099999998,1.16600001,-0.328000009,20200427188889,319,0x2,0x4,20.1299992,25.5437908,0.173173025,0.109035298,0.00043148431,30,1.61000001,1
319202400036884,113148415,2458885.9876892786,58885.484155099999,18.5715103,0.0576499365,0,zr,179.86919359999999,-20.447070400000001,0.507000029,0.0130000003,20200206484155,319,0x2,0x4,19.5699997,26.175415,0.0421448089,0.0929085165,2.7008291e-05,30,1.63999999,1
319202400036884,121218888,2458966.6938874046,58966.188888899997,19.5900784,0.122649401,32768,zr,179.86961489999999,-20.446959100000001,0.606000006,-0.0579999983,20200427188889,319,0x2,0x4,20.1299992,25.5437908,0.173173025,0.109035298,0.00043148431,30,1.61000001,1
319202400037288,120226431,2458956.7696783198,58956.264317100002,21.1398258,0.256462574,0,zr,179.85900549999999,-20.4537455,0.512000024,-0.234999999,20200417264317,319,0x2,0x4,21.0599995,26.145359,0.0231114719,0.0871801898,7.71081613e-06,30,1.579,1
319202400037288,122723165,2458981.7358450633,58981.231655099997,21.1444721,0.256861448,0,zr,179.8593138,-20.453438299999998,0.630999982,0.0520000011,20200512231655,319,0x2,0x4,20.8600006,26.1438293,0.023696173,0.0909103304,7.94720745e-06,30,1.67799997,1
319202400037525,115942460,2458913.9297635476,58913.424606499997,19.8114166,0.142299429,0,zr,179.85890000000001,-20.445361900000002,0.852999985,0.103,20200305424606,319,0x2,0x4,20.2600002,25.8349056,0.0299473237,0.091738604,1.25823381e-05,30,1.71399999,1
319202400037810,124223135,2458996.7344804034,58996.231354199997,21.224102,0.263696671,0,zr,179.86488850000001,-20.455694600000001,0.358999997,-0.211999997,20200527231354,319,0x2,0x4,20.8299999,26.0919991,0.023335753,0.0999648273,7.78543199e-06,30,1.972,1
319202400038352,112235313,2458876.8559445478,58876.353136600002,17.5712585,0.0283465013,0,zr,179.86589749999999,-20.447044000000002,7.2750001,0.773000002,20200128353137,319,0x2,0x4,20.8899994,26.0873375,0.0277728233,0.096108593,1.08747154e-05,30,2.25999999,1
319202400038352,124223135,2458996.7344802767,58996.231354199997,17.3744011,0.0250832625,0,zr,179.8655771,-20.446791600000001,6.27199984,0.708000004,20200527231354,319,0x2,0x4,20.8299999,26.0919991,0.023335753,0.0999648273,7.78543199e-06,30,1.972,1
