atlas-91bg,2022ubt,ATLAS2022ubt,289.11996,41.88929000000001,0.052,0.05125770479113129,59835.0
++++++++++++++++++++++++++++++++++++++++++++++++++++++++++++++++
mu,-124.0,-124.0
hostMass,nan,nan
++++++++++++++++++++++++++++++++++++++++++++++++++++++++++++++++
++++++++++++++++++++++++++++++++++++++++++++++++++++++++++++++++
zp,23.89730715030114,23.90120737138484,23.90969729260564,23.905500429404796,23.89847501661228,23.897698215154705,23.90420737138484,23.895079299327442,23.89630715030114,23.896475016612282,23.8952365067262,23.9072365067262
filter,o,o,o,o,o,o,o,o,o,o,o,o
mjd,59834.434117,59834.437303,59834.484031,59834.488716,59835.362836,59835.36607,59835.383866,59835.391322,59836.284413,59836.296898,59836.29967,59836.305245
flux,73.0,93.0,34.0,102.0,89.0,84.0,93.0,74.0,73.0,89.0,78.0,78.0
dflux,22.0,23.0,31.0,30.0,16.0,14.0,15.0,17.0,9.0,12.0,10.0,13.0
mag,19.239,18.98,20.081,18.884,19.025,19.087,18.983,19.222,19.238,19.023,19.165,19.177
dmag,0.296,0.245,0.933,0.297,0.186,0.173,0.161,0.228,0.121,0.14,0.13,0.169
