atlas-91bg,2024ulb,ATLAS2024ulb,20.954020000000003,-15.71025,0.044,0.043553779775936274,60554.0
++++++++++++++++++++++++++++++++++++++++++++++++++++++++++++++++
t0,60526.478049703466,2.1730892183804826
x0,0.0012795813555798849,0.00042935380910923604
x1,4.999982158274983,1.5453392491039109
c,-0.46015987231617866,0.3188820960323197
mu,39.363603931029786,1.0448134186963256
hostMass,10.391931352206855,0.0015856580709945748
++++++++++++++++++++++++++++++++++++++++++++++++++++++++++++++++
4.728313319781435,-0.0008515294253601028,9.874062225504441e-07,0.6364091211951054
-0.0008515294253601028,1.843446933966103e-07,-1.2321204820781057e-09,-0.00013592047684635338
9.874062225504441e-07,-1.2321204820781057e-09,0.00011648780686221868,4.954816235971717e-07
0.6364091211951054,-0.00013592047684635338,4.954816235971717e-07,0.10168579116996557
++++++++++++++++++++++++++++++++++++++++++++++++++++++++++++++++
zp,23.89550042940479,23.89472496747986,23.905994994747388,23.894170110875688,23.902906230238127,23.900331241078174,23.885574989159952,23.900050005772236,23.906378125959108,23.896509302389894,23.895,23.895687139181227
filter,o,o,o,o,o,o,o,o,c,c,c,c
mjd,60553.549052,60553.551935,60553.558369,60553.583175,60554.277021,60554.278824,60554.281979,60554.287387,60554.998738,60555.000542,60555.025077,60555.028303
flux,102.0,80.0,29.0,35.0,144.0,72.0,20.0,178.0,60.0,127.0,100.0,57.0
dflux,15.0,14.0,12.0,10.0,14.0,12.0,12.0,13.0,10.0,10.0,9.0,9.0
mag,18.874,19.137,20.25,20.034,18.507,19.257,20.633,18.274,19.461,18.637,18.895,19.506
dmag,0.146,0.18,0.422,0.293,0.098,0.16,0.573,0.073,0.168,0.076,0.086,0.159
