MJD,m,dm,uJy,duJy,F,err,chi/N,RA,Dec,x,y,maj,min,phi,apfit,mag5sig,Sky,Obs
57946.628929,18.817,0.548,108,59,o,0,1.13,16.88776,32.40824,9033.19,4466.05,2.39,2.27,68.7,-0.456,17.77,17.86,02a57946o0709o
57948.611616,18.204,0.609,190,116,o,0,1.11,16.88776,32.40824,2297.31,4063.46,3.19,2.79,-88.9,-0.468,17.01,17.37,01a57948o0685o
57948.621454,-19.967,0.793,-37,30,o,0,1.16,16.88776,32.40824,2286.36,3991.89,3.16,2.7,84.4,-0.458,18.49,19.23,01a57948o0702o
57950.607227,-22.297,3.049,-4,13,o,0,1.27,16.88776,32.40824,7742.41,4887.38,2.34,2.25,-44.5,-0.449,19.28,20.07,02a57950o0324o
57952.609905,-19.46,0.51,-60,30,o,0,1.18,16.88776,32.40824,2581.49,4453.51,2.91,2.78,-86.7,-0.466,18.31,19.27,01a57952o0684o
57952.620338,-20.538,1.219,-22,27,o,0,1.42,16.88776,32.40824,2575.94,4378.45,3.01,2.84,-89.4,-0.456,18.09,19.4,01a57952o0701o
57952.630739,-18.392,0.799,-160,128,o,0,0.71,16.88776,32.40824,2634.14,4416.19,2.98,2.86,-75.3,-0.482,17.47,17.68,01a57952o0718o
57956.601554,-20.529,0.646,-22,14,o,0,0.93,16.88776,32.40824,2260.95,4897.31,3.85,3.35,-89.0,-0.411,19.26,21.28,01a57956o0672o
57956.611837,-20.869,0.808,-16,13,o,0,1.13,16.88776,32.40824,2238.76,4821.7,3.57,2.96,-89.1,-0.424,19.32,21.19,01a57956o0689o
57956.622021,-20.382,0.737,-26,19,o,0,1.06,16.88776,32.40824,2314.21,4861.31,3.86,3.25,88.6,-0.438,18.96,20.44,01a57956o0706o
57956.632785,-18.567,0.647,-136,88,o,0,1.11,16.88776,32.40824,2337.44,4700.96,4.17,3.85,-87.5,-0.411,17.28,17.83,01a57956o0723o
57958.60701,-21.535,1.0,-9,9,o,0,1.21,16.88776,32.40824,9330.04,5237.5,2.06,1.98,77.4,-0.481,19.82,21.18,02a57958o0325o
57958.619431,-20.837,0.571,-17,10,o,0,1.15,16.88776,32.40824,9349.85,5280.33,2.08,2.02,-65.5,-0.476,19.68,20.86,02a57958o0342o
57958.631435,22.906,13.423,2,34,o,0,1.15,16.88776,32.40824,9303.87,5203.42,2.1,1.98,-65.7,-0.506,18.38,18.54,02a57958o0359o
57964.58985,-24.25,17.0,-1,12,o,0,1.3,16.88776,32.40824,971.89,5064.6,3.06,2.63,88.2,-0.48,19.46,21.18,01a57964o0674o
57964.599954,-20.582,0.562,-21,12,o,0,1.02,16.88776,32.40824,964.07,4988.1,3.0,2.58,-89.7,-0.518,19.5,21.26,01a57964o0691o
57964.609554,-22.777,4.375,-3,12,o,0,1.04,16.88776,32.40824,1036.57,5027.11,3.01,2.6,-82.3,-0.479,19.48,21.25,01a57964o0708o
57964.619486,-19.965,0.338,-38,13,o,0,1.07,16.88776,32.40824,1057.43,4872.14,3.1,2.67,-84.6,-0.469,19.38,21.02,01a57964o0725o
57966.601766,-21.245,0.646,-12,8,o,0,1.29,16.88776,32.40824,185.01,3689.97,1.98,1.85,19.7,-0.442,19.72,21.14,02a57966o0663o
57966.607005,-21.894,1.173,-6,7,o,0,1.39,16.88776,32.40824,626.11,6755.76,2.06,1.92,-10.4,-0.441,19.74,21.11,02a57966o0671o
57966.612269,-21.024,0.436,-14,6,o,0,1.53,16.88776,32.40824,167.12,3651.7,2.03,1.85,12.1,-0.46,19.73,21.19,02a57966o0680o
57966.61669,26.555,105.0,0,9,o,0,0.84,16.88776,32.40824,643.68,6797.9,2.1,1.93,-0.2,-0.445,19.77,21.1,02a57966o0688o
57966.623955,-21.762,1.209,-7,9,o,0,1.45,16.88776,32.40824,210.57,3720.0,1.94,1.85,5.8,-0.471,19.52,20.53,02a57966o0697o
57966.628473,21.557,1.66,9,14,o,0,1.69,16.88776,32.40824,579.99,6721.14,2.03,1.9,-5.6,-0.429,19.04,19.57,02a57966o0705o
57966.635008,-18.961,0.678,-94,64,o,0,0.71,16.88776,32.40824,241.76,3601.96,2.0,1.9,7.3,-0.495,17.81,17.82,02a57966o0714o
57968.583564,-20.727,0.608,-19,11,o,0,0.96,16.88776,32.40824,924.39,3998.85,3.2,2.67,86.3,-0.467,19.52,21.47,01a57968o0505o
57968.594056,0.0,21.141,0,13,o,0,0.8,16.88776,32.40824,911.35,3921.76,3.08,2.64,88.8,-0.478,19.55,21.53,01a57968o0522o
57968.604447,-19.972,0.536,-37,20,o,0,1.17,16.88776,32.40824,987.31,3957.99,3.07,2.64,-88.8,-0.473,18.97,20.84,01a57968o0539o
57968.613605,23.21,6.556,2,12,o,0,1.18,16.88776,32.40824,1004.26,3804.99,3.25,2.77,86.3,-0.454,19.42,21.4,01a57968o0556o
57971.587874,-20.638,0.731,-20,15,o,0,0.95,16.88776,32.40824,925.94,5905.62,2.08,1.94,5.8,-0.481,19.27,20.02,02a57971o0652o
57971.600207,-20.096,0.442,-33,15,o,0,1.04,16.88776,32.40824,9587.44,4575.06,2.18,2.09,-60.6,-0.463,19.21,19.95,02a57971o0669o
57971.61235,-20.565,0.6,-22,13,o,0,1.57,16.88776,32.40824,949.06,5937.48,2.05,1.92,5.7,-0.462,19.1,19.76,02a57971o0686o
57971.624158,-20.223,0.503,-30,15,o,0,0.93,16.88776,32.40824,963.43,5820.67,2.08,1.93,-3.5,-0.461,19.2,19.92,02a57971o0703o
57973.55408,-20.653,1.123,-20,22,o,0,1.23,16.88776,32.40824,4079.93,3981.8,2.71,2.63,-53.3,-0.477,18.75,19.55,01a57973o0607o
57973.562498,-19.981,0.701,-37,26,o,0,0.94,16.88776,32.40824,4072.57,3913.23,2.69,2.65,-54.7,-0.473,18.69,19.39,01a57973o0622o
57973.571428,-20.62,1.115,-20,23,o,0,1.25,16.88776,32.40824,4130.11,3957.25,2.74,2.68,-51.8,-0.473,18.71,19.46,01a57973o0637o
57973.580333,20.786,1.078,18,19,o,0,1.31,16.88776,32.40824,4153.23,3807.26,2.84,2.75,-72.6,-0.456,18.87,19.81,01a57973o0652o
57975.588785,-20.618,0.657,-20,14,o,0,1.29,16.88776,32.40824,637.91,4546.51,2.01,1.93,18.6,-0.466,19.11,19.72,02a57975o0635o
57975.59787,-23.536,11.0,-1,15,o,0,0.92,16.88776,32.40824,621.79,4509.8,2.11,1.96,29.2,-0.469,19.12,19.73,02a57975o0652o
57975.599549,20.532,0.633,22,14,o,0,1.54,16.88776,32.40824,10317.58,4561.01,2.07,2.05,45.5,-0.547,19.14,19.77,02a57975o0655o
57975.606868,-25.028,42.0,0,15,o,0,1.03,16.88776,32.40824,669.87,4584.86,2.0,1.88,25.3,-0.478,19.15,19.76,02a57975o0669o
57975.608564,-20.021,0.418,-36,15,o,0,1.31,16.88776,32.40824,10301.36,4522.89,2.17,2.11,71.6,-0.508,19.13,19.79,02a57975o0672o
57975.615989,-21.645,1.546,-8,12,o,0,0.8,16.88776,32.40824,684.29,4467.66,1.93,1.81,20.8,-0.488,19.17,19.8,02a57975o0686o
57975.618083,23.464,10.333,2,15,o,0,1.32,16.88776,32.40824,10364.92,4597.61,2.08,2.01,52.0,-0.521,19.19,19.84,02a57975o0689o
57975.629237,-19.927,0.495,-39,19,o,0,1.37,16.88776,32.40824,10378.81,4482.72,2.14,2.06,53.7,-0.507,18.96,19.39,02a57975o0706o
57977.568243,22.181,4.276,5,21,o,0,0.97,16.88776,32.40824,3467.11,6086.09,2.77,2.76,-80.9,-0.461,18.94,20.03,01a57977o0613o
57977.580065,-21.743,2.886,-7,21,o,0,0.98,16.88776,32.40824,3442.09,6002.6,2.76,2.74,-65.9,-0.455,18.95,20.06,01a57977o0634o
57977.591057,-20.956,1.295,-15,20,o,0,1.1,16.88776,32.40824,3514.22,6037.05,2.81,2.78,-40.4,-0.458,18.92,20.09,01a57977o0651o
57977.602334,-19.967,0.582,-37,22,o,0,0.87,16.88776,32.40824,6512.53,4402.91,3.4,2.83,-3.4,-0.424,18.86,20.03,01a57977o0668o
57979.581438,-23.398,8.333,-2,13,o,0,0.76,16.88776,32.40824,1427.48,5811.39,2.03,1.94,-9.4,-0.458,19.5,20.4,02a57979o0610o
57979.592544,-21.292,0.928,-11,10,o,0,1.57,16.88776,32.40824,1393.4,5772.65,2.0,1.92,-9.3,-0.474,19.51,20.39,02a57979o0631o
57979.600592,22.42,2.953,4,12,o,0,0.89,16.88776,32.40824,1458.15,5848.03,2.03,1.98,-9.2,-0.46,19.47,20.38,02a57979o0646o
57979.608562,-20.086,0.281,-34,9,o,0,1.17,16.88776,32.40824,1473.95,5731.05,2.04,1.92,-8.3,-0.453,19.48,20.36,02a57979o0661o
57981.560632,-19.88,0.301,-41,12,o,0,0.83,16.88776,32.40824,2859.78,5425.67,2.81,2.6,-81.8,-0.469,19.52,21.21,01a57981o0606o
57981.571364,-20.206,0.393,-30,12,o,0,0.97,16.88776,32.40824,7182.87,4929.65,2.98,2.76,-86.3,-0.453,19.52,21.26,01a57981o0626o
57981.578323,-21.14,0.833,-13,11,o,0,0.99,16.88776,32.40824,2900.73,5395.93,2.79,2.62,-81.7,-0.468,19.49,21.21,01a57981o0636o
57981.588194,-22.906,5.357,-2,13,o,0,0.75,16.88776,32.40824,7104.69,5037.58,2.96,2.79,-79.9,-0.444,19.49,21.14,01a57981o0651o
57983.57086,-20.396,0.253,-25,6,c,0,1.73,16.88776,32.40824,1261.52,4997.13,2.46,2.34,31.0,-0.438,19.89,21.85,02a57983o0616c
57983.582312,-21.025,0.517,-14,7,c,0,1.25,16.88776,32.40824,1247.86,4961.85,2.46,2.35,37.1,-0.446,19.87,21.84,02a57983o0637c
57983.583305,-21.244,0.677,-12,8,c,0,0.85,16.88776,32.40824,1297.19,5038.84,2.45,2.34,30.5,-0.444,19.88,21.84,02a57983o0639c
57983.595126,-20.388,0.269,-25,7,c,0,1.22,16.88776,32.40824,1314.41,4923.02,2.45,2.36,33.8,-0.439,19.84,21.83,02a57983o0661c
57985.561152,23.355,6.75,2,11,o,0,1.05,16.88776,32.40824,8011.04,6209.32,3.21,2.85,-88.3,-0.448,19.49,21.51,01a57985o0555o
57985.571779,-20.285,0.338,-28,9,o,0,1.43,16.88776,32.40824,7979.01,6213.03,3.2,2.72,-89.7,-0.442,19.53,21.57,01a57985o0574o
57985.572832,-20.46,0.504,-24,12,o,0,1.08,16.88776,32.40824,8028.07,6293.35,3.24,2.74,-86.4,-0.442,19.55,21.57,01a57985o0576o
57985.580886,-20.92,0.763,-16,12,o,0,0.93,16.88776,32.40824,7947.87,6364.84,3.17,2.71,-87.4,-0.449,19.56,21.52,01a57985o0590o
57987.542328,-26.154,60.0,0,8,c,0,1.02,16.88776,32.40824,868.98,5166.38,2.56,2.45,36.5,-0.427,19.85,21.85,02a57987o0425c
57987.551706,-23.039,3.0,-2,7,c,0,1.33,16.88776,32.40824,849.71,5125.75,2.43,2.31,30.4,-0.439,19.85,21.83,02a57987o0444c
57987.57162,-20.511,0.297,-23,7,c,0,1.05,16.88776,32.40824,914.45,5203.81,2.43,2.31,29.5,-0.444,19.62,21.54,02a57987o0481c
57987.572602,19.269,1.568,71,112,c,0,0.32,16.88776,32.40824,10528.36,5153.33,2.53,2.46,-80.7,-0.466,19.9,21.86,02a57987o0483c
57987.573092,-20.836,0.4,-17,7,c,0,1.17,16.88776,32.40824,931.52,5087.55,2.41,2.29,29.8,-0.445,19.87,21.88,02a57987o0484c
57989.540255,-19.998,0.322,-36,12,o,0,1.31,16.88776,32.40824,3968.03,5097.24,2.79,2.7,-75.9,-0.465,19.3,20.89,01a57989o0578o
57989.551181,-19.938,0.332,-38,13,o,0,1.16,16.88776,32.40824,6076.52,5259.49,2.87,2.84,-78.4,-0.446,19.25,20.83,01a57989o0597o
57989.570617,-20.733,0.709,-18,13,o,0,1.21,16.88776,32.40824,6009.42,5376.55,2.87,2.8,83.4,-0.439,19.17,20.77,01a57989o0633o
57989.571127,22.566,4.562,3,16,o,0,0.99,16.88776,32.40824,6024.99,5262.3,2.87,2.76,-85.1,-0.445,19.17,20.76,01a57989o0634o
57991.570158,-21.12,0.567,-13,7,c,0,1.19,16.88776,32.40824,2635.57,971.14,2.57,2.45,32.6,-0.419,19.78,21.79,02a57991o0505c
57991.580515,-21.089,0.471,-13,6,c,0,1.15,16.88776,32.40824,2615.23,929.13,2.43,2.32,65.4,-0.422,19.85,21.79,02a57991o0523c
57991.602788,-22.139,1.4,-5,7,c,0,1.3,16.88776,32.40824,2680.48,1005.87,2.46,2.3,75.2,-0.422,19.85,21.77,02a57991o0561c
57991.604318,-20.907,0.482,-16,8,c,0,0.94,16.88776,32.40824,2697.16,888.75,2.46,2.31,68.3,-0.425,19.83,21.78,02a57991o0564c
57993.546412,-21.154,0.949,-12,12,o,0,1.32,16.88776,32.40824,9279.14,2021.34,3.43,2.87,-87.0,-0.431,19.38,21.14,01a57993o0247o
57993.557001,-19.672,0.284,-49,14,o,0,0.93,16.88776,32.40824,9295.6,2104.09,3.37,2.84,-84.8,-0.431,19.37,21.04,01a57993o0267o
57993.559009,23.193,7.222,2,14,o,0,1.19,16.88776,32.40824,9245.99,2035.93,3.42,2.88,-85.3,-0.434,19.38,21.05,01a57993o0271o
57993.576524,-20.431,0.596,-24,15,o,0,1.13,16.88776,32.40824,9234.12,2222.86,3.47,3.03,-85.4,-0.422,19.32,20.99,01a57993o0305o
57995.56506,-18.85,1.618,-105,170,o,0,1.19,16.88776,32.40824,268.66,9955.41,2.21,1.94,29.2,-0.426,16.81,17.86,02a57995o0610o
57995.565565,-18.263,0.629,-180,113,o,0,0.78,16.88776,32.40824,1934.06,173.09,2.0,1.78,49.1,-0.534,17.36,18.45,02a57995o0611o
57995.566647,-19.606,0.792,-52,41,o,0,1.57,16.88776,32.40824,9698.65,9940.38,2.11,1.89,35.9,-0.499,17.86,18.96,02a57995o0613o
57995.575553,20.193,1.855,30,56,o,0,0.94,16.88776,32.40824,250.0,9912.94,2.31,1.95,20.2,-0.459,18.04,19.24,02a57995o0630o
57995.576058,19.498,1.011,58,58,o,0,0.79,16.88776,32.40824,1898.8,131.61,2.11,1.78,52.6,-0.492,17.39,18.49,02a57995o0631o
57995.576562,-21.351,10.4,-10,109,o,0,1.1,16.88776,32.40824,9679.1,9897.88,2.23,1.95,35.2,-0.482,17.49,18.68,02a57995o0632o
57995.577066,-18.124,1.037,-204,212,o,0,1.81,16.88776,32.40824,1965.73,210.05,2.06,1.76,52.5,-0.511,15.89,16.88,02a57995o0633o
57995.577572,19.143,3.436,80,275,o,0,1.5,16.88776,32.40824,299.04,9990.51,2.37,1.98,27.7,-0.505,16.41,17.46,02a57995o0634o
57995.595575,19.052,1.811,87,157,o,0,1.25,16.88776,32.40824,332.67,9872.84,2.27,1.93,19.2,-0.466,16.57,17.66,02a57995o0668o
57995.596082,18.712,0.917,119,109,o,0,1.24,16.88776,32.40824,9726.58,9981.65,2.23,1.96,37.1,-0.471,16.87,17.99,02a57995o0669o
57995.596587,-18.925,0.635,-98,62,o,0,1.56,16.88776,32.40824,1980.97,90.82,2.04,1.74,52.7,-0.497,17.4,18.48,02a57995o0670o
57995.599137,-20.107,5.25,-33,173,o,0,1.38,16.88776,32.40824,9742.86,9863.04,2.39,2.06,44.1,-0.431,16.58,17.71,02a57995o0675o
57997.544676,-20.632,0.693,-20,14,o,0,0.95,16.88776,32.40824,7757.58,9345.43,3.32,2.83,-85.7,-0.434,19.35,21.07,01a57997o0608o
57997.55547,-20.105,0.487,-33,16,o,0,0.88,16.88776,32.40824,7726.26,9350.73,3.32,2.83,-86.8,-0.434,19.31,21.03,01a57997o0628o
57997.55598,-20.396,0.535,-25,14,o,0,1.15,16.88776,32.40824,7776.56,9430.02,3.25,2.79,-85.9,-0.442,19.37,21.08,01a57997o0629o
57997.556987,22.387,3.3,4,13,o,0,1.24,16.88776,32.40824,7711.25,9474.62,3.29,2.85,-85.9,-0.44,19.39,21.08,01a57997o0631o
57999.554011,-21.372,1.035,-10,11,o,0,1.13,16.88776,32.40824,2768.05,2062.17,2.06,1.88,47.5,-0.478,19.43,20.5,02a57999o0595o
57999.564817,-21.364,1.327,-10,14,o,0,1.27,16.88776,32.40824,2786.35,2101.97,2.04,1.88,50.1,-0.469,19.2,20.34,02a57999o0614o
57999.57528,-21.328,1.04,-11,11,o,0,1.05,16.88776,32.40824,2816.77,2139.18,2.07,1.88,46.8,-0.464,19.38,20.9,02a57999o0634o
57999.57584,-20.741,0.579,-18,11,o,0,1.19,16.88776,32.40824,2833.1,2022.08,2.02,1.87,45.0,-0.477,19.52,21.05,02a57999o0635o
58001.510308,-20.033,1.154,-35,41,o,0,1.07,16.88776,32.40824,1333.15,8161.85,4.64,4.17,-83.6,-0.357,18.27,19.65,01a58001o0238o
58001.513484,-19.658,0.605,-50,30,o,0,1.17,16.88776,32.40824,8718.0,2149.12,4.21,3.79,-76.3,-0.383,18.39,19.64,01a58001o0244o
58001.522772,-20.661,1.623,-20,32,o,0,0.96,16.88776,32.40824,8666.9,2112.64,4.17,3.69,-84.6,-0.401,18.4,19.62,01a58001o0262o
58001.525726,-21.143,1.933,-13,24,o,0,1.37,16.88776,32.40824,8650.34,2241.87,3.9,3.47,-78.6,-0.395,18.49,19.63,01a58001o0268o
58003.499443,19.873,1.097,41,45,o,0,1.43,16.88776,32.40824,1614.23,8175.72,2.12,1.9,11.1,-0.547,18.71,19.0,02a58003o0505o
58003.504018,-21.46,5.432,-10,51,o,0,1.2,16.88776,32.40824,1596.85,8136.17,2.42,2.03,3.4,-0.542,18.63,19.0,02a58003o0515o
58003.531339,-21.349,5.257,-10,55,o,0,1.01,16.88776,32.40824,1671.45,8095.58,2.2,2.06,8.4,-0.491,18.68,18.99,02a58003o0569o
58005.504856,-23.321,15.5,-2,26,o,0,1.23,16.88776,32.40824,7454.75,9764.77,3.39,2.9,-85.9,-0.44,18.64,19.56,01a58005o0245o
58005.506617,-19.448,0.593,-60,36,o,0,1.13,16.88776,32.40824,10426.9,10240.42,4.06,2.94,-84.1,-0.439,18.52,19.44,01a58005o0248o
58005.515269,21.089,2.3,13,31,o,0,0.98,16.88776,32.40824,9050.75,72.84,3.33,2.99,-83.8,-0.454,18.66,19.66,01a58005o0265o
58005.515727,-22.227,6.174,-5,29,o,0,0.91,16.88776,32.40824,7471.87,9848.43,3.32,2.8,-88.3,-0.453,18.63,19.56,01a58005o0266o
58005.517662,-20.292,1.047,-28,29,o,0,0.86,16.88776,32.40824,7407.12,9780.31,3.17,2.64,-83.0,-0.474,18.72,19.56,01a58005o0269o
58005.534235,-20.154,0.797,-32,25,o,0,1.39,16.88776,32.40824,8969.84,191.44,3.41,3.07,-88.8,-0.453,18.59,19.45,01a58005o0302o
58005.535183,-20.85,1.37,-17,23,o,0,1.42,16.88776,32.40824,7392.63,9967.92,3.25,2.87,87.8,-0.454,18.64,19.53,01a58005o0304o
58007.526888,-23.478,7.706,-2,11,o,0,1.01,16.88776,32.40824,4109.9,1860.81,2.03,1.91,60.3,-0.454,19.4,20.17,02a58007o0559o
58007.536816,23.172,7.545,2,15,o,0,0.63,16.88776,32.40824,4074.33,1820.39,2.04,1.95,58.5,-0.449,19.41,20.17,02a58007o0580o
58007.537758,-22.253,3.353,-5,15,o,0,0.68,16.88776,32.40824,4141.4,1898.47,2.07,1.96,68.1,-0.44,19.35,20.16,02a58007o0582o
58007.538288,-20.443,0.464,-24,11,o,0,1.25,16.88776,32.40824,4157.87,1781.55,2.07,1.98,64.4,-0.446,19.33,20.16,02a58007o0583o
58009.484423,-20.328,0.486,-27,13,o,0,0.91,16.88776,32.40824,3922.22,493.14,3.02,2.91,50.1,-0.423,19.37,21.01,01a58009o0425o
58009.493459,-20.844,0.822,-17,14,o,0,1.11,16.88776,32.40824,6126.36,9843.33,3.1,2.68,-80.6,-0.466,19.36,21.03,01a58009o0443o
58009.493921,-20.261,0.523,-29,15,o,0,0.88,16.88776,32.40824,7778.63,94.07,3.31,3.09,-79.6,-0.434,19.35,21.02,01a58009o0444o
58009.512068,-19.681,0.314,-49,15,o,0,0.83,16.88776,32.40824,7711.11,90.44,3.19,3.03,-77.7,-0.442,19.33,20.98,01a58009o0480o
58009.51253,-20.292,0.48,-28,13,o,0,1.03,16.88776,32.40824,6074.43,9842.09,3.09,2.74,-79.5,-0.463,19.36,21.01,01a58009o0481o
58009.514374,-20.318,0.528,-27,14,o,0,1.0,16.88776,32.40824,6044.69,9968.16,3.1,2.73,-78.8,-0.461,19.35,21.0,01a58009o0484o
58009.515834,-20.455,0.589,-24,14,o,0,1.21,16.88776,32.40824,7694.97,223.1,3.35,3.13,-77.4,-0.422,19.34,20.98,01a58009o0487o
58013.495936,-21.087,0.823,-13,11,o,0,1.66,16.88776,32.40824,1694.67,2148.21,2.82,2.66,71.3,-0.482,19.47,21.11,01a58013o0576o
58013.505813,-20.729,0.604,-19,11,o,0,1.2,16.88776,32.40824,1661.81,2107.71,2.88,2.71,69.0,-0.475,19.47,21.13,01a58013o0594o
58013.507282,-20.137,0.39,-32,12,o,0,0.98,16.88776,32.40824,1728.96,2186.99,2.82,2.71,56.3,-0.476,19.43,21.11,01a58013o0597o
58013.509656,-21.387,1.143,-10,12,o,0,1.31,16.88776,32.40824,1649.19,2224.79,2.89,2.83,72.4,-0.46,19.45,21.11,01a58013o0601o
58019.485579,-23.417,5.714,-2,9,c,0,0.83,16.88776,32.40824,2770.53,1677.23,2.44,2.31,64.8,-0.412,19.82,21.6,02a58019o0538c
58019.495325,-21.145,0.638,-13,8,c,0,0.9,16.88776,32.40824,2801.07,1714.36,2.41,2.28,68.7,-0.42,19.81,21.58,02a58019o0558c
58019.495781,-20.953,0.496,-15,8,c,0,1.07,16.88776,32.40824,2735.4,1636.97,2.4,2.28,63.3,-0.42,19.81,21.58,02a58019o0559c
58019.496694,-21.248,0.6,-12,7,c,0,1.41,16.88776,32.40824,2818.12,1597.69,2.41,2.28,66.7,-0.423,19.83,21.58,02a58019o0561c
58021.461419,-21.1,1.067,-13,14,o,0,0.94,16.88776,32.40824,7663.36,9505.32,3.63,2.83,-81.4,-0.43,19.42,21.32,01a58021o0483o
58021.470583,-20.999,0.843,-14,12,o,0,1.09,16.88776,32.40824,7678.68,9581.42,3.47,2.76,-81.6,-0.44,19.44,21.35,01a58021o0501o
58021.489545,24.812,30.0,0,13,o,0,1.05,16.88776,32.40824,7632.57,9579.85,3.59,2.79,-84.1,-0.438,19.43,21.36,01a58021o0539o
58021.490963,-21.566,1.513,-9,13,o,0,1.05,16.88776,32.40824,7617.14,9702.92,3.6,2.84,-80.5,-0.44,19.44,21.35,01a58021o0542o
58023.484264,-21.269,0.664,-11,8,o,0,1.68,16.88776,32.40824,2345.11,1507.66,1.98,1.94,28.4,-0.467,19.65,20.88,02a58023o0406o
58023.494337,-20.851,0.54,-17,9,o,0,1.53,16.88776,32.40824,2327.11,1466.65,2.06,2.01,62.9,-0.475,19.62,20.89,02a58023o0426o
58023.49525,-21.468,0.808,-9,8,o,0,1.13,16.88776,32.40824,2394.25,1544.34,2.02,1.94,69.7,-0.47,19.68,20.89,02a58023o0428o
58023.513712,-20.562,0.441,-22,10,o,0,1.18,16.88776,32.40824,2407.15,1426.3,2.09,1.96,51.2,-0.474,19.65,20.91,02a58023o0464o
58025.466586,-20.204,0.491,-30,15,o,0,0.95,16.88776,32.40824,7263.34,9091.83,3.69,3.44,-85.1,-0.411,19.19,21.13,01a58025o0536o
58025.476912,-19.83,0.414,-42,18,o,0,1.05,16.88776,32.40824,7281.42,9173.12,4.19,3.82,89.9,-0.386,19.06,21.11,01a58025o0557o
58025.477858,-20.158,0.543,-31,17,o,0,1.15,16.88776,32.40824,7215.23,9099.77,4.1,3.9,-81.5,-0.398,19.04,21.1,01a58025o0559o
58025.496602,-20.291,0.561,-28,16,o,0,1.06,16.88776,32.40824,7208.82,9291.92,3.68,3.36,-86.7,-0.409,19.18,21.06,01a58025o0596o
58027.460722,-23.147,6.211,-2,12,o,0,1.21,16.88776,32.40824,4540.38,396.34,2.33,2.03,67.6,-0.45,19.42,20.3,02a58027o0318o
58027.461179,24.07,14.75,1,13,o,0,1.17,16.88776,32.40824,2757.7,10108.29,2.28,2.06,22.3,-0.477,19.45,20.3,02a58027o0319o
58027.471196,-20.174,0.372,-31,12,o,0,1.13,16.88776,32.40824,4522.25,354.41,2.15,1.91,55.5,-0.466,19.45,20.34,02a58027o0338o
58027.471654,-20.841,0.753,-17,13,o,0,1.36,16.88776,32.40824,2739.54,10066.92,2.31,2.04,23.2,-0.479,19.46,20.33,02a58027o0339o
58027.489248,-19.943,0.334,-38,13,o,0,1.24,16.88776,32.40824,2786.6,10147.1,2.31,2.03,17.9,-0.502,19.48,20.37,02a58027o0374o
58027.490331,-21.417,1.206,-10,12,o,0,1.23,16.88776,32.40824,4571.61,432.17,2.2,1.95,47.3,-0.46,19.44,20.39,02a58027o0376o
58027.491816,-21.597,1.651,-8,14,o,0,0.81,16.88776,32.40824,4605.46,315.39,2.2,1.91,52.4,-0.46,19.45,20.46,02a58027o0379o
58027.492729,-20.788,0.8,-18,14,o,0,1.1,16.88776,32.40824,2820.8,10026.21,2.2,2.03,21.9,-0.482,19.46,20.38,02a58027o0381o
58029.472993,-19.627,0.444,-51,23,o,0,1.22,16.88776,32.40824,9234.69,1764.81,3.44,2.96,-82.8,-0.424,18.76,19.68,01a58029o0280o
58029.482347,-20.713,1.333,-19,25,o,0,0.83,16.88776,32.40824,9254.53,1841.75,3.37,2.89,-81.6,-0.426,18.77,19.68,01a58029o0299o
58029.483302,-20.873,1.592,-16,26,o,0,1.03,16.88776,32.40824,9188.9,1770.1,3.38,2.9,-84.1,-0.431,18.76,19.67,01a58029o0301o
58029.500463,-20.356,1.243,-26,32,o,0,0.9,16.88776,32.40824,9182.95,1955.29,3.49,2.93,-84.3,-0.433,18.43,19.11,01a58029o0334o
58045.415927,17.847,0.069,264,18,o,0,1.06,16.88776,32.40824,7320.64,9144.11,3.86,3.59,-84.6,-0.402,19.05,20.88,01a58045o0463o
58045.427531,17.654,0.051,315,16,o,0,1.03,16.88776,32.40824,7355.41,9229.4,3.58,3.33,89.5,-0.408,19.27,21.19,01a58045o0484o
58045.428444,17.706,0.05,300,15,o,0,1.06,16.88776,32.40824,7289.57,9156.72,3.42,3.05,-84.8,-0.417,19.35,21.23,01a58045o0486o
58045.447535,17.732,0.05,293,15,o,0,1.15,16.88776,32.40824,7281.84,9351.02,3.19,2.81,-85.5,-0.442,19.38,21.22,01a58045o0523o
58049.415939,16.995,0.036,578,21,o,0,1.14,16.88776,32.40824,10433.78,2094.52,3.5,2.93,-85.6,-0.433,19.21,20.63,01a58049o0220o
58049.425006,17.038,0.036,556,20,o,0,1.1,16.88776,32.40824,10453.02,2169.5,3.6,2.99,-80.2,-0.425,19.2,20.69,01a58049o0239o
58049.435104,16.983,0.027,585,16,o,0,1.39,16.88776,32.40824,1036.41,2308.86,3.16,2.78,83.8,-0.458,19.27,20.79,01a58049o0259o
58049.443025,17.001,0.034,575,19,o,0,0.84,16.88776,32.40824,10413.95,2164.68,3.66,2.86,-84.7,-0.436,19.25,20.71,01a58049o0274o
58049.444882,17.037,0.028,556,15,o,0,1.48,16.88776,32.40824,1058.16,2389.24,3.17,2.63,82.2,-0.469,19.28,20.75,01a58049o0278o
58049.445826,16.962,0.036,596,22,o,0,0.8,16.88776,32.40824,1008.35,2314.37,3.26,2.74,80.4,-0.461,19.25,20.73,01a58049o0280o
58049.44635,17.015,0.029,568,17,o,0,1.46,16.88776,32.40824,10383.42,2298.57,3.59,2.79,-84.0,-0.435,19.28,20.73,01a58049o0281o
58049.463762,17.021,0.03,564,17,o,0,1.24,16.88776,32.40824,1005.67,2500.31,3.27,2.65,79.4,-0.46,19.27,20.68,01a58049o0314o
58053.398067,16.733,0.026,736,19,o,0,1.3,16.88776,32.40824,10111.1,661.77,3.6,3.05,-81.4,-0.436,19.22,20.62,01a58053o0367o
58053.398525,16.815,0.028,682,19,o,0,1.42,16.88776,32.40824,8585.2,10440.55,3.43,2.81,-85.9,-0.453,19.18,20.65,01a58053o0368o
58053.407919,16.109,0.323,1308,422,o,0,0.17,16.88776,32.40824,8620.33,10517.52,3.3,2.79,-85.6,-0.455,19.25,20.77,01a58053o0386o
58053.408377,16.789,0.026,699,18,o,0,1.29,16.88776,32.40824,10129.66,743.47,3.57,3.06,-81.1,-0.434,19.27,20.78,01a58053o0387o
58053.409343,16.759,0.027,719,19,o,0,1.44,16.88776,32.40824,10063.52,671.83,3.52,3.0,-81.0,-0.437,19.26,20.77,01a58053o0389o
58053.417976,16.76,0.029,718,21,o,0,0.73,16.88776,32.40824,690.36,863.17,3.25,2.79,80.3,-0.475,19.31,20.81,01a58053o0404o
58053.427887,16.778,0.027,706,19,o,0,1.14,16.88776,32.40824,10055.4,864.57,3.59,3.0,-80.9,-0.441,19.28,20.83,01a58053o0422o
58053.429281,16.784,0.024,702,17,o,0,1.28,16.88776,32.40824,711.8,949.32,3.13,2.75,84.5,-0.483,19.33,20.85,01a58053o0425o
58053.430841,16.757,0.024,720,18,o,0,1.36,16.88776,32.40824,661.22,876.0,3.4,2.91,84.7,-0.462,19.24,20.85,01a58053o0428o
58053.449093,16.779,0.027,705,19,o,0,1.0,16.88776,32.40824,658.59,1065.84,3.31,2.87,77.6,-0.462,19.27,20.8,01a58053o0462o
58055.401775,16.77,0.021,711,15,o,0,1.59,16.88776,32.40824,2528.03,8166.42,2.01,1.91,8.7,-0.47,19.53,20.4,02a58055o0445o
58055.41261,16.75,0.018,724,13,o,0,1.76,16.88776,32.40824,2510.62,8125.55,1.96,1.89,-8.6,-0.488,19.56,20.4,02a58055o0465o
58055.415319,16.766,0.021,714,15,o,0,1.86,16.88776,32.40824,2559.53,8203.17,2.0,1.91,-10.3,-0.474,19.51,20.38,02a58055o0470o
58055.432008,16.753,0.021,722,15,o,0,1.41,16.88776,32.40824,2592.03,8087.0,2.15,1.96,-10.3,-0.456,19.48,20.44,02a58055o0503o
58057.420446,16.845,0.037,664,25,o,0,1.09,16.88776,32.40824,7523.25,9942.71,3.48,3.23,-88.8,-0.428,18.82,20.04,01a58057o0098o
58057.420903,16.864,0.037,652,24,o,0,1.22,16.88776,32.40824,9101.21,170.49,3.63,3.36,-65.6,-0.421,18.83,19.99,01a58057o0099o
58057.430199,16.873,0.035,647,22,o,0,1.12,16.88776,32.40824,9123.8,246.79,3.41,3.09,-71.2,-0.426,18.9,19.96,01a58057o0118o
58057.430686,16.859,0.036,655,24,o,0,1.11,16.88776,32.40824,7562.99,10023.02,3.2,2.83,-87.9,-0.457,18.91,20.01,01a58057o0119o
58057.431601,16.872,0.037,647,24,o,0,1.12,16.88776,32.40824,7496.74,9949.61,3.25,2.87,-86.9,-0.452,18.9,20.01,01a58057o0121o
58057.432524,16.878,0.04,644,26,o,0,1.15,16.88776,32.40824,9075.64,179.67,3.74,3.56,-62.6,-0.41,18.77,19.96,01a58057o0123o
58057.449071,16.969,0.048,592,29,o,0,1.09,16.88776,32.40824,9075.08,361.34,3.71,3.29,-78.3,-0.424,18.55,19.6,01a58057o0156o
58057.449987,16.869,0.044,650,28,o,0,1.13,16.88776,32.40824,7500.19,10139.53,3.37,2.98,-83.6,-0.453,18.63,19.61,01a58057o0158o
58059.386263,17.053,0.047,548,26,o,0,1.04,16.88776,32.40824,3389.19,1014.03,1.93,1.8,83.0,-0.49,18.73,18.75,02a58059o0270o
58059.395757,16.966,0.041,594,24,o,0,1.51,16.88776,32.40824,3372.18,973.7,1.96,1.83,76.7,-0.489,18.69,18.79,02a58059o0289o
58059.414273,17.028,0.05,561,28,o,0,0.93,16.88776,32.40824,3438.02,1052.12,2.05,1.93,78.2,-0.535,18.67,18.73,02a58059o0325o
58059.417445,17.025,0.056,562,31,o,0,0.63,16.88776,32.40824,3455.78,933.8,1.95,1.81,70.5,-0.491,18.69,18.75,02a58059o0331o
58061.381842,17.176,0.07,489,34,o,0,1.13,16.88776,32.40824,6953.88,380.47,3.05,2.96,-41.2,-0.449,18.26,18.76,01a58061o0413o
58061.3823,17.128,0.082,512,42,o,0,0.73,16.88776,32.40824,5273.82,10102.51,2.84,2.53,-85.0,-0.488,18.34,18.91,01a58061o0414o
58061.384165,17.137,0.064,507,33,o,0,1.41,16.88776,32.40824,5291.33,10150.17,2.87,2.59,-85.4,-0.487,18.31,18.91,01a58061o0418o
58061.393581,17.251,0.082,457,38,o,0,1.18,16.88776,32.40824,6976.07,467.56,3.1,3.01,-68.0,-0.435,18.28,18.88,01a58061o0437o
58061.394082,17.157,0.059,498,30,o,0,1.32,16.88776,32.40824,5229.59,10111.62,2.75,2.53,-85.2,-0.491,18.34,18.85,01a58061o0438o
58061.39454,17.296,0.073,438,32,o,0,1.57,16.88776,32.40824,6927.1,394.47,3.0,2.93,-30.7,-0.44,18.3,18.76,01a58061o0439o
58061.394998,17.168,0.071,493,35,o,0,1.15,16.88776,32.40824,5214.11,10233.62,2.78,2.57,-85.2,-0.486,18.33,18.84,01a58061o0440o
58061.395954,17.308,0.085,433,37,o,0,1.15,16.88776,32.40824,6894.94,519.29,3.11,3.0,-54.8,-0.436,18.3,18.83,01a58061o0442o
58063.402127,17.413,0.039,393,15,o,0,2.01,16.88776,32.40824,1977.08,1751.45,1.96,1.89,72.7,-0.48,19.04,19.62,02a58063o0400o
58063.411486,17.374,0.044,408,18,o,0,1.37,16.88776,32.40824,1961.09,1710.98,1.94,1.86,73.7,-0.497,19.07,19.6,02a58063o0418o
58063.429867,17.471,0.051,373,19,o,0,0.92,16.88776,32.40824,2028.38,1786.68,2.04,1.96,54.6,-0.472,18.95,19.52,02a58063o0456o
58063.431236,17.4,0.056,398,22,o,0,0.73,16.88776,32.40824,2044.89,1669.43,2.15,2.04,51.9,-0.476,18.91,19.51,02a58063o0459o
58065.374667,18.128,0.339,204,69,o,0,1.21,16.88776,32.40824,8901.68,1495.48,3.4,3.26,-54.5,-0.41,17.57,18.47,01a58065o0395o
58065.384857,17.53,0.266,353,94,o,0,1.01,16.88776,32.40824,8922.68,1576.9,3.27,3.14,-58.1,-0.41,17.6,18.36,01a58065o0414o
58065.387735,17.623,0.232,324,75,o,0,1.24,16.88776,32.40824,8857.64,1513.47,3.26,3.09,-62.9,-0.415,17.32,17.97,01a58065o0420o
58065.404332,17.524,0.074,355,26,o,0,0.84,16.88776,32.40824,8851.1,1695.71,3.2,3.02,-65.3,-0.418,18.69,19.69,01a58065o0451o
58067.37874,18.162,0.123,197,24,o,0,1.35,16.88776,32.40824,776.53,9440.23,2.29,1.93,20.8,-0.47,18.66,19.73,02a58067o0398o
58067.389132,18.135,0.166,202,34,o,0,1.18,16.88776,32.40824,761.6,9397.35,2.35,1.94,24.1,-0.474,19.09,20.3,02a58067o0419o
58067.390221,17.662,0.07,313,22,o,0,1.48,16.88776,32.40824,10177.65,9418.82,2.48,2.16,31.5,-0.422,19.03,20.24,02a58067o0421o
58067.391134,17.87,0.059,258,15,o,0,1.65,16.88776,32.40824,811.41,9474.44,2.49,2.13,18.3,-0.445,19.39,20.65,02a58067o0423o
58067.399036,18.019,0.077,225,17,o,0,0.96,16.88776,32.40824,10195.35,9461.72,2.16,1.89,13.2,-0.467,19.27,20.91,02a58067o0439o
58067.40812,17.742,0.048,290,14,o,0,1.14,16.88776,32.40824,846.33,9355.77,2.51,2.1,23.8,-0.454,19.56,20.75,02a58067o0457o
58067.408575,17.725,0.048,295,14,o,0,1.08,16.88776,32.40824,10228.85,9501.02,2.35,2.08,33.8,-0.474,19.57,20.76,02a58067o0458o
58067.411681,18.049,0.066,219,14,o,0,1.17,16.88776,32.40824,10245.5,9382.76,2.5,2.22,23.6,-0.456,19.52,20.78,02a58067o0464o
58071.391329,18.852,0.095,104,10,c,0,1.16,16.88776,32.40824,1329.6,2031.57,2.76,2.3,42.3,-0.471,19.79,21.62,02a58071o0337c
58071.401676,18.801,0.076,110,8,c,0,1.44,16.88776,32.40824,1363.7,2067.46,2.83,2.34,41.4,-0.466,19.8,21.61,02a58071o0357c
58071.402132,18.884,0.087,102,9,c,0,1.41,16.88776,32.40824,1297.44,1990.3,2.84,2.36,41.5,-0.468,19.76,21.61,02a58071o0358c
58071.403045,18.847,0.086,105,9,c,0,1.31,16.88776,32.40824,1380.14,1949.82,2.85,2.33,41.9,-0.469,19.76,21.6,02a58071o0360c
58073.351297,18.305,0.085,173,15,o,0,1.26,16.88776,32.40824,6979.57,9477.42,3.61,2.82,-80.9,-0.43,19.38,21.21,01a58073o0352o
58073.362026,18.46,0.088,150,13,o,0,1.3,16.88776,32.40824,7000.22,9561.07,3.67,2.8,-80.2,-0.436,19.36,21.2,01a58073o0374o
58073.379926,18.432,0.098,154,15,o,0,1.11,16.88776,32.40824,6943.12,9556.74,3.78,2.85,-79.4,-0.427,19.3,21.11,01a58073o0410o
58073.381513,18.33,0.091,169,15,o,0,1.07,16.88776,32.40824,6928.4,9681.26,3.84,2.9,-80.4,-0.424,19.29,21.11,01a58073o0413o
58075.374194,19.3,0.14,69,10,c,0,1.17,16.88776,32.40824,1322.93,973.47,2.82,2.3,42.7,-0.494,19.8,21.65,02a58075o0313c
58075.384031,19.023,0.085,89,8,c,0,1.65,16.88776,32.40824,1306.41,933.28,2.81,2.33,40.9,-0.499,19.8,21.66,02a58075o0332c
58075.384487,19.319,0.133,68,9,c,0,1.53,16.88776,32.40824,1373.15,1010.69,2.85,2.33,41.4,-0.492,19.8,21.66,02a58075o0333c
58075.402113,19.265,0.131,71,9,c,0,1.21,16.88776,32.40824,1391.49,891.35,2.88,2.34,41.5,-0.483,19.79,21.66,02a58075o0370c
58077.352439,18.661,0.114,125,14,o,0,1.04,16.88776,32.40824,8181.1,1074.01,3.53,2.95,-85.8,-0.436,19.31,21.05,01a58077o0348o
58077.361256,18.588,0.107,133,14,o,0,0.91,16.88776,32.40824,8201.05,1148.69,3.35,2.72,-86.6,-0.45,19.38,21.07,01a58077o0366o
58077.36405,18.825,0.131,107,14,o,0,1.25,16.88776,32.40824,8136.98,1084.13,3.54,2.9,-89.2,-0.437,19.31,21.07,01a58077o0372o
58077.380992,18.484,0.087,147,13,o,0,1.31,16.88776,32.40824,8133.24,1268.08,3.43,2.79,-89.1,-0.442,19.35,21.01,01a58077o0405o
58079.38143,19.369,0.15,65,10,c,0,1.25,16.88776,32.40824,8792.77,9212.29,2.52,2.31,-8.4,-0.429,19.81,21.74,02a58079o0403c
58079.390744,19.367,0.153,65,10,c,0,1.17,16.88776,32.40824,8776.04,9171.66,2.56,2.39,-4.7,-0.452,19.76,21.61,02a58079o0423c
58079.408279,19.162,0.132,79,10,c,0,1.08,16.88776,32.40824,8843.45,9253.08,2.54,2.39,-1.1,-0.446,19.71,21.52,02a58079o0460c
58079.411032,19.284,0.105,70,7,c,0,2.39,16.88776,32.40824,8860.32,9134.79,2.6,2.48,5.9,-0.446,19.72,21.5,02a58079o0466c
58081.346978,18.912,0.125,99,12,o,0,1.25,16.88776,32.40824,5123.01,10301.09,2.93,2.65,-80.0,-0.483,19.41,21.09,01a58081o0351o
58081.347436,18.715,0.104,118,12,o,0,1.41,16.88776,32.40824,6819.49,585.42,3.07,2.83,-87.0,-0.443,19.4,21.08,01a58081o0352o
58081.348387,19.054,0.136,87,12,o,0,1.28,16.88776,32.40824,6836.56,628.6,3.03,2.82,-88.2,-0.452,19.43,21.09,01a58081o0354o
58081.363386,18.814,0.114,108,12,o,0,1.37,16.88776,32.40824,6779.24,609.71,3.2,2.96,-83.7,-0.435,19.38,21.1,01a58081o0385o
58081.364309,19.027,0.138,89,12,o,0,1.61,16.88776,32.40824,5099.53,10332.13,3.15,2.79,-82.9,-0.463,19.35,21.12,01a58081o0387o
58081.365238,19.027,0.134,89,12,o,0,1.17,16.88776,32.40824,5150.02,10414.41,3.04,2.68,-86.6,-0.474,19.39,21.12,01a58081o0389o
58081.366625,18.768,0.109,113,12,o,0,1.35,16.88776,32.40824,5069.21,10460.37,3.06,2.71,-85.4,-0.465,19.41,21.11,01a58081o0392o
58081.367589,18.946,0.146,96,14,o,0,1.0,16.88776,32.40824,6766.87,746.41,3.18,2.92,87.2,-0.437,19.4,21.07,01a58081o0394o
58093.350634,20.14,1.426,32,46,o,0,1.08,16.88776,32.40824,8176.92,1690.33,3.52,2.98,-86.1,-0.432,17.93,18.8,01a58093o0344o
58093.359872,19.145,0.357,80,28,o,0,0.89,16.88776,32.40824,8220.76,1763.12,3.55,3.01,-88.1,-0.423,18.79,19.94,01a58093o0361o
58093.370831,20.3,0.963,28,26,o,0,0.95,16.88776,32.40824,8168.85,1728.21,3.58,3.07,-87.4,-0.43,18.69,19.84,01a58093o0383o
58093.371288,19.097,0.266,83,22,o,0,1.21,16.88776,32.40824,8153.29,1847.43,3.65,3.07,-89.0,-0.421,18.74,19.86,01a58093o0384o
58097.32611,19.443,0.188,61,11,o,0,1.33,16.88776,32.40824,7527.2,1963.92,3.2,2.84,-89.7,-0.434,19.49,21.22,01a58097o0262o
58097.334845,20.224,0.4,30,12,o,0,1.14,16.88776,32.40824,7551.87,2037.04,3.26,2.89,-89.1,-0.43,19.39,21.12,01a58097o0279o
58097.343945,19.81,0.328,43,14,o,0,0.9,16.88776,32.40824,7511.71,1994.55,3.41,2.97,89.2,-0.424,19.38,21.19,01a58097o0296o
58097.353043,19.375,0.184,65,12,o,0,1.27,16.88776,32.40824,7489.76,2146.56,3.24,2.86,-89.4,-0.437,19.39,21.21,01a58097o0313o
58099.316244,19.763,0.367,45,17,o,0,1.22,16.88776,32.40824,2223.01,9803.85,2.81,2.21,23.8,-0.458,19.41,20.66,02a58099o0287o
58099.31894,19.668,0.353,49,17,o,0,0.69,16.88776,32.40824,3976.67,64.9,2.96,2.24,31.4,-0.465,19.46,20.72,02a58099o0291o
58099.326086,19.649,0.264,50,13,o,0,1.37,16.88776,32.40824,2207.9,9764.42,2.76,2.1,22.4,-0.475,19.46,20.69,02a58099o0305o
58099.335721,20.665,0.798,20,16,o,0,1.05,16.88776,32.40824,2256.54,9843.98,2.82,2.22,21.9,-0.454,19.31,20.6,02a58099o0322o
58099.337545,19.635,0.289,51,15,o,0,0.92,16.88776,32.40824,4027.26,101.48,3.06,2.34,31.2,-0.459,19.28,20.55,02a58099o0326o
58099.345174,19.891,0.419,40,17,o,0,1.28,16.88776,32.40824,2273.58,9725.82,2.81,2.17,23.7,-0.456,19.34,20.53,02a58099o0340o
58101.306837,19.521,0.244,56,14,o,0,1.12,16.88776,32.40824,8558.5,2334.5,3.58,2.95,-89.9,-0.429,19.32,21.16,01a58101o0273o
58101.31579,20.244,0.449,29,13,o,0,1.24,16.88776,32.40824,8582.52,2408.18,3.59,2.93,-86.3,-0.43,19.35,21.26,01a58101o0290o
58101.325165,22.955,5.8,2,14,o,0,1.08,16.88776,32.40824,8525.7,2368.57,3.67,2.98,-88.6,-0.428,19.32,21.12,01a58101o0307o
58101.334499,20.22,0.45,30,13,o,0,0.96,16.88776,32.40824,8519.84,2522.46,3.6,2.9,-88.5,-0.431,19.34,21.19,01a58101o0324o
58105.299259,21.794,2.091,7,14,o,0,0.81,16.88776,32.40824,8652.49,8786.62,3.61,2.74,-85.3,-0.415,19.46,21.34,01a58105o0249o
58105.308263,20.145,0.458,32,14,o,0,0.74,16.88776,32.40824,8677.48,8860.88,3.61,2.7,-85.0,-0.413,19.43,21.25,01a58105o0266o
58105.317198,19.755,0.284,46,13,o,0,1.3,16.88776,32.40824,8636.18,8818.69,3.67,2.7,-84.9,-0.413,19.4,21.21,01a58105o0283o
58105.32652,23.713,13.2,1,16,o,0,0.76,16.88776,32.40824,8631.81,8991.52,3.86,2.91,-84.9,-0.399,19.37,21.24,01a58105o0300o
58111.346565,20.538,0.589,22,13,o,0,1.36,16.88776,32.40824,742.31,1236.29,2.1,1.71,31.9,-0.52,19.58,20.64,02a58111o0059o
58111.35869,20.932,0.888,15,14,o,0,1.0,16.88776,32.40824,726.33,1195.99,2.29,1.82,32.0,-0.513,19.53,20.57,02a58111o0084o
58111.371674,-21.382,1.458,-10,15,o,0,1.07,16.88776,32.40824,793.4,1272.82,2.36,1.87,32.3,-0.506,19.52,20.65,02a58111o0109o
58111.3836,21.84,1.854,7,12,o,0,1.86,16.88776,32.40824,808.8,1156.73,2.44,1.96,30.0,-0.502,19.45,20.64,02a58111o0134o
58113.288513,-21.87,3.364,-6,22,o,0,0.98,16.88776,32.40824,9448.56,475.58,4.03,3.39,-83.4,-0.431,18.95,20.49,01a58113o0165o
58113.290579,20.396,0.886,25,22,o,0,1.07,16.88776,32.40824,7890.69,10265.58,4.48,3.9,-86.2,-0.388,18.85,20.57,01a58113o0169o
58113.297245,25.208,70.0,0,21,o,0,1.26,16.88776,32.40824,9474.0,548.91,4.07,3.37,-87.0,-0.433,18.9,20.43,01a58113o0182o
58113.299243,-19.96,0.594,-38,22,o,0,1.03,16.88776,32.40824,7933.69,10338.53,4.5,3.8,-81.4,-0.377,18.85,20.51,01a58113o0186o
58113.306092,-21.185,1.917,-12,23,o,0,0.9,16.88776,32.40824,9434.32,505.62,4.39,3.59,-85.6,-0.418,18.84,20.37,01a58113o0199o
58114.32059,22.667,7.308,3,23,o,0,1.06,16.88776,32.40824,10092.0,1882.16,3.76,2.92,-84.9,-0.434,18.86,19.96,01a58114o0296o
58114.33046,19.957,0.703,38,27,o,0,1.35,16.88776,32.40824,10124.59,1955.85,3.77,2.99,-84.4,-0.439,18.64,19.68,01a58114o0317o
58114.340548,20.519,1.262,22,28,o,0,0.97,16.88776,32.40824,10092.04,1913.81,3.8,3.06,-87.1,-0.427,18.51,19.62,01a58114o0338o
58114.347016,20.988,1.961,15,29,o,0,1.22,16.88776,32.40824,10086.86,2053.3,3.92,3.16,-84.9,-0.418,18.38,19.43,01a58114o0351o
58114.347475,20.477,1.242,23,29,o,0,1.44,16.88776,32.40824,729.53,2092.31,3.49,2.89,79.2,-0.448,18.4,19.4,01a58114o0352o
58114.361248,-19.615,0.656,-52,34,o,0,0.97,16.88776,32.40824,771.09,2177.17,3.58,3.11,79.4,-0.43,18.41,19.42,01a58114o0382o
58114.378087,-21.912,13.222,-6,82,o,0,0.9,16.88776,32.40824,735.44,2146.18,3.62,3.01,77.0,-0.451,17.59,18.2,01a58114o0418o
58114.381653,18.811,0.507,108,55,o,0,0.96,16.88776,32.40824,727.49,2272.13,3.55,2.96,77.9,-0.444,17.83,18.52,01a58114o0425o
58117.28325,21.101,1.881,13,25,o,0,1.18,16.88776,32.40824,10182.75,2035.97,3.52,2.9,-83.2,-0.446,18.68,19.52,01a58117o0131o
58117.29092,19.686,0.652,48,32,o,0,0.81,16.88776,32.40824,10225.02,2102.48,3.79,2.9,-84.5,-0.44,18.62,19.49,01a58117o0146o
58117.294408,21.016,1.9,14,27,o,0,1.07,16.88776,32.40824,796.72,2201.93,3.26,2.74,81.3,-0.476,18.64,19.43,01a58117o0153o
58117.29961,19.925,0.675,39,26,o,0,1.12,16.88776,32.40824,10168.86,2059.44,3.77,2.88,-85.3,-0.438,18.62,19.46,01a58117o0163o
58117.303052,-21.148,2.238,-13,28,o,0,0.94,16.88776,32.40824,824.09,2273.9,3.26,2.69,82.2,-0.473,18.6,19.4,01a58117o0170o
58117.308247,19.57,0.463,54,25,o,0,1.53,16.88776,32.40824,10163.5,2209.15,3.65,2.76,-86.4,-0.45,18.63,19.41,01a58117o0180o
58117.31177,19.776,0.612,45,27,o,0,1.25,16.88776,32.40824,767.33,2226.64,3.39,2.79,81.3,-0.463,18.58,19.36,01a58117o0187o
58117.320311,-19.841,0.68,-42,29,o,0,1.86,16.88776,32.40824,763.57,2373.62,3.38,2.72,82.4,-0.473,18.54,19.32,01a58117o0204o
58118.303849,19.616,0.525,52,27,o,0,1.01,16.88776,32.40824,6944.32,1648.77,2.98,2.78,-82.1,-0.463,18.71,19.52,01a58118o0255o
58118.313229,-21.813,3.541,-7,24,o,0,1.21,16.88776,32.40824,6974.83,1721.49,3.02,2.75,-79.6,-0.459,18.68,19.48,01a58118o0275o
58118.323191,22.054,4.556,6,25,o,0,1.22,16.88776,32.40824,6924.63,1679.78,3.12,2.93,-85.5,-0.448,18.58,19.44,01a58118o0296o
58118.33326,24.804,67.0,0,29,o,0,0.83,16.88776,32.40824,6925.56,1831.4,3.33,2.96,-86.9,-0.436,18.5,19.37,01a58118o0317o
58119.305151,22.127,5.326,5,27,o,0,1.05,16.88776,32.40824,400.09,9859.94,2.44,1.88,22.3,-0.468,18.76,19.17,02a58119o0248o
58119.312017,19.87,0.544,41,22,o,0,1.31,16.88776,32.40824,2066.87,76.6,2.5,1.86,37.1,-0.545,18.74,19.14,02a58119o0262o
58119.313566,-21.741,4.369,-7,32,o,0,0.96,16.88776,32.40824,383.88,9820.6,2.51,1.88,18.6,-0.455,18.74,19.14,02a58119o0265o
58119.320298,-21.72,3.646,-7,27,o,0,1.19,16.88776,32.40824,9823.99,9860.38,2.22,1.97,28.1,-0.493,18.77,19.13,02a58119o0278o
58119.321763,-17.547,0.024,-348,8,o,0,7380.97,16.88776,32.40824,2050.46,37.06,2.47,1.91,38.1,-0.513,18.72,19.1,02a58119o0281o
58119.323285,-24.037,32.875,-1,29,o,0,0.89,16.88776,32.40824,449.77,9896.41,2.44,1.9,16.7,-0.463,18.7,19.09,02a58119o0284o
58119.329818,21.241,2.17,12,25,o,0,1.69,16.88776,32.40824,9806.94,9820.6,2.29,1.95,26.0,-0.483,18.7,19.09,02a58119o0297o
58119.331297,22.696,6.846,3,21,o,0,1.42,16.88776,32.40824,2117.22,115.23,2.45,1.89,35.5,-0.551,18.72,19.06,02a58119o0300o
58119.332721,21.193,2.269,12,27,o,0,1.05,16.88776,32.40824,468.63,9775.68,2.38,1.89,22.3,-0.466,18.68,19.05,02a58119o0303o
58119.339421,19.82,0.689,43,30,o,0,0.95,16.88776,32.40824,9857.23,9901.05,2.3,1.97,24.0,-0.478,18.69,19.05,02a58119o0316o
58119.348894,-21.496,3.284,-9,30,o,0,1.36,16.88776,32.40824,9872.98,9782.69,2.19,1.94,24.8,-0.494,18.68,19.02,02a58119o0335o
58120.285776,-20.587,1.17,-21,25,o,0,0.99,16.88776,32.40824,3945.22,945.31,2.58,2.26,38.0,-0.461,18.62,19.19,02a58120o0119o
58120.295002,21.439,2.914,10,28,o,0,0.81,16.88776,32.40824,3928.59,905.95,2.45,2.1,37.7,-0.471,18.68,19.16,02a58120o0137o
58120.307885,-21.914,4.229,-6,26,o,0,1.02,16.88776,32.40824,3992.7,982.71,2.56,2.21,36.4,-0.453,18.58,19.1,02a58120o0164o
58120.31297,20.89,1.577,16,25,o,0,1.19,16.88776,32.40824,4010.95,867.01,2.7,2.32,39.5,-0.451,18.51,19.08,02a58120o0174o
58121.28282,20.761,1.468,18,26,o,0,1.14,16.88776,32.40824,9577.11,732.05,3.6,2.97,-84.3,-0.437,18.73,19.69,01a58121o0202o
58121.284227,-19.624,0.504,-51,26,o,0,15.64,16.88776,32.40824,141.9,818.51,3.21,2.76,77.8,-0.502,18.77,19.79,01a58121o0205o
58121.288228,20.124,3.808,32,123,o,0,0.96,16.88776,32.40824,9602.88,790.95,3.51,2.91,-83.4,-0.452,16.5,16.91,01a58121o0213o
58121.290568,-20.232,4.922,-29,144,o,0,0.91,16.88776,32.40824,165.07,882.8,3.33,2.74,79.7,-0.534,17.27,17.74,01a58121o0217o
58121.294479,-19.716,14.875,-47,702,o,0,1.05,16.88776,32.40824,9545.73,738.59,9.1,3.47,1.3,-0.302,15.43,15.45,01a58121o0225o
58121.300048,0.0,0.0,0,0,o,0,-0.0,16.88776,32.40824,9536.02,878.92,4.95,2.72,-46.0,-0.468,15.53,16.4,01a58121o0236o
58121.302144,17.259,0.78,453,354,o,0,1.14,16.88776,32.40824,117.65,963.74,3.4,2.77,79.8,-0.597,16.13,16.3,01a58121o0240o
58123.298721,20.894,0.991,16,16,o,0,1.21,16.88776,32.40824,673.59,9337.2,2.64,2.07,20.6,-0.448,19.38,20.39,02a58123o0232o
58123.306343,20.387,0.717,25,18,o,0,1.03,16.88776,32.40824,656.87,9298.3,2.46,1.92,19.0,-0.464,19.3,20.13,02a58123o0247o
58123.307939,-21.398,1.404,-10,14,o,0,1.51,16.88776,32.40824,10088.27,9358.44,2.18,1.99,19.9,-0.497,19.29,20.17,02a58123o0250o
58123.315288,20.251,0.601,29,17,o,0,0.96,16.88776,32.40824,721.91,9373.58,2.49,1.96,21.8,-0.453,19.18,19.94,02a58123o0264o
58123.317324,23.795,14.6,1,16,o,0,1.29,16.88776,32.40824,10071.1,9318.4,2.14,1.98,16.9,-0.506,19.23,19.99,02a58123o0268o
58123.326552,21.16,1.71,12,21,o,0,1.05,16.88776,32.40824,739.46,9254.91,2.6,2.12,21.3,-0.454,19.08,19.76,02a58123o0286o
58123.32899,-21.556,2.603,-9,22,o,0,0.97,16.88776,32.40824,10119.36,9399.61,2.25,2.04,19.0,-0.498,19.12,19.83,02a58123o0291o
58123.340504,22.076,4.625,5,25,o,0,0.89,16.88776,32.40824,10150.54,9283.34,2.37,2.15,18.2,-0.464,19.01,19.71,02a58123o0314o
58124.266436,21.167,0.878,12,11,o,0,1.25,16.88776,32.40824,2760.1,9193.08,2.44,2.06,20.2,-0.479,19.6,20.97,02a58124o0094o
58124.276262,-21.851,1.74,-7,12,o,0,1.14,16.88776,32.40824,2725.19,9154.64,2.5,2.1,17.2,-0.5,19.6,20.96,02a58124o0115o
58124.286864,20.605,0.559,21,12,o,0,1.3,16.88776,32.40824,2789.27,9230.83,2.26,1.97,14.2,-0.479,19.68,20.97,02a58124o0137o
58124.296848,-22.712,4.333,-3,13,o,0,0.81,16.88776,32.40824,2805.62,9112.44,2.24,1.95,12.2,-0.48,19.7,20.94,02a58124o0158o
58125.291989,-21.92,2.161,-6,13,o,0,1.57,16.88776,32.40824,8419.11,1560.99,3.27,2.75,-86.4,-0.444,19.31,20.88,01a58125o0220o
58125.299474,-21.123,1.0,-13,13,o,0,1.2,16.88776,32.40824,8447.42,1625.64,3.35,2.8,89.1,-0.444,19.27,20.8,01a58125o0235o
58125.308386,21.723,1.917,7,14,o,0,1.18,16.88776,32.40824,8411.67,1579.26,3.33,2.77,-89.1,-0.445,19.28,20.75,01a58125o0253o
58125.319311,-20.099,0.487,-33,16,o,0,0.79,16.88776,32.40824,8413.6,1732.75,3.35,2.75,89.7,-0.45,19.17,20.62,01a58125o0275o
58126.252231,23.831,14.4,1,15,o,0,0.78,16.88776,32.40824,8801.17,94.79,3.37,2.91,-79.4,-0.429,19.36,21.04,01a58126o0127o
58126.262623,-20.861,0.944,-16,16,o,0,0.78,16.88776,32.40824,8828.68,173.54,3.42,3.02,-85.9,-0.435,19.3,21.02,01a58126o0149o
58126.272458,-22.169,2.739,-5,14,o,0,1.27,16.88776,32.40824,8774.78,134.88,3.29,2.95,-83.7,-0.445,19.32,20.98,01a58126o0170o
58126.27945,20.69,0.836,19,16,o,0,1.23,16.88776,32.40824,7241.44,9969.35,4.23,3.19,-80.1,-0.402,19.28,20.94,01a58126o0185o
58126.281388,-24.308,21.333,-1,15,o,0,1.26,16.88776,32.40824,8770.54,287.3,3.46,3.02,-82.7,-0.436,19.25,20.9,01a58126o0189o
58126.288839,22.476,4.077,4,15,o,0,1.4,16.88776,32.40824,7272.45,10042.57,4.27,3.13,-80.3,-0.398,19.27,20.85,01a58126o0205o
58126.297325,21.542,2.0,9,18,o,0,1.15,16.88776,32.40824,7219.38,9995.44,4.36,3.26,-80.7,-0.394,19.15,20.77,01a58126o0223o
58126.306381,19.725,0.409,47,19,o,0,0.98,16.88776,32.40824,7217.8,10146.26,4.35,3.2,-80.1,-0.385,19.24,20.73,01a58126o0242o
58127.27763,21.011,0.777,14,11,o,0,1.52,16.88776,32.40824,485.93,9995.42,2.54,2.01,20.4,-0.445,19.63,20.92,02a58127o0191o
58127.282515,-23.279,5.5,-2,10,o,0,1.23,16.88776,32.40824,2154.08,217.85,2.39,1.88,34.2,-0.525,19.63,20.92,02a58127o0201o
58127.282987,-21.07,0.981,-14,13,o,0,1.14,16.88776,32.40824,470.47,9953.3,2.67,2.12,22.8,-0.431,19.6,20.89,02a58127o0202o
58127.285037,20.98,0.871,15,13,o,0,0.87,16.88776,32.40824,9914.42,9999.78,2.42,2.08,31.1,-0.448,19.61,20.93,02a58127o0206o
58127.288027,21.515,1.307,9,12,o,0,0.95,16.88776,32.40824,2139.62,177.67,2.51,2.0,36.3,-0.493,19.64,20.91,02a58127o0212o
58127.288496,-21.089,0.946,-13,13,o,0,1.14,16.88776,32.40824,521.02,10029.71,2.57,2.01,16.9,-0.45,19.58,20.87,02a58127o0213o
58127.290902,22.48,3.179,4,12,o,0,0.93,16.88776,32.40824,9881.64,9958.35,2.53,2.14,31.0,-0.439,19.61,20.9,02a58127o0218o
58127.294377,21.435,1.228,10,12,o,0,0.97,16.88776,32.40824,2190.62,255.15,2.53,2.04,33.1,-0.497,19.57,20.89,02a58127o0225o
58127.294834,20.261,0.509,29,14,o,0,1.05,16.88776,32.40824,540.17,9910.34,2.58,2.02,18.9,-0.442,19.57,20.86,02a58127o0226o
58127.298202,22.201,2.389,5,11,o,0,1.29,16.88776,32.40824,9949.01,10040.83,2.52,2.13,30.4,-0.437,19.58,20.92,02a58127o0233o
58127.30258,-24.595,20.0,0,10,o,0,1.23,16.88776,32.40824,2223.83,135.61,2.66,2.11,36.8,-0.466,19.52,20.91,02a58127o0242o
58127.30661,-23.157,6.533,-2,13,o,0,0.83,16.88776,32.40824,9965.05,9923.33,2.51,2.12,30.3,-0.445,19.6,20.93,02a58127o0250o
58129.261192,-20.582,0.659,-21,14,o,0,1.11,16.88776,32.40824,8656.04,791.36,3.56,3.05,-85.7,-0.435,19.28,21.09,01a58129o0058o
58129.27088,-21.816,2.071,-7,14,o,0,1.08,16.88776,32.40824,8686.67,867.2,3.59,3.06,-81.3,-0.435,19.3,21.12,01a58129o0078o
58129.278062,-20.218,0.613,-30,18,o,0,0.95,16.88776,32.40824,8648.19,816.52,3.89,3.26,-86.0,-0.419,19.03,20.86,01a58129o0093o
58129.284702,-21.033,1.135,-14,16,o,0,0.95,16.88776,32.40824,8642.51,958.22,3.84,3.1,-88.6,-0.442,19.23,21.05,01a58129o0107o
58130.268009,-25.3,53.0,0,15,o,0,1.28,16.88776,32.40824,5570.72,8522.91,4.05,3.22,-85.2,-0.393,19.17,20.87,01a58130o0087o
58130.277311,-21.224,1.333,-12,16,o,0,1.18,16.88776,32.40824,5617.33,8594.91,4.03,3.26,-82.5,-0.394,19.18,20.86,01a58130o0107o
58130.286286,-21.515,1.903,-9,17,o,0,0.89,16.88776,32.40824,5565.16,8550.39,4.15,3.28,-79.5,-0.394,19.2,20.87,01a58130o0126o
58130.294822,20.692,0.859,19,16,o,0,1.08,16.88776,32.40824,5562.6,8697.08,4.06,3.4,-81.8,-0.412,19.22,20.98,01a58130o0144o
58131.299024,-20.624,0.567,-20,12,o,0,0.98,16.88776,32.40824,2518.23,1290.42,2.39,2.04,36.9,-0.503,19.52,20.78,02a58131o0070o
58131.304807,21.845,1.796,7,12,o,0,1.03,16.88776,32.40824,2502.99,1250.84,2.47,2.08,35.8,-0.474,19.5,20.73,02a58131o0081o
58131.311836,-20.981,0.724,-15,11,o,0,1.76,16.88776,32.40824,2552.32,1328.48,2.48,2.1,33.8,-0.484,19.43,20.73,02a58131o0095o
58131.32028,22.271,2.844,4,13,o,0,1.29,16.88776,32.40824,2584.08,1211.02,2.61,2.22,38.2,-0.482,19.42,20.67,02a58131o0112o
58133.227152,21.977,2.37,6,14,o,0,1.05,16.88776,32.40824,7769.46,571.88,3.24,3.13,-74.2,-0.421,19.34,21.04,01a58133o0081o
58133.246091,-21.301,1.431,-11,16,o,0,0.71,16.88776,32.40824,7822.84,682.65,3.29,3.01,-87.5,-0.428,19.29,21.01,01a58133o0120o
58133.255178,-22.036,2.4,-6,13,o,0,1.21,16.88776,32.40824,7768.72,640.83,3.39,3.02,-89.5,-0.431,19.3,21.03,01a58133o0138o
58133.263622,-20.638,0.667,-20,13,o,0,1.03,16.88776,32.40824,7763.64,790.59,3.2,2.9,-86.2,-0.439,19.32,20.95,01a58133o0155o
58134.218932,-21.01,1.049,-14,15,o,0,1.01,16.88776,32.40824,7520.11,9089.63,3.95,2.8,-84.3,-0.413,19.37,21.0,01a58134o0060o
58134.228341,21.637,1.848,8,15,o,0,1.11,16.88776,32.40824,7561.78,9165.12,3.98,2.89,-82.6,-0.41,19.4,21.08,01a58134o0080o
58134.237643,-20.699,0.718,-19,14,o,0,1.03,16.88776,32.40824,7505.24,9124.74,4.0,2.89,-82.8,-0.407,19.42,21.13,01a58134o0100o
58134.247404,-20.697,0.733,-19,14,o,0,1.27,16.88776,32.40824,7501.89,9279.23,4.08,2.97,-82.1,-0.401,19.44,21.18,01a58134o0121o
58135.289309,-19.759,0.331,-45,15,c,0,1.32,16.88776,32.40824,885.82,10490.6,3.1,2.52,17.0,-0.397,19.64,21.53,02a58135o0201c
58135.296847,-21.562,1.2,-9,10,c,0,1.32,16.88776,32.40824,2593.33,716.81,3.26,2.81,40.9,-0.408,19.55,21.53,02a58135o0217c
58135.299171,-20.825,0.696,-17,12,c,0,1.58,16.88776,32.40824,869.82,10450.96,3.42,3.03,21.4,-0.363,19.48,21.45,02a58135o0222c
58135.300667,-17.559,0.467,-344,160,c,0,0.42,16.88776,32.40824,10324.06,10529.39,3.33,3.09,39.8,-0.351,19.54,21.52,02a58135o0225c
58135.306864,-21.883,1.737,-6,11,c,0,0.95,16.88776,32.40824,2576.98,678.03,3.03,2.55,39.7,-0.429,19.63,21.46,02a58135o0238c
58135.30916,-19.384,0.109,-64,7,c,0,1.54,16.88776,32.40824,934.0,10529.22,3.29,2.79,16.4,-0.367,19.5,21.4,02a58135o0243c
58135.310667,-22.153,3.414,-5,17,c,0,1.15,16.88776,32.40824,10307.33,10487.62,2.87,2.65,2.2,-0.456,19.6,21.45,02a58135o0246c
58135.316982,-20.778,0.573,-18,10,c,0,1.36,16.88776,32.40824,2625.43,757.73,3.26,2.86,39.9,-0.412,19.48,21.44,02a58135o0259c
58135.31929,22.158,2.452,5,12,c,0,1.03,16.88776,32.40824,951.63,10410.78,3.0,2.39,14.7,-0.424,19.6,21.36,02a58135o0264c
58135.326893,-22.234,2.545,-5,12,c,0,1.12,16.88776,32.40824,2657.13,641.52,3.37,2.92,39.3,-0.402,19.44,21.38,02a58135o0280c
58135.330699,-22.258,2.85,-4,13,c,0,1.43,16.88776,32.40824,10371.21,10453.52,3.18,2.94,7.7,-0.428,19.47,21.35,02a58135o0288c
58137.273514,-20.713,0.948,-19,18,o,0,0.91,16.88776,32.40824,8719.19,8908.56,4.84,3.32,-83.3,-0.347,19.34,21.14,01a58137o0173o
58137.280301,20.535,0.706,22,16,o,0,1.22,16.88776,32.40824,8748.95,8969.95,4.81,3.38,-81.2,-0.341,19.34,21.09,01a58137o0187o
58137.285123,21.049,1.095,14,15,o,0,1.18,16.88776,32.40824,8692.04,8928.69,4.84,3.4,-81.1,-0.338,19.32,21.06,01a58137o0197o
58137.290538,-20.939,1.174,-15,18,o,0,1.07,16.88776,32.40824,8687.32,9063.62,4.85,3.42,-80.8,-0.342,19.27,20.96,01a58137o0208o
58138.211773,22.718,7.0,3,21,o,0,0.97,16.88776,32.40824,8660.74,8983.09,4.14,2.84,-84.2,-0.396,19.04,20.19,01a58138o0039o
58138.220611,-20.336,0.627,-27,17,o,0,1.04,16.88776,32.40824,8653.13,8979.33,4.23,2.96,-85.1,-0.388,19.33,20.92,01a58138o0058o
58138.23041,0.0,20.907,0,16,o,0,1.24,16.88776,32.40824,8631.62,8998.69,4.43,3.14,-82.3,-0.374,19.28,20.91,01a58138o0079o
58138.240207,23.515,10.4,1,15,o,0,1.39,16.88776,32.40824,8612.34,9153.51,4.39,3.14,-82.3,-0.38,19.29,20.92,01a58138o0100o
58141.222424,-20.429,0.798,-24,20,o,0,0.97,16.88776,32.40824,8628.24,1943.67,4.16,3.27,89.7,-0.411,18.99,20.58,01a58141o0062o
58141.231719,-20.659,1.063,-20,21,o,0,0.82,16.88776,32.40824,8657.34,2018.75,4.24,3.47,-88.1,-0.398,18.96,20.59,01a58141o0081o
58141.241117,21.219,1.596,12,19,o,0,1.0,16.88776,32.40824,8621.72,1977.13,3.81,2.96,-89.6,-0.431,19.09,20.51,01a58141o0101o
58141.250929,22.563,5.0,3,17,o,0,1.07,16.88776,32.40824,8620.49,2131.13,3.7,2.75,-90.0,-0.441,19.11,20.48,01a58141o0121o
58143.279033,20.702,0.889,19,17,o,0,1.18,16.88776,32.40824,4058.66,886.5,2.56,2.08,31.0,-0.486,19.13,19.95,02a58143o0172o
58143.28822,-22.012,3.914,-6,22,o,0,1.58,16.88776,32.40824,4024.61,847.65,2.6,2.16,32.3,-0.471,18.5,19.16,02a58143o0190o
58143.295373,-19.443,0.599,-61,36,o,0,1.36,16.88776,32.40824,4089.84,926.65,2.58,2.14,30.0,-0.485,18.12,18.73,02a58143o0204o
58143.300787,-21.961,2.674,-6,16,o,0,1.1,16.88776,32.40824,4105.74,810.33,2.56,2.14,28.4,-0.497,19.07,19.93,02a58143o0215o
58144.220323,22.335,4.118,4,17,o,0,1.41,16.88776,32.40824,1160.2,1853.47,2.34,2.23,75.9,-0.497,18.91,19.74,02a58144o0002o
58144.22968,-18.782,0.503,-111,56,o,0,1.91,16.88776,32.40824,1206.69,1927.17,2.21,1.97,31.0,-0.545,17.6,18.07,02a58144o0022o
58144.239532,-18.884,0.987,-102,100,o,0,0.98,16.88776,32.40824,1219.96,1809.32,2.21,2.0,37.3,-0.541,17.45,17.67,02a58144o0043o
