# Combined data from 'ATLAS-ZTF' for 'SN 2024zwb'
ra, dec, filter, mjd, mag, dmag, flux, dflux, zp, source
320.50692, 7.14486, o, 60517.032762, -20.573, 0.705, -21, 15, nan, ATLAS-ZTF
320.50692, 7.14486, o, 60517.036077, -19.768, 0.409, -45, 18, nan, ATLAS-ZTF
320.50692, 7.14486, o, 60517.041538, -19.394, 0.365, -63, 23, nan, ATLAS-ZTF
320.50692, 7.14486, o, 60517.054303, -20.027, 0.562, -35, 20, nan, ATLAS-ZTF
320.50692, 7.14486, o, 60518.482097, 21.498, 1.362, 9, 12, 21.514393726401686, ATLAS-ZTF
320.50692, 7.14486, o, 60518.494954, -21.349, 1.192, -10, 12, nan, ATLAS-ZTF
320.50692, 7.14486, o, 60518.497796, -20.683, 0.693, -19, 13, nan, ATLAS-ZTF
320.50692, 7.14486, o, 60518.504432, -21.062, 0.951, -14, 13, nan, ATLAS-ZTF
320.50692, 7.14486, o, 60519.232936, 20.485, 0.649, 23, 15, 20.495680409956016, ATLAS-ZTF
320.50692, 7.14486, o, 60519.236106, 20.143, 0.41, 32, 13, 20.137125054200233, ATLAS-ZTF
320.50692, 7.14486, o, 60519.271337, -20.141, 0.661, -32, 21, nan, ATLAS-ZTF
320.50692, 7.14486, o, 60519.282267, -20.759, 0.981, -18, 18, nan, ATLAS-ZTF
320.50692, 7.14486, o, 60520.508966, -19.865, 0.321, -41, 13, nan, ATLAS-ZTF
320.50692, 7.14486, o, 60520.512129, 20.148, 0.427, 32, 14, 20.137125054200233, ATLAS-ZTF
320.50692, 7.14486, o, 60520.518555, 20.15, 0.379, 32, 12, 20.137125054200233, ATLAS-ZTF
320.50692, 7.14486, o, 60520.553756, -19.452, 0.247, -60, 15, nan, ATLAS-ZTF
320.50692, 7.14486, o, 60524.487772, 20.656, 0.589, 20, 12, 20.647425010840045, ATLAS-ZTF
320.50692, 7.14486, o, 60524.491388, 19.816, 0.287, 43, 12, 19.816328861051034, ATLAS-ZTF
320.50692, 7.14486, o, 60524.499822, -19.981, 0.317, -37, 12, nan, ATLAS-ZTF
320.50692, 7.14486, o, 60524.520225, -20.487, 0.47, -23, 11, nan, ATLAS-ZTF
320.50692, 7.14486, o, 60524.984327, -20.988, 0.882, -15, 13, nan, ATLAS-ZTF
320.50692, 7.14486, o, 60525.012393, -22.611, 4.304, -3, 14, nan, ATLAS-ZTF
320.50692, 7.14486, o, 60525.015211, -19.898, 0.293, -40, 12, nan, ATLAS-ZTF
320.50692, 7.14486, o, 60525.022957, -21.085, 0.773, -13, 10, nan, ATLAS-ZTF
320.50692, 7.14486, o, 60526.519291, 22.415, 3.031, 4, 12, 22.394850021680092, ATLAS-ZTF
320.50692, 7.14486, o, 60526.546275, 20.147, 0.368, 32, 12, 20.137125054200233, ATLAS-ZTF
320.50692, 7.14486, o, 60526.549143, 19.798, 0.226, 44, 10, 19.79136830878453, ATLAS-ZTF
320.50692, 7.14486, o, 60526.561546, 19.782, 0.282, 44, 12, 19.79136830878453, ATLAS-ZTF
320.50692, 7.14486, o, 60528.451896, 19.39, 0.179, 64, 11, 19.38455006504028, ATLAS-ZTF
320.50692, 7.14486, o, 60528.459531, -20.198, 0.442, -30, 13, nan, ATLAS-ZTF
320.50692, 7.14486, o, 60528.462697, 19.603, 0.247, 52, 13, 19.609991640913, ATLAS-ZTF
320.50692, 7.14486, o, 60528.496148, -20.226, 0.348, -30, 10, nan, ATLAS-ZTF
320.50692, 7.14486, o, 60528.912372, 19.792, 0.278, 44, 12, 19.79136830878453, ATLAS-ZTF
320.50692, 7.14486, o, 60528.915556, 19.871, 0.315, 41, 13, 19.86804035820066, ATLAS-ZTF
320.50692, 7.14486, o, 60528.919698, 20.533, 0.566, 22, 13, 20.543943297944484, ATLAS-ZTF
320.50692, 7.14486, o, 60528.929816, 20.069, 0.366, 34, 12, 20.07130270739436, ATLAS-ZTF
320.50692, 7.14486, o, 60530.471636, -21.668, 1.478, -8, 12, nan, ATLAS-ZTF
320.50692, 7.14486, o, 60530.476867, -20.31, 0.452, -27, 12, nan, ATLAS-ZTF
320.50692, 7.14486, o, 60530.480101, 21.605, 1.493, 8, 12, 21.64227503252014, ATLAS-ZTF
320.50692, 7.14486, o, 60530.514174, -19.576, 0.211, -54, 11, nan, ATLAS-ZTF
320.50692, 7.14486, c, 60532.449976, -20.821, 0.504, -17, 9, nan, ATLAS-ZTF
320.50692, 7.14486, c, 60532.453592, -20.08, 0.301, -34, 10, nan, ATLAS-ZTF
320.50692, 7.14486, c, 60532.45912, -19.984, 0.249, -37, 9, nan, ATLAS-ZTF
320.50692, 7.14486, c, 60532.494288, -20.135, 0.294, -32, 9, nan, ATLAS-ZTF
320.50692, 7.14486, o, 60534.425584, 21.895, 1.712, 6, 11, 21.95462187404089, ATLAS-ZTF
320.50692, 7.14486, o, 60534.430449, -24.607, 22.75, 0, 12, inf, ATLAS-ZTF
320.50692, 7.14486, o, 60534.435678, 19.905, 0.323, 40, 13, 19.894850021680092, ATLAS-ZTF
320.50692, 7.14486, o, 60534.469246, 22.695, 4.0, 3, 12, 22.707196863200842, ATLAS-ZTF
320.50692, 7.14486, c, 60536.497087, -23.525, 7.5, -1, 11, nan, ATLAS-ZTF
320.50692, 7.14486, c, 60536.500253, -21.797, 1.457, -7, 10, nan, ATLAS-ZTF
320.50692, 7.14486, c, 60536.505782, 20.064, 0.305, 34, 10, 20.07130270739436, ATLAS-ZTF
320.50692, 7.14486, c, 60536.540553, -20.871, 0.653, -16, 11, nan, ATLAS-ZTF
320.50692, 7.14486, o, 60536.931228, -20.032, 0.632, -35, 22, nan, ATLAS-ZTF
320.50692, 7.14486, o, 60536.93213, -19.973, 0.526, -37, 20, nan, ATLAS-ZTF
320.50692, 7.14486, o, 60536.935286, -18.99, 0.258, -92, 24, nan, ATLAS-ZTF
320.50692, 7.14486, o, 60536.940697, -19.734, 0.343, -46, 16, nan, ATLAS-ZTF
320.50692, 7.14486, o, 60536.950813, -20.124, 0.608, -32, 20, nan, ATLAS-ZTF
320.50692, 7.14486, o, 60538.386982, 22.871, 6.176, 3, 16, 22.707196863200842, ATLAS-ZTF
320.50692, 7.14486, o, 60538.407737, -24.587, 29.75, 0, 16, inf, ATLAS-ZTF
320.50692, 7.14486, o, 60538.409688, 20.049, 0.36, 35, 12, 20.03982988912431, ATLAS-ZTF
320.50692, 7.14486, o, 60538.426406, -19.621, 0.343, -52, 18, nan, ATLAS-ZTF
320.50692, 7.14486, o, 60543.545663, 18.576, 0.547, 135, 74, 18.574165578762482, ATLAS-ZTF
320.50692, 7.14486, o, 60543.574405, -22.296, 22.643, -4, 99, nan, ATLAS-ZTF
320.50692, 7.14486, o, 60543.586466, 19.259, 1.223, 72, 88, 19.256668758921826, ATLAS-ZTF
320.50692, 7.14486, o, 60543.590331, -20.189, 4.984, -30, 152, nan, ATLAS-ZTF
320.50692, 7.14486, o, 60544.966121, -21.591, 2.63, -8, 22, nan, ATLAS-ZTF
320.50692, 7.14486, o, 60544.969278, -19.831, 0.639, -42, 27, nan, ATLAS-ZTF
320.50692, 7.14486, o, 60544.97514, -18.9, 0.322, -100, 32, nan, ATLAS-ZTF
320.50692, 7.14486, o, 60544.986116, -19.387, 0.521, -64, 33, nan, ATLAS-ZTF
320.50692, 7.14486, o, 60546.115991, -20.406, 0.646, -25, 16, nan, ATLAS-ZTF
320.50692, 7.14486, o, 60546.117795, -20.573, 0.713, -21, 15, nan, ATLAS-ZTF
320.50692, 7.14486, o, 60546.136916, 19.619, 0.379, 52, 20, 19.609991640913, ATLAS-ZTF
320.50692, 7.14486, o, 60546.140211, 20.302, 0.773, 28, 21, 20.28210492164445, ATLAS-ZTF
320.50692, 7.14486, o, 60548.193875, -20.674, 0.659, -20, 13, nan, ATLAS-ZTF
320.50692, 7.14486, o, 60548.197029, -19.881, 0.321, -40, 13, nan, ATLAS-ZTF
320.50692, 7.14486, o, 60548.221994, -19.587, 0.196, -53, 10, nan, ATLAS-ZTF
320.50692, 7.14486, o, 60548.233995, -19.948, 0.348, -38, 13, nan, ATLAS-ZTF
320.50692, 7.14486, o, 60550.165008, -19.746, 0.374, -46, 17, nan, ATLAS-ZTF
320.50692, 7.14486, o, 60550.168244, -22.322, 3.6, -4, 15, nan, ATLAS-ZTF
320.50692, 7.14486, o, 60550.173905, -19.36, 0.276, -65, 18, nan, ATLAS-ZTF
320.50692, 7.14486, o, 60550.209283, -22.26, 5.15, -4, 23, nan, ATLAS-ZTF
320.50692, 7.14486, o, 60551.185625, -15.442, 0.377, -2416, 911, nan, ATLAS-ZTF
320.50692, 7.14486, o, 60551.210136, -17.861, 0.346, -260, 90, nan, ATLAS-ZTF
320.50692, 7.14486, o, 60551.213923, -17.418, 0.226, -392, 89, nan, ATLAS-ZTF
320.50692, 7.14486, o, 60551.225283, -16.919, 0.182, -620, 113, nan, ATLAS-ZTF
320.50692, 7.14486, o, 60551.909929, -22.097, 2.758, -5, 14, nan, ATLAS-ZTF
320.50692, 7.14486, o, 60551.912937, -19.052, 0.172, -87, 15, nan, ATLAS-ZTF
320.50692, 7.14486, o, 60551.922801, -20.715, 0.879, -19, 16, nan, ATLAS-ZTF
320.50692, 7.14486, o, 60551.942505, -19.501, 0.261, -58, 15, nan, ATLAS-ZTF
320.50692, 7.14486, o, 60553.394483, -20.074, 0.348, -34, 12, nan, ATLAS-ZTF
320.50692, 7.14486, o, 60553.411448, -20.255, 0.311, -29, 9, nan, ATLAS-ZTF
320.50692, 7.14486, o, 60553.414392, 21.708, 1.793, 8, 14, 21.64227503252014, ATLAS-ZTF
320.50692, 7.14486, o, 60553.433538, -20.488, 0.527, -23, 12, nan, ATLAS-ZTF
320.50692, 7.14486, o, 60555.156827, -20.046, 0.331, -35, 12, nan, ATLAS-ZTF
320.50692, 7.14486, o, 60555.159983, 19.295, 0.214, 70, 15, 19.287254899964356, ATLAS-ZTF
320.50692, 7.14486, o, 60555.165465, -19.664, 0.245, -50, 12, nan, ATLAS-ZTF
320.50692, 7.14486, o, 60555.201032, -20.336, 0.57, -27, 15, nan, ATLAS-ZTF
320.50692, 7.14486, o, 60556.386325, 20.208, 0.395, 30, 12, 20.207196863200842, ATLAS-ZTF
320.50692, 7.14486, o, 60556.389578, 20.805, 0.757, 17, 13, 20.823877696554312, ATLAS-ZTF
320.50692, 7.14486, o, 60556.395997, 23.821, 13.571, 1, 15, 23.9, ATLAS-ZTF
320.50692, 7.14486, o, 60556.405981, -20.522, 0.627, -22, 14, nan, ATLAS-ZTF
320.50692, 7.14486, c, 60556.979272, -20.346, 0.898, -26, 24, nan, ATLAS-ZTF
320.50692, 7.14486, c, 60556.982524, -21.334, 2.143, -11, 23, nan, ATLAS-ZTF
320.50692, 7.14486, c, 60557.0056, -18.956, 0.409, -95, 39, nan, ATLAS-ZTF
320.50692, 7.14486, c, 60557.013367, -20.433, 2.444, -24, 60, nan, ATLAS-ZTF
320.50692, 7.14486, o, 60558.377009, 20.385, 0.361, 26, 9, 20.362566630072955, ATLAS-ZTF
320.50692, 7.14486, o, 60558.388066, -22.031, 2.023, -6, 11, nan, ATLAS-ZTF
320.50692, 7.14486, o, 60558.391813, 20.134, 0.322, 32, 10, 20.137125054200233, ATLAS-ZTF
320.50692, 7.14486, o, 60558.399388, -21.4, 0.987, -10, 10, nan, ATLAS-ZTF
320.50692, 7.14486, o, 60559.132892, -20.614, 0.667, -21, 14, nan, ATLAS-ZTF
320.50692, 7.14486, o, 60559.135892, 20.474, 0.724, 24, 17, 20.449471895720983, ATLAS-ZTF
320.50692, 7.14486, o, 60559.141587, 19.556, 0.317, 55, 17, 19.54909327626439, ATLAS-ZTF
320.50692, 7.14486, o, 60559.176433, -20.572, 0.928, -21, 20, nan, ATLAS-ZTF
320.50692, 7.14486, o, 60560.29948, -21.588, 1.532, -8, 13, nan, ATLAS-ZTF
320.50692, 7.14486, o, 60560.301289, -19.107, 0.155, -83, 13, nan, ATLAS-ZTF
320.50692, 7.14486, o, 60560.304456, -19.533, 0.227, -56, 13, nan, ATLAS-ZTF
320.50692, 7.14486, o, 60560.309506, -20.53, 0.549, -22, 12, nan, ATLAS-ZTF
320.50692, 7.14486, c, 60560.880652, -20.015, 0.417, -36, 15, nan, ATLAS-ZTF
320.50692, 7.14486, c, 60560.883841, 23.253, 6.0, 2, 11, 23.147425010840045, ATLAS-ZTF
320.50692, 7.14486, c, 60560.915918, -20.356, 0.533, -26, 14, nan, ATLAS-ZTF
320.50692, 7.14486, c, 60560.922776, -19.728, 0.286, -47, 13, nan, ATLAS-ZTF
320.50692, 7.14486, o, 60562.358263, -20.892, 0.632, -16, 10, nan, ATLAS-ZTF
320.50692, 7.14486, o, 60562.36363, 20.73, 0.535, 18, 10, 20.761818737241732, ATLAS-ZTF
320.50692, 7.14486, o, 60562.37127, -20.607, 0.472, -21, 10, nan, ATLAS-ZTF
320.50692, 7.14486, o, 60562.374215, 21.484, 1.037, 9, 10, 21.514393726401686, ATLAS-ZTF
320.50692, 7.14486, o, 60563.133677, -17.326, 0.363, -426, 154, nan, ATLAS-ZTF
320.50692, 7.14486, o, 60563.137305, -17.091, 0.365, -529, 193, nan, ATLAS-ZTF
320.50692, 7.14486, o, 60563.171415, -21.323, 3.212, -11, 34, nan, ATLAS-ZTF
320.50692, 7.14486, o, 60563.194307, -19.379, 1.033, -64, 66, nan, ATLAS-ZTF
320.50692, 7.14486, o, 60564.376998, 22.073, 2.196, 5, 12, 22.15257498915995, ATLAS-ZTF
320.50692, 7.14486, o, 60564.379813, -21.223, 1.008, -12, 12, nan, ATLAS-ZTF
320.50692, 7.14486, o, 60564.389113, -20.873, 0.711, -16, 12, nan, ATLAS-ZTF
320.50692, 7.14486, o, 60564.40578, -21.265, 1.028, -11, 12, nan, ATLAS-ZTF
320.50692, 7.14486, o, 60564.81088, 20.54, 1.108, 22, 24, 20.543943297944484, ATLAS-ZTF
320.50692, 7.14486, o, 60564.823922, 19.595, 0.544, 53, 29, 19.589310325998028, ATLAS-ZTF
320.50692, 7.14486, o, 60564.840023, -20.492, 0.951, -23, 22, nan, ATLAS-ZTF
320.50692, 7.14486, o, 60564.843639, 21.336, 2.34, 11, 25, 21.296518287104437, ATLAS-ZTF
320.50692, 7.14486, o, 60567.113528, 21.252, 1.982, 12, 23, 21.202046884880936, ATLAS-ZTF
320.50692, 7.14486, o, 60567.117137, -21.195, 1.973, -12, 24, nan, ATLAS-ZTF
320.50692, 7.14486, o, 60567.122971, -20.588, 1.043, -21, 22, nan, ATLAS-ZTF
320.50692, 7.14486, o, 60567.133588, -19.777, 0.357, -45, 16, nan, ATLAS-ZTF
320.50692, 7.14486, o, 60571.204242, -22.478, 19.048, -4, 71, nan, ATLAS-ZTF
320.50692, 7.14486, o, 60571.207584, -18.224, 0.444, -186, 83, nan, ATLAS-ZTF
320.50692, 7.14486, o, 60571.213324, -19.098, 1.116, -83, 93, nan, ATLAS-ZTF
320.50692, 7.14486, o, 60571.245201, 19.37, 1.23, 65, 80, 19.36771660839286, ATLAS-ZTF
320.50692, 7.14486, o, 60572.423663, 19.326, 0.753, 68, 51, 19.318727718234406, ATLAS-ZTF
320.50692, 7.14486, o, 60572.427291, -21.493, 5.582, -9, 51, nan, ATLAS-ZTF
320.50692, 7.14486, o, 60572.433179, 21.451, 4.847, 10, 46, 21.4, ATLAS-ZTF
320.50692, 7.14486, o, 60572.4436, -19.146, 0.659, -80, 53, nan, ATLAS-ZTF
320.50692, 7.14486, o, 60574.384265, 21.601, 1.775, 8, 15, 21.64227503252014, ATLAS-ZTF
320.50692, 7.14486, o, 60574.394429, -21.201, 1.214, -12, 15, nan, ATLAS-ZTF
320.50692, 7.14486, o, 60574.40429, 20.191, 0.492, 30, 15, 20.207196863200842, ATLAS-ZTF
320.50692, 7.14486, o, 60574.418309, 21.277, 1.515, 11, 17, 21.296518287104437, ATLAS-ZTF
320.50692, 7.14486, o, 60575.134206, -20.275, 0.444, -28, 12, nan, ATLAS-ZTF
320.50692, 7.14486, o, 60575.137385, -20.092, 0.398, -33, 13, nan, ATLAS-ZTF
320.50692, 7.14486, o, 60575.143716, -20.375, 0.502, -26, 13, nan, ATLAS-ZTF
320.50692, 7.14486, o, 60575.155291, -20.362, 0.58, -26, 15, nan, ATLAS-ZTF
320.50692, 7.14486, c, 60580.342705, -21.501, 1.029, -9, 9, nan, ATLAS-ZTF
320.50692, 7.14486, c, 60580.345882, 21.869, 1.184, 6, 8, 21.95462187404089, ATLAS-ZTF
320.50692, 7.14486, c, 60580.35142, -21.053, 0.712, -14, 10, nan, ATLAS-ZTF
320.50692, 7.14486, c, 60580.36648, 0.0, 21.416, 0, 10, inf, ATLAS-ZTF
320.50692, 7.14486, o, 60582.347187, -21.626, 1.446, -8, 12, nan, ATLAS-ZTF
320.50692, 7.14486, o, 60582.350882, 21.142, 0.843, 13, 11, 21.115141619232908, ATLAS-ZTF
320.50692, 7.14486, o, 60582.356148, -20.873, 0.938, -16, 15, nan, ATLAS-ZTF
320.50692, 7.14486, o, 60582.371972, -20.905, 0.829, -16, 13, nan, ATLAS-ZTF
320.50692, 7.14486, c, 60583.099816, -20.008, 0.354, -36, 13, nan, ATLAS-ZTF
320.50692, 7.14486, c, 60583.107649, 21.992, 1.526, 6, 9, 21.95462187404089, ATLAS-ZTF
320.50692, 7.14486, c, 60583.110447, 23.465, 5.8, 2, 9, 23.147425010840045, ATLAS-ZTF
320.50692, 7.14486, c, 60583.124615, -21.461, 0.919, -10, 9, nan, ATLAS-ZTF
320.50692, 7.14486, c, 60584.330867, -22.217, 2.056, -5, 10, nan, ATLAS-ZTF
320.50692, 7.14486, c, 60584.33404, -20.317, 0.395, -27, 11, nan, ATLAS-ZTF
320.50692, 7.14486, c, 60584.340926, -19.976, 0.324, -37, 12, nan, ATLAS-ZTF
320.50692, 7.14486, c, 60584.353686, 20.979, 0.759, 15, 11, 20.959771852360795, ATLAS-ZTF
320.50692, 7.14486, o, 60584.763588, -22.281, 3.727, -4, 17, nan, ATLAS-ZTF
320.50692, 7.14486, o, 60584.765404, -23.555, 13.429, -1, 18, nan, ATLAS-ZTF
320.50692, 7.14486, o, 60584.769058, 20.876, 0.988, 16, 16, 20.889700043360186, ATLAS-ZTF
320.50692, 7.14486, o, 60584.784305, -21.268, 1.419, -11, 16, nan, ATLAS-ZTF
320.50692, 7.14486, o, 60586.315972, -20.116, 0.364, -33, 12, nan, ATLAS-ZTF
320.50692, 7.14486, o, 60586.319203, -21.677, 1.475, -8, 11, nan, ATLAS-ZTF
320.50692, 7.14486, o, 60586.326606, -20.748, 0.64, -18, 12, nan, ATLAS-ZTF
320.50692, 7.14486, o, 60586.340642, -21.913, 2.208, -6, 14, nan, ATLAS-ZTF
320.50692, 7.14486, c, 60587.069465, 20.494, 0.508, 23, 12, 20.495680409956016, ATLAS-ZTF
320.50692, 7.14486, c, 60587.072661, 22.252, 2.76, 5, 13, 22.15257498915995, ATLAS-ZTF
320.50692, 7.14486, c, 60587.078121, -19.03, 0.135, -89, 12, nan, ATLAS-ZTF
320.50692, 7.14486, c, 60587.088134, -21.345, 1.183, -10, 12, nan, ATLAS-ZTF
320.50692, 7.14486, c, 60588.322042, -20.683, 0.548, -19, 11, nan, ATLAS-ZTF
320.50692, 7.14486, c, 60588.325228, -20.911, 0.809, -16, 13, nan, ATLAS-ZTF
320.50692, 7.14486, c, 60588.331564, 24.81, 24.333, 0, 10, inf, ATLAS-ZTF
320.50692, 7.14486, c, 60588.341627, -21.39, 1.241, -10, 12, nan, ATLAS-ZTF
320.50692, 7.14486, o, 60588.756817, -23.814, 33.667, -1, 36, nan, ATLAS-ZTF
320.50692, 7.14486, o, 60588.761803, 21.163, 2.707, 12, 34, 21.202046884880936, ATLAS-ZTF
320.50692, 7.14486, o, 60588.781678, -19.866, 0.584, -41, 24, nan, ATLAS-ZTF
320.50692, 7.14486, o, 60588.787382, 22.155, 5.3, 5, 26, 22.15257498915995, ATLAS-ZTF
320.50692, 7.14486, o, 60590.309858, -20.435, 0.449, -24, 11, nan, ATLAS-ZTF
320.50692, 7.14486, o, 60590.313092, 21.158, 0.975, 12, 12, 21.202046884880936, ATLAS-ZTF
320.50692, 7.14486, o, 60590.318781, -22.095, 2.452, -5, 13, nan, ATLAS-ZTF
320.50692, 7.14486, o, 60590.330419, -21.864, 2.344, -6, 15, nan, ATLAS-ZTF
320.50692, 7.14486, o, 60592.336741, 21.627, 1.781, 8, 14, 21.64227503252014, ATLAS-ZTF
320.50692, 7.14486, o, 60592.339978, -19.49, 0.247, -58, 14, nan, ATLAS-ZTF
320.50692, 7.14486, o, 60592.343183, -20.752, 0.918, -18, 17, nan, ATLAS-ZTF
320.50692, 7.14486, o, 60592.346346, -19.398, 0.236, -63, 15, nan, ATLAS-ZTF
320.50692, 7.14486, o, 60592.837849, -25.298, 57.5, 0, 16, inf, ATLAS-ZTF
320.50692, 7.14486, o, 60592.844313, -20.031, 0.448, -35, 16, nan, ATLAS-ZTF
320.50692, 7.14486, o, 60592.874316, -18.969, 0.191, -94, 18, nan, ATLAS-ZTF
320.50692, 7.14486, o, 60592.886317, -19.351, 0.228, -66, 15, nan, ATLAS-ZTF
320.50692, 7.14486, o, 60598.345607, -19.075, 0.324, -85, 28, nan, ATLAS-ZTF
320.50692, 7.14486, o, 60598.348476, -21.105, 2.129, -13, 28, nan, ATLAS-ZTF
320.50692, 7.14486, o, 60598.376205, 19.946, 0.802, 38, 31, 19.950541008457975, ATLAS-ZTF
320.50692, 7.14486, o, 60598.404789, -20.805, 1.911, -17, 33, nan, ATLAS-ZTF
320.50692, 7.14486, o, 60599.104107, 20.837, 2.192, 17, 37, 20.823877696554312, ATLAS-ZTF
320.50692, 7.14486, o, 60599.111856, -19.249, 0.433, -72, 31, nan, ATLAS-ZTF
320.50692, 7.14486, o, 60599.115035, 21.125, 2.488, 13, 32, 21.115141619232908, ATLAS-ZTF
320.50692, 7.14486, o, 60599.125009, -20.465, 1.647, -24, 39, nan, ATLAS-ZTF
320.50692, 7.14486, o, 60600.372006, 20.001, 2.458, 36, 89, 20.00924374808178, ATLAS-ZTF
320.50692, 7.14486, o, 60600.375171, -21.857, 13.044, -7, 86, nan, ATLAS-ZTF
320.50692, 7.14486, o, 60600.381985, -18.69, 0.475, -121, 58, nan, ATLAS-ZTF
320.50692, 7.14486, o, 60600.400571, -18.629, 0.841, -128, 108, nan, ATLAS-ZTF
320.50692, 7.14486, o, 60600.857241, -19.788, 1.016, -44, 45, nan, ATLAS-ZTF
320.50692, 7.14486, o, 60600.860442, -19.842, 1.134, -42, 48, nan, ATLAS-ZTF
320.50692, 7.14486, o, 60600.871289, -19.075, 0.59, -85, 50, nan, ATLAS-ZTF
320.50692, 7.14486, o, 60600.883062, -18.385, 0.328, -161, 53, nan, ATLAS-ZTF
320.50692, 7.14486, o, 60602.413734, 21.057, 1.846, 14, 25, 21.034679910804403, ATLAS-ZTF
320.50692, 7.14486, o, 60603.141404, -22.392, 6.4, -4, 26, nan, ATLAS-ZTF
320.50692, 7.14486, o, 60603.144572, -19.464, 0.533, -60, 32, nan, ATLAS-ZTF
320.50692, 7.14486, o, 60603.156015, 20.71, 1.396, 19, 26, 20.703115997617928, ATLAS-ZTF
320.50692, 7.14486, o, 60603.166491, -20.456, 1.403, -24, 34, nan, ATLAS-ZTF
320.50692, 7.14486, o, 60604.310468, -20.248, 0.526, -29, 15, nan, ATLAS-ZTF
320.50692, 7.14486, o, 60604.313635, -19.893, 0.319, -40, 13, nan, ATLAS-ZTF
320.50692, 7.14486, o, 60604.319974, 20.051, 0.599, 35, 21, 20.03982988912431, ATLAS-ZTF
320.50692, 7.14486, o, 60604.330394, -19.371, 0.333, -65, 22, nan, ATLAS-ZTF
320.50692, 7.14486, o, 60607.044272, -19.346, 0.248, -66, 16, nan, ATLAS-ZTF
320.50692, 7.14486, o, 60607.047903, 21.56, 1.875, 9, 16, 21.514393726401686, ATLAS-ZTF
320.50692, 7.14486, o, 60607.053345, -21.146, 1.271, -13, 16, nan, ATLAS-ZTF
320.50692, 7.14486, o, 60607.070307, 20.481, 0.829, 23, 19, 20.495680409956016, ATLAS-ZTF
320.50692, 7.14486, o, 60608.269543, 19.493, 0.276, 58, 16, 19.491430016092657, ATLAS-ZTF
320.50692, 7.14486, o, 60608.273161, -20.536, 0.775, -22, 17, nan, ATLAS-ZTF
320.50692, 7.14486, o, 60608.282991, 19.889, 0.539, 40, 22, 19.894850021680092, ATLAS-ZTF
320.50692, 7.14486, o, 60608.29917, 21.85, 2.795, 7, 18, 21.787254899964356, ATLAS-ZTF
320.50692, 7.14486, c, 60608.768489, -21.667, 1.474, -8, 12, nan, ATLAS-ZTF
320.50692, 7.14486, c, 60608.772118, -16.109, 0.006, -1308, 8, nan, ATLAS-ZTF
320.50692, 7.14486, c, 60608.777545, -22.766, 4.267, -3, 12, nan, ATLAS-ZTF
320.50692, 7.14486, c, 60608.788915, -21.075, 0.941, -14, 13, nan, ATLAS-ZTF
320.50692, 7.14486, o, 60611.016637, 20.684, 0.805, 19, 16, 20.703115997617928, ATLAS-ZTF
320.50692, 7.14486, o, 60611.019822, 19.426, 0.251, 62, 15, 19.419020776254364, ATLAS-ZTF
320.50692, 7.14486, o, 60611.025703, 20.331, 0.693, 27, 18, 20.32159058960253, ATLAS-ZTF
320.50692, 7.14486, o, 60611.037611, -23.15, 7.615, -2, 15, nan, ATLAS-ZTF
320.50692, 7.14486, c, 60612.763434, 19.294, 0.171, 70, 12, 19.287254899964356, ATLAS-ZTF
320.50692, 7.14486, c, 60612.766631, 19.513, 0.218, 57, 12, 19.51031286081877, ATLAS-ZTF
320.50692, 7.14486, c, 60612.772567, 19.429, 0.177, 61, 11, 19.43667541247308, ATLAS-ZTF
320.50692, 7.14486, c, 60612.78344, 19.48, 0.204, 59, 12, 19.47286997089464, ATLAS-ZTF
320.50692, 7.14486, c, 60614.298752, 18.834, 0.096, 106, 10, 18.836735336838075, ATLAS-ZTF
320.50692, 7.14486, c, 60614.302608, 19.154, 0.128, 79, 10, 19.155932271773896, ATLAS-ZTF
320.50692, 7.14486, c, 60614.314336, 19.414, 0.173, 62, 11, 19.419020776254364, ATLAS-ZTF
320.50692, 7.14486, c, 60614.328504, 19.419, 0.202, 62, 12, 19.419020776254364, ATLAS-ZTF
320.50692, 7.14486, o, 60615.011211, 18.655, 0.126, 125, 16, 18.657724967479858, ATLAS-ZTF
320.50692, 7.14486, o, 60615.024359, 17.519, 0.061, 357, 22, 17.518329459719517, ATLAS-ZTF
320.50692, 7.14486, o, 60615.027969, 19.198, 0.177, 76, 14, 19.197966019298022, ATLAS-ZTF
320.50692, 7.14486, o, 60615.034306, 19.066, 0.192, 86, 16, 19.06375387189108, ATLAS-ZTF
320.50692, 7.14486, o, 60616.283331, 18.901, 0.131, 100, 13, 18.9, ATLAS-ZTF
320.50692, 7.14486, o, 60616.286969, 18.885, 0.158, 101, 16, 18.889196565543394, ATLAS-ZTF
320.50692, 7.14486, o, 60616.300368, 18.625, 0.112, 129, 14, 18.623525724251877, ATLAS-ZTF
320.50692, 7.14486, o, 60616.317261, 18.509, 0.103, 143, 15, 18.511659906337343, ATLAS-ZTF
320.50692, 7.14486, c, 60616.764375, -16.24, 0.647, -1159, 750, nan, ATLAS-ZTF
320.50692, 7.14486, o, 60618.248133, 18.494, 0.121, 145, 18, 18.496579994412564, ATLAS-ZTF
320.50692, 7.14486, o, 60618.251367, 18.343, 0.083, 167, 14, 18.34320882213104, ATLAS-ZTF
320.50692, 7.14486, o, 60618.261528, 18.196, 0.071, 191, 14, 18.19741658188068, ATLAS-ZTF
320.50692, 7.14486, o, 60618.270405, 18.268, 0.089, 179, 16, 18.267867422550268, ATLAS-ZTF
320.50692, 7.14486, o, 60619.025827, 17.821, 0.103, 270, 28, 17.82159058960253, ATLAS-ZTF
320.50692, 7.14486, o, 60619.029467, 17.941, 0.126, 242, 30, 17.940461585048922, ATLAS-ZTF
320.50692, 7.14486, o, 60619.039486, 17.723, 0.084, 296, 25, 17.72177072235265, ATLAS-ZTF
320.50692, 7.14486, o, 60619.044927, 17.697, 0.086, 303, 26, 17.696393428744237, ATLAS-ZTF
320.50692, 7.14486, o, 60623.015267, 18.002, 0.117, 229, 27, 18.00041129415028, ATLAS-ZTF
320.50692, 7.14486, o, 60623.018431, 18.207, 0.149, 189, 28, 18.208845489566887, ATLAS-ZTF
320.50692, 7.14486, o, 60623.024313, 18.303, 0.124, 173, 22, 18.30488474217801, ATLAS-ZTF
320.50692, 7.14486, o, 60623.037014, 18.273, 0.145, 178, 26, 18.273949994227763, ATLAS-ZTF
320.50692, 7.14486, o, 60624.269566, 18.205, 0.105, 190, 20, 18.203115997617928, ATLAS-ZTF
320.50692, 7.14486, o, 60624.273636, 18.096, 0.099, 210, 21, 18.0944517631652, ATLAS-ZTF
320.50692, 7.14486, o, 60624.279069, 18.049, 0.094, 219, 20, 18.0488897128997, ATLAS-ZTF
320.50692, 7.14486, o, 60624.289089, 18.091, 0.092, 211, 20, 18.089293861755767, ATLAS-ZTF
320.50692, 7.14486, o, 60624.779047, 17.761, 0.475, 286, 136, 17.75908491717739, ATLAS-ZTF
320.50692, 7.14486, o, 60624.782201, 17.488, 0.436, 367, 160, 17.488334839369777, ATLAS-ZTF
320.50692, 7.14486, o, 60624.788091, -16.683, 0.669, -771, 516, nan, ATLAS-ZTF
320.50692, 7.14486, o, 60624.799538, 19.314, 2.023, 68, 138, 19.318727718234406, ATLAS-ZTF
320.50692, 7.14486, o, 60627.036205, 17.849, 0.149, 263, 39, 17.850110628775603, ATLAS-ZTF
320.50692, 7.14486, o, 60627.039366, 18.413, 0.236, 157, 37, 18.410250868976917, ATLAS-ZTF
320.50692, 7.14486, o, 60627.056274, 18.753, 0.355, 114, 41, 18.75773787165882, ATLAS-ZTF
320.50692, 7.14486, o, 60627.062303, 18.663, 0.276, 124, 34, 18.66644578709441, ATLAS-ZTF
320.50692, 7.14486, o, 60628.769527, 18.454, 0.215, 151, 32, 18.452557631767075, ATLAS-ZTF
320.50692, 7.14486, o, 60628.772741, 18.531, 0.219, 140, 31, 18.534679910804403, ATLAS-ZTF
320.50692, 7.14486, o, 60628.778657, 18.08, 0.146, 213, 31, 18.079050991403154, ATLAS-ZTF
320.50692, 7.14486, o, 60628.795439, 18.242, 0.166, 183, 30, 18.243872275673926, ATLAS-ZTF
320.50692, 7.14486, o, 60630.27822, 18.382, 0.184, 161, 30, 18.382935309920374, ATLAS-ZTF
320.50692, 7.14486, o, 60630.279352, 18.842, 0.21, 105, 22, 18.847026752325153, ATLAS-ZTF
320.50692, 7.14486, o, 60630.281385, 18.781, 0.31, 112, 35, 18.776954943324544, ATLAS-ZTF
320.50692, 7.14486, o, 60630.282218, 18.864, 0.201, 103, 21, 18.86790693823707, ATLAS-ZTF
320.50692, 7.14486, o, 60630.301252, 18.636, 0.202, 128, 26, 18.631975075880327, ATLAS-ZTF
320.50692, 7.14486, o, 60630.302317, 22.934, 12.25, 2, 30, 23.147425010840045, ATLAS-ZTF
320.50692, 7.14486, o, 60630.307848, 18.662, 0.254, 124, 32, 18.66644578709441, ATLAS-ZTF
320.50692, 7.14486, o, 60630.31437, 18.979, 0.266, 93, 25, 18.97879262861516, ATLAS-ZTF
320.50692, 7.14486, o, 60631.014306, 18.433, 0.2, 154, 31, 18.43119819790884, ATLAS-ZTF
320.50692, 7.14486, o, 60631.017466, 18.957, 0.284, 95, 27, 18.955690986777878, ATLAS-ZTF
320.50692, 7.14486, o, 60631.024735, 18.33, 0.143, 169, 24, 18.330283238465814, ATLAS-ZTF
320.50692, 7.14486, o, 60631.036605, 18.609, 0.157, 131, 20, 18.606821760860587, ATLAS-ZTF
320.50692, 7.14486, o, 60631.275553, 18.276, 0.117, 178, 21, 18.273949994227763, ATLAS-ZTF
320.50692, 7.14486, o, 60631.278346, 19.331, 0.307, 67, 21, 19.334812993247933, ATLAS-ZTF
320.50692, 7.14486, o, 60631.297358, 18.606, 0.159, 131, 21, 18.606821760860587, ATLAS-ZTF
320.50692, 7.14486, o, 60631.302608, 18.637, 0.144, 127, 18, 18.640490697610105, ATLAS-ZTF
320.50692, 7.14486, o, 60632.268515, 18.587, 0.136, 133, 18, 18.590370897582282, ATLAS-ZTF
320.50692, 7.14486, o, 60632.271348, 18.832, 0.143, 106, 15, 18.836735336838075, ATLAS-ZTF
320.50692, 7.14486, o, 60632.286989, 18.66, 0.155, 125, 19, 18.657724967479858, ATLAS-ZTF
320.50692, 7.14486, o, 60632.294508, 18.866, 0.156, 103, 16, 18.86790693823707, ATLAS-ZTF
320.50692, 7.14486, o, 60633.259173, 19.077, 0.167, 85, 14, 19.076452685714266, ATLAS-ZTF
320.50692, 7.14486, o, 60633.262857, 20.37, 0.413, 26, 11, 20.362566630072955, ATLAS-ZTF
320.50692, 7.14486, o, 60633.270289, 19.155, 0.172, 79, 14, 19.155932271773896, ATLAS-ZTF
320.50692, 7.14486, o, 60633.294205, 18.939, 0.205, 96, 20, 18.944321917401076, ATLAS-ZTF
320.50692, 7.14486, o, 60634.218064, 19.087, 0.156, 84, 13, 19.089301784845293, ATLAS-ZTF
320.50692, 7.14486, o, 60634.221354, 19.409, 0.166, 63, 10, 19.401648626366043, ATLAS-ZTF
320.50692, 7.14486, o, 60634.226903, 19.149, 0.163, 80, 13, 19.14227503252014, ATLAS-ZTF
320.50692, 7.14486, o, 60634.242408, 19.193, 0.178, 76, 14, 19.197966019298022, ATLAS-ZTF
320.50692, 7.14486, c, 60636.213885, 20.468, 0.46, 24, 11, 20.449471895720983, ATLAS-ZTF
320.50692, 7.14486, c, 60636.217502, 20.984, 0.735, 15, 11, 20.959771852360795, ATLAS-ZTF
320.50692, 7.14486, c, 60636.224788, 19.852, 0.302, 42, 13, 19.841876774005247, ATLAS-ZTF
320.50692, 7.14486, c, 60636.234781, 20.263, 0.435, 28, 12, 20.28210492164445, ATLAS-ZTF
320.50692, 7.14486, o, 60638.222361, 19.68, 0.253, 49, 12, 19.674509799928714, ATLAS-ZTF
320.50692, 7.14486, o, 60638.225594, 19.225, 0.154, 74, 11, 19.226920700672558, ATLAS-ZTF
320.50692, 7.14486, o, 60638.23677, 19.665, 0.262, 49, 13, 19.674509799928714, ATLAS-ZTF
320.50692, 7.14486, o, 60638.252964, 19.369, 0.206, 65, 13, 19.36771660839286, ATLAS-ZTF
320.50692, 7.14486, c, 60640.205749, 19.888, 0.286, 40, 12, 19.894850021680092, ATLAS-ZTF
320.50692, 7.14486, c, 60640.209394, 21.82, 1.83, 7, 12, 21.787254899964356, ATLAS-ZTF
320.50692, 7.14486, c, 60640.215378, 19.741, 0.274, 46, 13, 19.743105420796063, ATLAS-ZTF
320.50692, 7.14486, c, 60640.225386, 20.36, 0.497, 26, 13, 20.362566630072955, ATLAS-ZTF
320.50692, 7.14486, c, 60644.200563, 19.74, 1.324, 46, 61, 19.743105420796063, ATLAS-ZTF
320.50692, 7.14486, c, 60644.206036, 19.092, 0.924, 84, 77, 19.089301784845293, ATLAS-ZTF
320.50692, 7.14486, c, 60644.226071, 20.63, 1.709, 20, 35, 20.647425010840045, ATLAS-ZTF
320.50692, 7.14486, c, 60644.237051, -16.861, 0.44, -654, 288, nan, ATLAS-ZTF
320.50692, 7.14486, o, 60650.196062, 20.059, 0.552, 34, 19, 20.07130270739436, ATLAS-ZTF
320.50692, 7.14486, o, 60650.201549, 20.41, 0.6, 25, 15, 20.405149978319905, ATLAS-ZTF
320.50692, 7.14486, o, 60650.207069, 20.559, 0.706, 22, 15, 20.543943297944484, ATLAS-ZTF
320.50692, 7.14486, o, 60650.224487, 20.651, 0.64, 20, 13, 20.647425010840045, ATLAS-ZTF
320.50692, 7.14486, o, 60652.221213, -21.459, 1.859, -10, 18, nan, ATLAS-ZTF
320.50692, 7.14486, o, 60652.234405, 19.977, 0.453, 37, 17, 19.97949568983251, ATLAS-ZTF
320.50692, 7.14486, o, 60652.237628, 21.233, 1.591, 12, 19, 21.202046884880936, ATLAS-ZTF
320.50692, 7.14486, o, 60652.243158, 21.534, 1.901, 9, 17, 21.514393726401686, ATLAS-ZTF
320.50692, 7.14486, o, 60654.215279, 19.726, 0.344, 47, 16, 19.719755355160704, ATLAS-ZTF
320.50692, 7.14486, o, 60654.218526, 23.344, 11.727, 2, 20, 23.147425010840045, ATLAS-ZTF
320.50692, 7.14486, o, 60654.228689, 19.038, 0.227, 88, 20, 19.038793319624578, ATLAS-ZTF
320.50692, 7.14486, o, 60654.241549, 20.412, 0.841, 25, 21, 20.405149978319905, ATLAS-ZTF
320.50692, 7.14486, o, 60656.208887, 21.362, 2.467, 10, 26, 21.4, ATLAS-ZTF
320.50692, 7.14486, o, 60656.212524, 19.662, 0.391, 50, 19, 19.65257498915995, ATLAS-ZTF
320.50692, 7.14486, o, 60656.217989, -19.732, 0.562, -46, 26, nan, ATLAS-ZTF
320.50692, 7.14486, o, 60656.228032, -20.9, 1.506, -16, 24, nan, ATLAS-ZTF
320.50692, 7.14486, o, 60657.232894, 19.94, 0.629, 38, 24, 19.950541008457975, ATLAS-ZTF
320.50692, 7.14486, o, 60657.242501, -21.126, 1.793, -13, 23, nan, ATLAS-ZTF
320.50692, 7.14486, o, 60657.257254, 19.173, 0.373, 78, 29, 19.1697634932738, ATLAS-ZTF
320.50692, 7.14486, o, 60657.261389, 20.043, 0.747, 35, 26, 20.03982988912431, ATLAS-ZTF
320.50692, 7.14486, o, 60658.225046, -20.636, 1.108, -20, 22, nan, ATLAS-ZTF
320.50692, 7.14486, o, 60658.2292, 19.605, 0.51, 52, 27, 19.609991640913, ATLAS-ZTF
320.50692, 7.14486, o, 60658.243094, 19.099, 0.3, 83, 25, 19.102304769059813, ATLAS-ZTF
320.50692, 7.14486, o, 60658.251118, -19.894, 0.767, -40, 31, nan, ATLAS-ZTF
320.50692, 7.14486, o, 60658.259949, 19.354, 0.483, 66, 32, 19.351140161145327, ATLAS-ZTF
320.50692, 7.14486, o, 60658.263652, 21.132, 2.466, 13, 32, 21.115141619232908, ATLAS-ZTF
320.50692, 7.14486, o, 60658.270991, 19.3, 0.452, 69, 31, 19.30287727315686, ATLAS-ZTF
320.50692, 7.14486, o, 60658.285337, 19.593, 0.742, 53, 39, 19.589310325998028, ATLAS-ZTF
320.50692, 7.14486, o, 60659.250579, -20.296, 1.589, -28, 44, nan, ATLAS-ZTF
320.50692, 7.14486, o, 60660.208199, -19.262, 0.428, -72, 31, nan, ATLAS-ZTF
320.50692, 7.14486, o, 60660.211845, -20.29, 0.995, -28, 28, nan, ATLAS-ZTF
320.50692, 7.14486, o, 60660.217753, 20.428, 1.14, 24, 28, 20.449471895720983, ATLAS-ZTF
320.50692, 7.14486, o, 60660.231587, 21.155, 3.122, 12, 39, 21.202046884880936, ATLAS-ZTF
320.50692, 7.14486, o, 60661.255936, -20.454, 1.28, -24, 31, nan, ATLAS-ZTF
320.50692, 7.14486, o, 60661.26605, -20.721, 2.07, -19, 39, nan, ATLAS-ZTF
320.50692, 7.14486, o, 60661.269236, -19.059, 0.386, -86, 33, nan, ATLAS-ZTF
320.50692, 7.14486, o, 60661.274729, -18.951, 0.504, -95, 48, nan, ATLAS-ZTF
320.50692, 7.14486, o, 60664.198444, 22.301, 7.432, 4, 32, 22.394850021680092, ATLAS-ZTF
320.50692, 7.14486, o, 60664.201625, 21.578, 2.651, 8, 22, 21.64227503252014, ATLAS-ZTF
320.50692, 7.14486, o, 60664.208427, 21.002, 1.015, 14, 15, 21.034679910804403, ATLAS-ZTF
320.50692, 7.14486, o, 60664.218421, 19.433, 0.224, 61, 14, 19.43667541247308, ATLAS-ZTF
320.50692, 7.14486, o, 60672.198881, -19.293, 4.638, -70, 323, nan, ATLAS-ZTF
320.50692, 7.14486, o, 60672.202062, 21.204, 10.95, 12, 131, 21.202046884880936, ATLAS-ZTF
320.50692, 7.14486, o, 60672.207523, -19.39, 0.516, -64, 33, nan, ATLAS-ZTF
320.50670539999999, 7.1428357, zg, 60527.314201399997, 19.26861, 0.055705592, 602.2224203783995, 30.89807293505971, 26.2180023, ATLAS-ZTF
320.50663200000002, 7.1425029999999996, zg, 60529.317037000001, 19.2367535, 0.0544426106, 581.2950704106102, 29.148167872982107, 26.1477451, ATLAS-ZTF
320.50641510000003, 7.1431649999999998, zg, 60531.332581000002, 19.354599, 0.05928161, 540.25794212627, 29.498289256796845, 26.1861019, ATLAS-ZTF
320.5066731, 7.1431364000000004, zg, 60536.312615700001, 19.1805973, 0.0522944182, 699.697689801023, 33.70089663002425, 26.2928734, ATLAS-ZTF
320.50661209999998, 7.1426619000000002, zg, 60552.3249421, 19.2018394, 0.0530954748, 664.590363870718, 32.500289446534026, 26.2582245, ATLAS-ZTF
320.50669210000001, 7.1424921000000001, zg, 60554.262534699999, 19.3852882, 0.0606188215, 561.0832190994086, 31.32639710841122, 26.2578564, ATLAS-ZTF
320.5067396, 7.1430125999999996, zg, 60568.2881366, 19.2110405, 0.0534467623, 675.6441176091671, 33.259451416465275, 26.2853355, ATLAS-ZTF
320.50666189999998, 7.1430230999999997, zg, 60571.254074099998, 19.0045166, 0.0461675189, 813.7960920758924, 34.60412050091819, 26.2808056, ATLAS-ZTF
320.50665809999998, 7.1427212999999998, zg, 60578.180752300002, 19.2536697, 0.055109188, 646.523447376538, 32.81587373778232, 26.2801304, ATLAS-ZTF
320.506483, 7.1429429000000004, zg, 60603.1139005, 19.2400627, 0.0545722917, 657.9317427653973, 33.06958248931303, 26.2855148, ATLAS-ZTF
320.50640870000001, 7.1453398000000004, zg, 60515.337141199998, 17.9405746, 0.0235721339, 1796.3996426567558, 39.00116135857368, 26.076582, ATLAS-ZTF
320.50639430000001, 7.1454203999999999, zg, 60518.383263900003, 17.5962181, 0.0197354462, 2879.469216599499, 52.34016288644911, 26.2444992, ATLAS-ZTF
320.506394, 7.1453369000000002, zg, 60520.3544329, 17.6647091, 0.0204086881, 2816.3041815545735, 52.93834117733716, 26.288908, ATLAS-ZTF
320.5063566, 7.1453239000000002, zg, 60522.326840299997, 17.637249, 0.0201338697, 2551.0872957328925, 47.30730998977202, 26.1540623, ATLAS-ZTF
320.50640279999999, 7.1453502000000002, zg, 60525.329455999999, 17.6644592, 0.0204061642, 2650.2709730118263, 49.811238137555684, 26.2226849, ATLAS-ZTF
320.50637519999998, 7.1453391000000002, zg, 60527.314201399997, 17.6483307, 0.0202439744, 2678.358085806955, 49.939029651486834, 26.2180023, ATLAS-ZTF
320.5064155, 7.1453920999999996, zg, 60529.317037000001, 17.6046753, 0.0198163893, 2613.5325900309163, 47.70107050434725, 26.1477451, ATLAS-ZTF
320.50636429999997, 7.1453867999999998, zg, 60531.332581000002, 17.5985451, 0.0197576582, 2722.8437491965906, 49.54888295414002, 26.1861019, ATLAS-ZTF
320.50637060000003, 7.1454075000000001, zg, 60532.288888900002, 17.6114769, 0.0198819321, 5274.125259578126, 96.5794452080438, 26.916853, ATLAS-ZTF
320.50636969999999, 7.1453308, zg, 60533.288321799999, 17.6370316, 0.0201317258, 4797.820546907256, 88.96121107931556, 26.8396416, ATLAS-ZTF
320.50636059999999, 7.1453968999999997, zg, 60534.253877299998, 17.6298752, 0.0200611968, 4237.289725646641, 78.29259327660715, 26.6975956, ATLAS-ZTF
320.50636059999999, 7.1453255000000002, zg, 60536.312615700001, 17.5793171, 0.0195754785, 3057.894656309939, 55.13286822114872, 26.2928734, ATLAS-ZTF
320.50639159999997, 7.1454219999999999, zg, 60538.354201399998, 17.6104622, 0.0198721327, 2944.8059368835825, 53.898519821888826, 26.2831039, ATLAS-ZTF
320.5063619, 7.1453728999999999, zg, 60540.349965300004, 17.7453747, 0.0212555733, 2606.8103701890855, 51.03380421499145, 26.2856483, ATLAS-ZTF
320.50640320000002, 7.1454050999999996, zg, 60544.3621528, 17.62117, 0.0199760161, 2877.8004754141257, 52.94747322372534, 26.2688217, ATLAS-ZTF
320.5063816, 7.1454642000000002, zg, 60546.314918999997, 17.6086617, 0.0198547523, 2584.063371025575, 47.25451535499387, 26.1394196, ATLAS-ZTF
320.50635970000002, 7.1453442000000003, zg, 60548.294537000002, 17.8008804, 0.0218743011, 2413.5276579266583, 48.62528344481849, 26.2575111, ATLAS-ZTF
320.5063834, 7.1453509999999998, zg, 60550.309710599999, 17.5854073, 0.0196328461, 3016.062104793971, 54.53800183871849, 26.284008, ATLAS-ZTF
320.50633199999999, 7.1454231999999998, zg, 60552.3249421, 17.5587788, 0.0193842649, 3018.4103404595585, 53.88939353772542, 26.2582245, ATLAS-ZTF
320.5063571, 7.1453259999999998, zg, 60554.262534699999, 17.5932484, 0.0197071675, 2923.096816810484, 53.057048604576984, 26.2578564, ATLAS-ZTF
320.50633269999997, 7.1453464999999996, zg, 60556.253125000003, 17.6563492, 0.0203243122, 2691.1488520538296, 50.376646929627135, 26.2311935, ATLAS-ZTF
320.50634020000001, 7.1453932, zg, 60558.275243099997, 17.7444496, 0.021245515, 2480.0580137365705, 48.529384486582856, 26.2306042, ATLAS-ZTF
320.50636589999999, 7.1453192999999997, zg, 60562.250034700002, 17.6431007, 0.0201918799, 2338.9290071944633, 43.49801858032148, 26.0656433, ATLAS-ZTF
320.50632969999998, 7.1454459999999997, zg, 60564.2330324, 17.6618271, 0.0203795377, 2728.618629948056, 51.21684806516755, 26.2516842, ATLAS-ZTF
320.50630200000001, 7.1454177000000003, zg, 60568.2881366, 17.6395988, 0.0201571267, 2872.729141643745, 53.33336498233011, 26.2853355, ATLAS-ZTF
320.50633820000002, 7.1454154000000001, zg, 60571.254074099998, 17.6867676, 0.0206343215, 2739.146117787908, 52.057232117909976, 26.2808056, ATLAS-ZTF
320.50638359999999, 7.1453930999999997, zg, 60575.154270799998, 17.5504665, 0.0193078704, 2944.2166203480356, 52.357610150680784, 26.2228909, ATLAS-ZTF
320.50637160000002, 7.1454051999999999, zg, 60576.247743100001, 17.6285858, 0.0200485438, 2846.5011263740817, 52.561756952346684, 26.2643642, ATLAS-ZTF
320.50638850000001, 7.1454218999999997, zg, 60578.180752300002, 17.6812134, 0.0205770973, 2751.4827853970596, 52.14667130585653, 26.2801304, ATLAS-ZTF
320.50639799999999, 7.1453289, zg, 60592.1887384, 17.6361198, 0.0201227143, 2865.093767958891, 53.100802094179755, 26.2789669, ATLAS-ZTF
320.5063907, 7.1453968999999997, zg, 60594.248032399999, 17.508934, 0.0189343914, 3151.2309988268307, 54.955007360090896, 26.2551346, ATLAS-ZTF
320.50640270000002, 7.1454158999999997, zg, 60596.214259300003, 17.7688065, 0.0215130784, 2570.9907847744144, 50.94232473425803, 26.2940578, ATLAS-ZTF
320.5063624, 7.1452860999999999, zg, 60598.201597200001, 17.6995373, 0.0207669623, 2689.286798816368, 51.438201397501146, 26.2736301, ATLAS-ZTF
320.50636209999999, 7.1452381999999997, zg, 60600.254745400001, 17.6625671, 0.0203870106, 2687.860716141921, 50.47031191477696, 26.236084, ATLAS-ZTF
320.50634500000001, 7.1454022000000004, zg, 60603.1139005, 17.6038666, 0.0198086258, 2969.335564688072, 54.17380098201731, 26.2855148, ATLAS-ZTF
320.50636580000003, 7.1453647, zg, 60607.145474500001, 17.6474552, 0.0202352423, 2867.54604355436, 53.443450391944175, 26.2912312, ATLAS-ZTF
320.50633740000001, 7.1453318000000001, zg, 60609.183217600003, 17.6541195, 0.0203019176, 2763.6517732285024, 51.67685329944215, 26.2578278, ATLAS-ZTF
320.50634239999999, 7.1453337000000001, zr, 60515.4017245, 16.7485828, 0.0148279266, 5435.890753251855, 74.23809645621353, 26.0867596, ATLAS-ZTF
320.50636969999999, 7.1453521000000002, zr, 60518.341168999999, 16.6084824, 0.0140983006, 6747.225111340821, 87.61281738481064, 26.1812954, ATLAS-ZTF
320.50639530000001, 7.1453547000000004, zr, 60522.379722199999, 16.5346451, 0.0137526607, 6729.5756565537495, 85.24130470548397, 26.1046143, ATLAS-ZTF
320.50633470000002, 7.145359, zr, 60525.275451399997, 16.5611649, 0.0138738817, 6730.17814547458, 86.0003516517538, 26.1312313, ATLAS-ZTF
320.50638300000003, 7.1452787999999998, zr, 60527.361411999998, 16.6119499, 0.0141151669, 6575.308290355021, 85.4826186421503, 26.1567402, ATLAS-ZTF
320.50633909999999, 7.1454646999999998, zr, 60529.286446799997, 16.6244926, 0.0141766546, 6195.181009177783, 80.89160236777603, 26.1046276, ATLAS-ZTF
320.5063796, 7.1453043000000003, zr, 60531.276400499999, 16.5148468, 0.0136642372, 6936.676481758958, 87.29965198823881, 26.1177254, ATLAS-ZTF
320.50638259999999, 7.1452819999999999, zr, 60532.325740699998, 16.620636, 0.0141576668, 12529.924092388386, 163.3863636046341, 26.8655071, ATLAS-ZTF
320.50636960000003, 7.1453943000000004, zr, 60533.324282399997, 16.5686569, 0.0139087141, 12517.318993279938, 160.3518519628024, 26.8124352, ATLAS-ZTF
320.50632589999998, 7.1452681, zr, 60534.317152800002, 16.6044426, 0.0140787233, 12323.175684091037, 159.7944140328778, 26.8312492, ATLAS-ZTF
320.50635990000001, 7.1454046, zr, 60536.372963000002, 16.5543938, 0.0138426246, 7277.559418930532, 92.7854506453449, 26.2093582, ATLAS-ZTF
320.50634150000002, 7.1454111999999999, zr, 60540.291446800002, 16.5430717, 0.0137908338, 7447.3485479024885, 94.59493533023915, 26.2230759, ATLAS-ZTF
320.50634719999999, 7.1454084, zr, 60544.328703699997, 16.6254578, 0.0141814202, 6737.311074189395, 87.99986492343024, 26.1966743, ATLAS-ZTF
320.50634550000001, 7.1453660000000001, zr, 60546.270393500003, 16.5645256, 0.0138894729, 6788.158901445923, 86.83872628483513, 26.1439056, ATLAS-ZTF
320.50632669999999, 7.1454161000000003, zr, 60548.232754600001, 16.5409698, 0.0137812775, 7108.1456799746065, 90.2238754651999, 26.1703606, ATLAS-ZTF
320.50637399999999, 7.1453613000000002, zr, 60550.233518499997, 16.5345612, 0.0137522798, 7360.166517644349, 93.2262080620084, 26.2017803, ATLAS-ZTF
320.50639189999998, 7.1452840000000002, zr, 60552.253923600001, 16.6180763, 0.0141451051, 6727.412843466427, 87.64556372431306, 26.1876965, ATLAS-ZTF
320.5063538, 7.1453815000000001, zr, 60554.377210600003, 16.5715656, 0.0139223076, 6843.248643562207, 87.75042425722559, 26.1597214, ATLAS-ZTF
320.50638129999999, 7.1454130999999999, zr, 60556.280080999997, 16.6324463, 0.0142160449, 6535.439520306858, 85.57152396204195, 26.1706333, ATLAS-ZTF
320.50632990000003, 7.1453552, zr, 60558.2957523, 16.5946617, 0.0140316524, 6750.117924219782, 87.2360228539688, 26.1679401, ATLAS-ZTF
320.50640179999999, 7.1453446999999999, zr, 60562.266759300001, 16.6049728, 0.01408129, 5992.022010656425, 77.7126149507307, 26.0489063, ATLAS-ZTF
320.50634810000003, 7.1453803999999996, zr, 60564.331493099999, 16.588089, 0.0140002817, 6856.051639252129, 88.40697572635484, 26.1782742, ATLAS-ZTF
320.5063634, 7.1453568000000001, zr, 60566.204097200003, 16.6134949, 0.0141226994, 5902.258142755129, 76.77354514479164, 26.0410404, ATLAS-ZTF
320.50633310000001, 7.1454086999999999, zr, 60568.3390162, 16.6573963, 0.0143416505, 6513.387554589628, 86.03630188401405, 26.1919136, ATLAS-ZTF
320.50633909999999, 7.1454275999999997, zr, 60571.233958299999, 16.6072006, 0.0140920822, 6927.591648715329, 89.91520272963336, 26.2086563, ATLAS-ZTF
320.50636359999999, 7.1454136999999998, zr, 60575.192708299997, 16.6574364, 0.0143418582, 6424.215782496188, 84.859647670391, 26.1769867, ATLAS-ZTF
320.50636809999997, 7.1454040000000001, zr, 60576.2104282, 16.65452, 0.0143270111, 6440.770730103165, 84.99025208733809, 26.1768646, ATLAS-ZTF
320.50635870000002, 7.1454021000000001, zr, 60580.154976899998, 16.606678, 0.0140895452, 6785.7510099064775, 88.05835630333584, 26.1856728, ATLAS-ZTF
320.50636459999998, 7.1454145999999996, zr, 60592.130324099999, 16.4972916, 0.0135872839, 7617.938109574872, 95.33355098025996, 26.2018852, ATLAS-ZTF
320.50634609999997, 7.1454114000000004, zr, 60594.187754600003, 16.6216087, 0.0141624492, 6886.458267981771, 89.8276348903171, 26.2165985, ATLAS-ZTF
320.5063432, 7.1454079000000004, zr, 60596.1757755, 16.5559654, 0.0138498656, 7365.405809034663, 93.95457211202992, 26.2239571, ATLAS-ZTF
320.50638450000002, 7.1452996999999998, zr, 60598.128055599998, 16.6626968, 0.0143687334, 6664.820848524472, 88.2028558240292, 26.222168, ATLAS-ZTF
320.50641180000002, 7.1453435000000001, zr, 60600.190937500003, 16.6869392, 0.014494434, 6429.646852314959, 85.83493074632052, 26.207407, ATLAS-ZTF
320.50634680000002, 7.1453917999999996, zr, 60603.173148100002, 16.6160107, 0.0141349882, 6844.3542553732195, 89.10531509619521, 26.2043419, ATLAS-ZTF
320.5063834, 7.1454173000000001, zr, 60607.301261599998, 16.6350365, 0.0142289428, 6202.945422788001, 81.29171268819793, 26.1165314, ATLAS-ZTF
320.50634839999998, 7.1453433000000004, zr, 60609.154224500002, 16.5843487, 0.0139825167, 6996.214560648413, 90.0998663416977, 26.1965065, ATLAS-ZTF
320.50656770000001, 7.1425340999999998, zr, 60518.341168999999, 18.4336929, 0.0377358422, 1256.148546042929, 43.658692696717395, 26.1812954, ATLAS-ZTF
320.50659899999999, 7.1426631, zr, 60527.361411999998, 18.4491405, 0.0381465144, 1210.7093043626646, 42.5373490454552, 26.1567402, ATLAS-ZTF
320.50661980000001, 7.1426923999999996, zr, 60529.286446799997, 18.4366837, 0.0378148928, 1167.2867612159355, 40.65520109654361, 26.1046276, ATLAS-ZTF
320.50658069999997, 7.1424424000000002, zr, 60532.325740699998, 18.3549118, 0.0357248783, 2536.519001264912, 83.46118719142586, 26.8655071, ATLAS-ZTF
320.50655330000001, 7.1427139000000004, zr, 60534.317152800002, 18.2607079, 0.0334949084, 2680.5043725432706, 82.69342776879898, 26.8312492, ATLAS-ZTF
320.506598, 7.1427154000000002, zr, 60536.372963000002, 18.2445259, 0.0331300795, 1534.3799681426074, 46.81996428321778, 26.2093582, ATLAS-ZTF
320.50658090000002, 7.1424051000000004, zr, 60544.328703699997, 18.2967262, 0.0343258791, 1445.370677967408, 45.69583194257279, 26.1966743, ATLAS-ZTF
320.50654800000001, 7.1422372999999997, zr, 60548.232754600001, 18.491909, 0.0393125787, 1178.6385457658846, 42.67640738718578, 26.1703606, ATLAS-ZTF
320.50658650000003, 7.1422561, zr, 60550.233518499997, 18.3745346, 0.0362129584, 1351.7559192540023, 45.08561163971116, 26.2017803, ATLAS-ZTF
320.50653390000002, 7.1428998000000004, zr, 60552.253923600001, 18.625185, 0.0432333946, 1059.2649447371616, 42.17932416831475, 26.1876965, ATLAS-ZTF
320.50662110000002, 7.1425866999999998, zr, 60554.377210600003, 18.2956982, 0.0343017802, 1398.3287276204032, 44.17754925365687, 26.1597214, ATLAS-ZTF
320.5066774, 7.1423465999999998, zr, 60556.280080999997, 18.4446583, 0.0380267836, 1231.3740584442724, 43.12759825628675, 26.1706333, ATLAS-ZTF
320.50655119999999, 7.1425831999999998, zr, 60558.2957523, 18.3088493, 0.0346115045, 1391.9906559979163, 44.374398350990504, 26.1679401, ATLAS-ZTF
320.50664440000003, 7.1426788999999999, zr, 60564.331493099999, 18.3292274, 0.0350985564, 1379.1729161536862, 44.58447472860712, 26.1782742, ATLAS-ZTF
320.50653749999998, 7.1426382999999998, zr, 60566.204097200003, 18.5645924, 0.0413953587, 978.5413899594978, 37.30839191200573, 26.0410404, ATLAS-ZTF
320.50657030000002, 7.1422539, zr, 60568.3390162, 18.502636, 0.0396118388, 1190.4496728361742, 43.43218945195278, 26.1919136, ATLAS-ZTF
320.50667340000001, 7.1426540999999997, zr, 60575.192708299997, 18.4577065, 0.0383766405, 1223.804596402195, 43.256832398655426, 26.1769867, ATLAS-ZTF
320.50662169999998, 7.1426226000000002, zr, 60592.130324099999, 18.3432198, 0.0354380123, 1391.4453699214778, 45.41624191765829, 26.2018852, ATLAS-ZTF
320.50655669999998, 7.1425343000000003, zr, 60596.1757755, 18.5659294, 0.0414349176, 1156.6742836070794, 44.14212533510849, 26.2239571, ATLAS-ZTF
320.5065664, 7.1425672000000002, zr, 60603.173148100002, 18.420208, 0.0373817906, 1299.1328364693852, 44.729015613236584, 26.2043419, ATLAS-ZTF
320.50647559999999, 7.1423132000000003, zr, 60607.301261599998, 18.3592644, 0.0358324163, 1267.3798557755215, 41.82717901766867, 26.1165314, ATLAS-ZTF
320.50663969999999, 7.1425257999999996, zr, 60609.154224500002, 18.3584785, 0.035812974, 1365.2469029007284, 45.032625441514476, 26.1965065, ATLAS-ZTF
320.50638780000003, 7.1453844000000002, zi, 60576.276469900004, 16.1246414, 0.0139322346, 5556.49029316999, 71.30122950474211, 25.4866428, ATLAS-ZTF
320.5063586, 7.1452958999999998, zi, 60577.276296299999, 16.1850281, 0.014161435, 5316.189336767353, 69.33992751682742, 25.4990292, ATLAS-ZTF
