ra,dec,z,z_err,discdate,mjd,mag,dmag,flux,dflux,zp,filter
205.6478611,30.190925266666667,0.034737364873935556,4.3363332375759766e-05,2022-06-17 06:52:51.001,59733.337794,20.761818737241732,0.54286810238,18.0,9.0,23.9,c
205.6478611,30.190925266666667,0.034737364873935556,4.3363332375759766e-05,2022-06-17 06:52:51.001,59733.343277,nan,0.29231359358923076,-26.0,7.0,23.9,c
205.6478611,30.190925266666667,0.034737364873935556,4.3363332375759766e-05,2022-06-17 06:52:51.001,59749.344944,17.98628003777275,0.04211907690879311,232.0,9.0,23.9,c
205.6478611,30.190925266666667,0.034737364873935556,4.3363332375759766e-05,2022-06-17 06:52:51.001,59749.3454,17.95855760735872,0.0456191682672269,238.0,10.0,23.9,c
205.6478611,30.190925266666667,0.034737364873935556,4.3363332375759766e-05,2022-06-17 06:52:51.001,59749.348143,17.84599018282542,0.03701373425318182,264.0,9.0,23.9,c
205.6478611,30.190925266666667,0.034737364873935556,4.3363332375759766e-05,2022-06-17 06:52:51.001,59749.3486,17.905149978319905,0.04777239300944,250.0,11.0,23.9,c
205.6478611,30.190925266666667,0.034737364873935556,4.3363332375759766e-05,2022-06-17 06:52:51.001,59749.355468,17.935984316004216,0.049148552478847744,243.0,11.0,23.9,c
205.6478611,30.190925266666667,0.034737364873935556,4.3363332375759766e-05,2022-06-17 06:52:51.001,59749.358666,17.862566630072955,0.05011090175815385,260.0,12.0,23.9,c
205.6478611,30.190925266666667,0.034737364873935556,4.3363332375759766e-05,2022-06-17 06:52:51.001,59749.364152,17.98628003777275,0.051478871777413795,232.0,11.0,23.9,c
205.6478611,30.190925266666667,0.034737364873935556,4.3363332375759766e-05,2022-06-17 06:52:51.001,59749.365981,17.88791570845015,0.04274551987244095,254.0,10.0,23.9,c
205.6478611,30.190925266666667,0.034737364873935556,4.3363332375759766e-05,2022-06-17 06:52:51.001,59750.304806,17.74400500525261,0.04118309742193104,290.0,11.0,23.9,c
205.6478611,30.190925266666667,0.034737364873935556,4.3363332375759766e-05,2022-06-17 06:52:51.001,59750.308022,17.707196863200842,0.03981032750786667,300.0,11.0,23.9,c
205.6478611,30.190925266666667,0.034737364873935556,4.3363332375759766e-05,2022-06-17 06:52:51.001,59750.30985,17.57770824930586,0.035334610214082844,338.0,11.0,23.9,c
205.6478611,30.190925266666667,0.034737364873935556,4.3363332375759766e-05,2022-06-17 06:52:51.001,59750.313049,17.668099027432906,0.0384022451844373,311.0,11.0,23.9,c
205.6478611,30.190925266666667,0.034737364873935556,4.3363332375759766e-05,2022-06-17 06:52:51.001,59750.319262,17.664613514953892,0.04175908479846154,312.0,12.0,23.9,c
205.6478611,30.190925266666667,0.034737364873935556,4.3363332375759766e-05,2022-06-17 06:52:51.001,59750.320178,17.718108876706967,0.036556774571043775,297.0,10.0,23.9,c
205.6478611,30.190925266666667,0.034737364873935556,4.3363332375759766e-05,2022-06-17 06:52:51.001,59750.337553,17.661139156133878,0.0346880576600639,313.0,10.0,23.9,c
205.6478611,30.190925266666667,0.034737364873935556,4.3363332375759766e-05,2022-06-17 06:52:51.001,59750.338009,17.671595765414317,0.038526123394709684,310.0,11.0,23.9,c
205.6478611,30.190925266666667,0.034737364873935556,4.3363332375759766e-05,2022-06-17 06:52:51.001,59753.335466,17.154748635941523,0.02610988869162325,499.0,12.0,23.9,c
205.6478611,30.190925266666667,0.034737364873935556,4.3363332375759766e-05,2022-06-17 06:52:51.001,59753.336836,17.114175600636916,0.02515219007166023,518.0,12.0,23.9,c
205.6478611,30.190925266666667,0.034737364873935556,4.3363332375759766e-05,2022-06-17 06:52:51.001,59753.338683,17.141771554703347,0.025799672192316835,505.0,12.0,23.9,c
205.6478611,30.190925266666667,0.034737364873935556,4.3363332375759766e-05,2022-06-17 06:52:51.001,59753.340532,17.15257498915995,0.026057668914240002,500.0,12.0,23.9,c
205.6478611,30.190925266666667,0.034737364873935556,4.3363332375759766e-05,2022-06-17 06:52:51.001,59753.346025,17.131074559755156,0.023417839710509807,510.0,11.0,23.9,c
205.6478611,30.190925266666667,0.034737364873935556,4.3363332375759766e-05,2022-06-17 06:52:51.001,59753.346944,17.12682509756042,0.025446942299062504,512.0,12.0,23.9,c
205.6478611,30.190925266666667,0.034737364873935556,4.3363332375759766e-05,2022-06-17 06:52:51.001,59753.3616,17.11837574593197,0.02524967918046512,516.0,12.0,23.9,c
205.6478611,30.190925266666667,0.034737364873935556,4.3363332375759766e-05,2022-06-17 06:52:51.001,59753.363887,17.09547346196863,0.026782866531081598,527.0,13.0,23.9,c
205.6478611,30.190925266666667,0.034737364873935556,4.3363332375759766e-05,2022-06-17 06:52:51.001,59754.340152,17.04909327626439,0.02566285574887273,550.0,13.0,23.9,c
205.6478611,30.190925266666667,0.034737364873935556,4.3363332375759766e-05,2022-06-17 06:52:51.001,59754.343359,16.99706046711067,0.020698610489358754,577.0,11.0,23.9,c
205.6478611,30.190925266666667,0.034737364873935556,4.3363332375759766e-05,2022-06-17 06:52:51.001,59754.348885,17.065001783654033,0.02203523662797048,542.0,11.0,23.9,c
205.6478611,30.190925266666667,0.034737364873935556,4.3363332375759766e-05,2022-06-17 06:52:51.001,59754.358953,17.035362012065676,0.02534034230140036,557.0,13.0,23.9,c
205.6478611,30.190925266666667,0.034737364873935556,4.3363332375759766e-05,2022-06-17 06:52:51.001,59757.389399,16.719609318129265,0.12824803492467116,745.0,88.0,23.9,c
205.6478611,30.190925266666667,0.034737364873935556,4.3363332375759766e-05,2022-06-17 06:52:51.001,59758.279087,16.810773571268935,0.03328534350359125,685.0,21.0,23.9,c
205.6478611,30.190925266666667,0.034737364873935556,4.3363332375759766e-05,2022-06-17 06:52:51.001,59758.282257,16.781068352144718,0.029302539617102275,704.0,19.0,23.9,c
205.6478611,30.190925266666667,0.034737364873935556,4.3363332375759766e-05,2022-06-17 06:52:51.001,59758.302694,16.776451465507748,0.04453514842721358,707.0,29.0,23.9,c
205.6478611,30.190925266666667,0.034737364873935556,4.3363332375759766e-05,2022-06-17 06:52:51.001,59758.309182,16.80602890441122,0.02367157423168605,688.0,15.0,23.9,c
205.6478611,30.190925266666667,0.034737364873935556,4.3363332375759766e-05,2022-06-17 06:52:51.001,59778.305549,17.503228573667084,0.035991255406408844,362.0,12.0,23.9,c
205.6478611,30.190925266666667,0.034737364873935556,4.3363332375759766e-05,2022-06-17 06:52:51.001,59778.309164,17.42792068601448,0.03078118106278351,388.0,11.0,23.9,c
205.6478611,30.190925266666667,0.034737364873935556,4.3363332375759766e-05,2022-06-17 06:52:51.001,59778.31551,17.40029231981578,0.03273576496763819,398.0,12.0,23.9,c
205.6478611,30.190925266666667,0.034737364873935556,4.3363332375759766e-05,2022-06-17 06:52:51.001,59778.327303,17.473642650295254,0.03794239425236559,372.0,13.0,23.9,c
205.6478611,30.190925266666667,0.034737364873935556,4.3363332375759766e-05,2022-06-17 06:52:51.001,59781.296815,17.57770824930586,0.032122372921893495,338.0,10.0,23.9,c
205.6478611,30.190925266666667,0.034737364873935556,4.3363332375759766e-05,2022-06-17 06:52:51.001,59781.301362,17.623637474483466,0.036861414359135806,324.0,11.0,23.9,c
205.6478611,30.190925266666667,0.034737364873935556,4.3363332375759766e-05,2022-06-17 06:52:51.001,59781.306804,17.552309753018058,0.03451762500682081,346.0,11.0,23.9,c
205.6478611,30.190925266666667,0.034737364873935556,4.3363332375759766e-05,2022-06-17 06:52:51.001,59781.323573,17.515292433390314,0.036393392338324025,358.0,12.0,23.9,c
205.6478611,30.190925266666667,0.034737364873935556,4.3363332375759766e-05,2022-06-17 06:52:51.001,59782.312356,17.668099027432906,0.041893358383022515,311.0,12.0,23.9,c
205.6478611,30.190925266666667,0.034737364873935556,4.3363332375759766e-05,2022-06-17 06:52:51.001,59782.318258,17.685696433796046,0.03902973285084967,306.0,11.0,23.9,c
205.6478611,30.190925266666667,0.034737364873935556,4.3363332375759766e-05,2022-06-17 06:52:51.001,59782.32323,17.692816040978116,0.03928650740907895,304.0,11.0,23.9,c
205.6478611,30.190925266666667,0.034737364873935556,4.3363332375759766e-05,2022-06-17 06:52:51.001,59782.338654,17.657675879816964,0.04149310336662421,314.0,12.0,23.9,c
205.6478611,30.190925266666667,0.034737364873935556,4.3363332375759766e-05,2022-06-17 06:52:51.001,59785.326377,17.84599018282542,0.0493516456709091,264.0,12.0,23.9,c
205.6478611,30.190925266666667,0.034737364873935556,4.3363332375759766e-05,2022-06-17 06:52:51.001,59785.32955,17.78210492164445,0.05040918093528572,280.0,13.0,23.9,c
205.6478611,30.190925266666667,0.034737364873935556,4.3363332375759766e-05,2022-06-17 06:52:51.001,59785.335882,17.770533911189272,0.053711331684240284,283.0,14.0,23.9,c
205.6478611,30.190925266666667,0.034737364873935556,4.3363332375759766e-05,2022-06-17 06:52:51.001,59785.346295,17.797727294836953,0.04720592194608696,276.0,12.0,23.9,c
205.6478611,30.190925266666667,0.034737364873935556,4.3363332375759766e-05,2022-06-17 06:52:51.001,59786.287826,17.84188531515798,0.05326253079954718,265.0,13.0,23.9,c
205.6478611,30.190925266666667,0.034737364873935556,4.3363332375759766e-05,2022-06-17 06:52:51.001,59786.291014,17.892198697060454,0.06008026429501977,253.0,14.0,23.9,c
205.6478611,30.190925266666667,0.034737364873935556,4.3363332375759766e-05,2022-06-17 06:52:51.001,59786.296897,17.854246771700637,0.053872407106412216,262.0,13.0,23.9,c
205.6478611,30.190925266666667,0.034737364873935556,4.3363332375759766e-05,2022-06-17 06:52:51.001,59786.306876,17.850110628775603,0.05779584359939164,263.0,14.0,23.9,c
205.6478611,30.190925266666667,0.034737364873935556,4.3363332375759766e-05,2022-06-17 06:52:51.001,59790.248959,18.00993535701719,0.15783830289462555,227.0,33.0,23.9,c
205.6478611,30.190925266666667,0.034737364873935556,4.3363332375759766e-05,2022-06-17 06:52:51.001,59790.252125,18.053858765988487,0.07968706089981653,218.0,16.0,23.9,c
205.6478611,30.190925266666667,0.034737364873935556,4.3363332375759766e-05,2022-06-17 06:52:51.001,59790.257554,18.014728902131495,0.057649709987256645,226.0,12.0,23.9,c
205.6478611,30.190925266666667,0.034737364873935556,4.3363332375759766e-05,2022-06-17 06:52:51.001,59790.268489,18.00041129415028,0.05215326747755459,229.0,11.0,23.9,c
205.6478611,30.190925266666667,0.034737364873935556,4.3363332375759766e-05,2022-06-17 06:52:51.001,59727.33644,17.935984316004216,0.7685046387601647,243.0,172.0,23.9,o
205.6478611,30.190925266666667,0.034737364873935556,4.3363332375759766e-05,2022-06-17 06:52:51.001,59731.321541,nan,0.3166730597216667,-48.0,14.0,23.9,o
205.6478611,30.190925266666667,0.034737364873935556,4.3363332375759766e-05,2022-06-17 06:52:51.001,59731.333488,20.761818737241732,0.8444614925911113,18.0,14.0,23.9,o
205.6478611,30.190925266666667,0.034737364873935556,4.3363332375759766e-05,2022-06-17 06:52:51.001,59731.343046,nan,0.8685889638080001,-15.0,12.0,23.9,o
205.6478611,30.190925266666667,0.034737364873935556,4.3363332375759766e-05,2022-06-17 06:52:51.001,59731.346732,20.703115997617928,0.8000161508757895,19.0,14.0,23.9,o
205.6478611,30.190925266666667,0.034737364873935556,4.3363332375759766e-05,2022-06-17 06:52:51.001,59732.315228,nan,0.5040918093528572,-28.0,13.0,23.9,o
205.6478611,30.190925266666667,0.034737364873935556,4.3363332375759766e-05,2022-06-17 06:52:51.001,59735.298833,nan,0.42771426248121214,-33.0,13.0,23.9,o
205.6478611,30.190925266666667,0.034737364873935556,4.3363332375759766e-05,2022-06-17 06:52:51.001,59735.318816,20.889700043360186,0.8821606663675001,16.0,13.0,23.9,o
205.6478611,30.190925266666667,0.034737364873935556,4.3363332375759766e-05,2022-06-17 06:52:51.001,59735.321582,nan,0.9306310326514287,-14.0,12.0,23.9,o
205.6478611,30.190925266666667,0.034737364873935556,4.3363332375759766e-05,2022-06-17 06:52:51.001,59735.322503,nan,0.6909230393927274,-22.0,14.0,23.9,o
205.6478611,30.190925266666667,0.034737364873935556,4.3363332375759766e-05,2022-06-17 06:52:51.001,59735.32964,nan,0.4151344312317647,-34.0,13.0,23.9,o
205.6478611,30.190925266666667,0.034737364873935556,4.3363332375759766e-05,2022-06-17 06:52:51.001,59736.318438,21.115141619232908,0.9186998655661539,13.0,11.0,23.9,o
205.6478611,30.190925266666667,0.034737364873935556,4.3363332375759766e-05,2022-06-17 06:52:51.001,59736.321841,20.543943297944484,0.7402746850636364,22.0,15.0,23.9,o
205.6478611,30.190925266666667,0.034737364873935556,4.3363332375759766e-05,2022-06-17 06:52:51.001,59739.335822,20.07130270739436,0.5748015201670589,34.0,18.0,23.9,o
205.6478611,30.190925266666667,0.034737364873935556,4.3363332375759766e-05,2022-06-17 06:52:51.001,59739.341822,nan,0.46201540628085114,-47.0,20.0,23.9,o
205.6478611,30.190925266666667,0.034737364873935556,4.3363332375759766e-05,2022-06-17 06:52:51.001,59740.31218,20.362566630072955,0.8769407807676924,26.0,21.0,23.9,o
205.6478611,30.190925266666667,0.034737364873935556,4.3363332375759766e-05,2022-06-17 06:52:51.001,59741.34477,20.405149978319905,0.8685889638080001,25.0,20.0,23.9,o
205.6478611,30.190925266666667,0.034737364873935556,4.3363332375759766e-05,2022-06-17 06:52:51.001,59743.303489,19.841876774005247,0.7238241365066667,42.0,28.0,23.9,o
205.6478611,30.190925266666667,0.034737364873935556,4.3363332375759766e-05,2022-06-17 06:52:51.001,59744.365111,19.65257498915995,0.6948711710464001,50.0,32.0,23.9,o
205.6478611,30.190925266666667,0.034737364873935556,4.3363332375759766e-05,2022-06-17 06:52:51.001,59744.38705,19.318727718234406,0.4949679756994118,68.0,31.0,23.9,o
205.6478611,30.190925266666667,0.034737364873935556,4.3363332375759766e-05,2022-06-17 06:52:51.001,59746.341654,19.1697634932738,0.20879542399230772,78.0,15.0,23.9,o
205.6478611,30.190925266666667,0.034737364873935556,4.3363332375759766e-05,2022-06-17 06:52:51.001,59746.342567,19.241692849698858,0.2974619739068493,73.0,20.0,23.9,o
205.6478611,30.190925266666667,0.034737364873935556,4.3363332375759766e-05,2022-06-17 06:52:51.001,59746.344858,19.631074559755156,0.3406231230619608,51.0,16.0,23.9,o
205.6478611,30.190925266666667,0.034737364873935556,4.3363332375759766e-05,2022-06-17 06:52:51.001,59746.345771,18.944321917401076,0.20357553839250003,96.0,18.0,23.9,o
205.6478611,30.190925266666667,0.034737364873935556,4.3363332375759766e-05,2022-06-17 06:52:51.001,59746.351723,19.529529932484497,0.3683747837578572,56.0,19.0,23.9,o
205.6478611,30.190925266666667,0.034737364873935556,4.3363332375759766e-05,2022-06-17 06:52:51.001,59746.352638,19.43667541247308,0.33818012935147546,61.0,19.0,23.9,o
205.6478611,30.190925266666667,0.034737364873935556,4.3363332375759766e-05,2022-06-17 06:52:51.001,59746.364628,19.351140161145327,0.3125604225824243,66.0,19.0,23.9,o
205.6478611,30.190925266666667,0.034737364873935556,4.3363332375759766e-05,2022-06-17 06:52:51.001,59746.365541,18.776954943324544,0.1938814651357143,112.0,20.0,23.9,o
205.6478611,30.190925266666667,0.034737364873935556,4.3363332375759766e-05,2022-06-17 06:52:51.001,59747.350238,18.64907363720609,0.1292543100904762,126.0,15.0,23.9,o
205.6478611,30.190925266666667,0.034737364873935556,4.3363332375759766e-05,2022-06-17 06:52:51.001,59747.37509,18.910912013506124,0.18643955031232323,99.0,17.0,23.9,o
205.6478611,30.190925266666667,0.034737364873935556,4.3363332375759766e-05,2022-06-17 06:52:51.001,59747.378316,18.640490697610105,0.1709820794897638,127.0,20.0,23.9,o
205.6478611,30.190925266666667,0.034737364873935556,4.3363332375759766e-05,2022-06-17 06:52:51.001,59747.386717,19.287254899964356,0.2946998270062857,70.0,19.0,23.9,o
205.6478611,30.190925266666667,0.034737364873935556,4.3363332375759766e-05,2022-06-17 06:52:51.001,59748.293711,18.459771852360795,0.10857362047600001,150.0,15.0,23.9,o
205.6478611,30.190925266666667,0.034737364873935556,4.3363332375759766e-05,2022-06-17 06:52:51.001,59748.300043,18.39650718919887,0.10242794384528303,159.0,15.0,23.9,o
205.6478611,30.190925266666667,0.034737364873935556,4.3363332375759766e-05,2022-06-17 06:52:51.001,59748.302848,18.52695221836155,0.11550385157021278,141.0,15.0,23.9,o
205.6478611,30.190925266666667,0.034737364873935556,4.3363332375759766e-05,2022-06-17 06:52:51.001,59748.318611,18.43119819790884,0.0987032913418182,154.0,14.0,23.9,o
205.6478611,30.190925266666667,0.034737364873935556,4.3363332375759766e-05,2022-06-17 06:52:51.001,59751.289738,17.53673220883544,0.04330571756877493,351.0,14.0,23.9,o
205.6478611,30.190925266666667,0.034737364873935556,4.3363332375759766e-05,2022-06-17 06:52:51.001,59751.292966,17.657675879816964,0.04840862059439491,314.0,14.0,23.9,o
205.6478611,30.190925266666667,0.034737364873935556,4.3363332375759766e-05,2022-06-17 06:52:51.001,59751.299471,17.590633832971086,0.04550990079832336,334.0,14.0,23.9,o
205.6478611,30.190925266666667,0.034737364873935556,4.3363332375759766e-05,2022-06-17 06:52:51.001,59751.309655,17.61695599983015,0.04662670817987731,326.0,14.0,23.9,o
205.6478611,30.190925266666667,0.034737364873935556,4.3363332375759766e-05,2022-06-17 06:52:51.001,59752.339573,17.394850021680092,0.0407151076785,400.0,15.0,23.9,o
205.6478611,30.190925266666667,0.034737364873935556,4.3363332375759766e-05,2022-06-17 06:52:51.001,59752.342795,17.488334839369777,0.04437613915912807,367.0,15.0,23.9,o
205.6478611,30.190925266666667,0.034737364873935556,4.3363332375759766e-05,2022-06-17 06:52:51.001,59752.362509,17.411259445436063,0.035823783405786805,394.0,13.0,23.9,o
205.6478611,30.190925266666667,0.034737364873935556,4.3363332375759766e-05,2022-06-17 06:52:51.001,59752.368579,17.50924374808178,0.039207140727444446,360.0,13.0,23.9,o
205.6478611,30.190925266666667,0.034737364873935556,4.3363332375759766e-05,2022-06-17 06:52:51.001,59755.358621,17.233705048612798,0.03743917947448276,464.0,16.0,23.9,o
205.6478611,30.190925266666667,0.034737364873935556,4.3363332375759766e-05,2022-06-17 06:52:51.001,59755.364148,17.245468286156846,0.03784701367355121,459.0,16.0,23.9,o
205.6478611,30.190925266666667,0.034737364873935556,4.3363332375759766e-05,2022-06-17 06:52:51.001,59755.382666,17.203704052399715,0.036418824478322856,477.0,16.0,23.9,o
205.6478611,30.190925266666667,0.034737364873935556,4.3363332375759766e-05,2022-06-17 06:52:51.001,59755.387278,17.19463730906542,0.038373213058045745,481.0,17.0,23.9,o
205.6478611,30.190925266666667,0.034737364873935556,4.3363332375759766e-05,2022-06-17 06:52:51.001,59756.335031,17.172296269692577,0.03538040585775967,491.0,16.0,23.9,o
205.6478611,30.190925266666667,0.034737364873935556,4.3363332375759766e-05,2022-06-17 06:52:51.001,59756.338248,16.887948303197092,0.0629658927525392,638.0,37.0,23.9,o
205.6478611,30.190925266666667,0.034737364873935556,4.3363332375759766e-05,2022-06-17 06:52:51.001,59756.3466,17.183409326844263,0.0915950296196708,486.0,41.0,23.9,o
205.6478611,30.190925266666667,0.034737364873935556,4.3363332375759766e-05,2022-06-17 06:52:51.001,59756.360886,17.137480101666657,0.032122372921893495,507.0,15.0,23.9,o
205.6478611,30.190925266666667,0.034737364873935556,4.3363332375759766e-05,2022-06-17 06:52:51.001,59759.264299,16.597084873405652,0.02343315549841727,834.0,18.0,23.9,o
205.6478611,30.190925266666667,0.034737364873935556,4.3363332375759766e-05,2022-06-17 06:52:51.001,59759.267488,16.998943791441967,0.024504462954652778,576.0,13.0,23.9,o
205.6478611,30.190925266666667,0.034737364873935556,4.3363332375759766e-05,2022-06-17 06:52:51.001,59759.290214,16.9691957331927,0.027510207890878383,592.0,15.0,23.9,o
205.6478611,30.190925266666667,0.034737364873935556,4.3363332375759766e-05,2022-06-17 06:52:51.001,59759.296137,17.045152305677,0.02950370121630435,552.0,15.0,23.9,o
205.6478611,30.190925266666667,0.034737364873935556,4.3363332375759766e-05,2022-06-17 06:52:51.001,59760.332999,16.940241051818163,0.028572005388421053,608.0,16.0,23.9,o
205.6478611,30.190925266666667,0.034737364873935556,4.3363332375759766e-05,2022-06-17 06:52:51.001,59760.335739,16.95462187404089,0.028952965460266673,600.0,16.0,23.9,o
205.6478611,30.190925266666667,0.034737364873935556,4.3363332375759766e-05,2022-06-17 06:52:51.001,59760.342654,16.931348813703963,0.031881324120195766,613.0,18.0,23.9,o
205.6478611,30.190925266666667,0.034737364873935556,4.3363332375759766e-05,2022-06-17 06:52:51.001,59760.352572,17.031470480283943,0.03301881123599285,559.0,17.0,23.9,o
205.6478611,30.190925266666667,0.034737364873935556,4.3363332375759766e-05,2022-06-17 06:52:51.001,59763.270817,17.008409729385377,0.030423431306760073,571.0,16.0,23.9,o
205.6478611,30.190925266666667,0.034737364873935556,4.3363332375759766e-05,2022-06-17 06:52:51.001,59763.274009,17.025659211077347,0.027046809371245553,562.0,14.0,23.9,o
205.6478611,30.190925266666667,0.034737364873935556,4.3363332375759766e-05,2022-06-17 06:52:51.001,59763.288605,16.919020776254364,0.028018998832516132,620.0,16.0,23.9,o
205.6478611,30.190925266666667,0.034737364873935556,4.3363332375759766e-05,2022-06-17 06:52:51.001,59763.306851,16.983967882218998,0.027887060053767124,584.0,15.0,23.9,o
205.6478611,30.190925266666667,0.034737364873935556,4.3363332375759766e-05,2022-06-17 06:52:51.001,59764.27267,16.913779883352074,0.02962683062747994,623.0,17.0,23.9,o
205.6478611,30.190925266666667,0.034737364873935556,4.3363332375759766e-05,2022-06-17 06:52:51.001,59764.27586,16.94920671964962,0.030609478409485906,603.0,17.0,23.9,o
205.6478611,30.190925266666667,0.034737364873935556,4.3363332375759766e-05,2022-06-17 06:52:51.001,59764.28591,16.993303590681407,0.03000307301582038,579.0,16.0,23.9,o
205.6478611,30.190925266666667,0.034737364873935556,4.3363332375759766e-05,2022-06-17 06:52:51.001,59764.291448,16.995180403948677,0.031933417787058826,578.0,17.0,23.9,o
205.6478611,30.190925266666667,0.034737364873935556,4.3363332375759766e-05,2022-06-17 06:52:51.001,59765.270366,16.9691957331927,0.027510207890878383,592.0,15.0,23.9,o
205.6478611,30.190925266666667,0.034737364873935556,4.3363332375759766e-05,2022-06-17 06:52:51.001,59765.273529,16.934896974393613,0.028431717309590838,611.0,16.0,23.9,o
205.6478611,30.190925266666667,0.034737364873935556,4.3363332375759766e-05,2022-06-17 06:52:51.001,59765.284899,16.9691957331927,0.02567619403148649,592.0,14.0,23.9,o
205.6478611,30.190925266666667,0.034737364873935556,4.3363332375759766e-05,2022-06-17 06:52:51.001,59765.294047,16.93667541247308,0.030258222099868854,610.0,17.0,23.9,o
205.6478611,30.190925266666667,0.034737364873935556,4.3363332375759766e-05,2022-06-17 06:52:51.001,59766.285462,16.94920671964962,0.03241003596298508,603.0,18.0,23.9,o
205.6478611,30.190925266666667,0.034737364873935556,4.3363332375759766e-05,2022-06-17 06:52:51.001,59766.288633,17.04909327626439,0.03158505322938182,550.0,16.0,23.9,o
205.6478611,30.190925266666667,0.034737364873935556,4.3363332375759766e-05,2022-06-17 06:52:51.001,59766.301959,16.98955966902417,0.033637266240413084,581.0,18.0,23.9,o
205.6478611,30.190925266666667,0.034737364873935556,4.3363332375759766e-05,2022-06-17 06:52:51.001,59766.30761,17.004613445081525,0.03221206890212915,573.0,17.0,23.9,o
205.6478611,30.190925266666667,0.034737364873935556,4.3363332375759766e-05,2022-06-17 06:52:51.001,59767.277887,17.057018393238156,0.07357553035919415,546.0,37.0,23.9,o
205.6478611,30.190925266666667,0.034737364873935556,4.3363332375759766e-05,2022-06-17 06:52:51.001,59767.280689,17.035362012065676,0.08966582660495513,557.0,46.0,23.9,o
205.6478611,30.190925266666667,0.034737364873935556,4.3363332375759766e-05,2022-06-17 06:52:51.001,59767.297547,17.073044310834025,0.03834384366252789,538.0,19.0,23.9,o
205.6478611,30.190925266666667,0.034737364873935556,4.3363332375759766e-05,2022-06-17 06:52:51.001,59767.311763,17.09753563961565,0.03921860815673004,526.0,19.0,23.9,o
205.6478611,30.190925266666667,0.034737364873935556,4.3363332375759766e-05,2022-06-17 06:52:51.001,59768.324268,17.181177596963412,0.0445887558422998,487.0,20.0,23.9,o
205.6478611,30.190925266666667,0.034737364873935556,4.3363332375759766e-05,2022-06-17 06:52:51.001,59768.328376,17.243105420796063,0.04484562584878261,460.0,19.0,23.9,o
205.6478611,30.190925266666667,0.034737364873935556,4.3363332375759766e-05,2022-06-17 06:52:51.001,59768.333839,17.08318197743357,0.04074057053508443,533.0,20.0,23.9,o
205.6478611,30.190925266666667,0.034737364873935556,4.3363332375759766e-05,2022-06-17 06:52:51.001,59768.345702,17.1396237079005,0.05364309312055336,506.0,25.0,23.9,o
205.6478611,30.190925266666667,0.034737364873935556,4.3363332375759766e-05,2022-06-17 06:52:51.001,59769.280537,17.159109028166668,0.04150701788820926,497.0,19.0,23.9,o
205.6478611,30.190925266666667,0.034737364873935556,4.3363332375759766e-05,2022-06-17 06:52:51.001,59769.283644,17.112081605378854,0.03137965909710983,519.0,15.0,23.9,o
205.6478611,30.190925266666667,0.034737364873935556,4.3363332375759766e-05,2022-06-17 06:52:51.001,59769.291977,17.099601741485106,0.03722524130605715,525.0,18.0,23.9,o
205.6478611,30.190925266666667,0.034737364873935556,4.3363332375759766e-05,2022-06-17 06:52:51.001,59769.315888,17.107905691751185,0.03751103970380039,521.0,18.0,23.9,o
205.6478611,30.190925266666667,0.034737364873935556,4.3363332375759766e-05,2022-06-17 06:52:51.001,59770.314703,17.247836304990326,0.045041458276069875,458.0,19.0,23.9,o
205.6478611,30.190925266666667,0.034737364873935556,4.3363332375759766e-05,2022-06-17 06:52:51.001,59770.31787,17.137480101666657,0.040688339034398426,507.0,19.0,23.9,o
205.6478611,30.190925266666667,0.034737364873935556,4.3363332375759766e-05,2022-06-17 06:52:51.001,59770.323775,17.170087243081596,0.04192883717569106,492.0,19.0,23.9,o
205.6478611,30.190925266666667,0.034737364873935556,4.3363332375759766e-05,2022-06-17 06:52:51.001,59770.336014,17.150405685331883,0.04334276266506987,501.0,20.0,23.9,o
205.6478611,30.190925266666667,0.034737364873935556,4.3363332375759766e-05,2022-06-17 06:52:51.001,59771.301779,17.21514500341478,0.08281038849864408,472.0,36.0,23.9,o
205.6478611,30.190925266666667,0.034737364873935556,4.3363332375759766e-05,2022-06-17 06:52:51.001,59771.305441,17.411259445436063,0.10471567457076143,394.0,38.0,23.9,o
205.6478611,30.190925266666667,0.034737364873935556,4.3363332375759766e-05,2022-06-17 06:52:51.001,59771.311922,17.411259445436063,0.1267610797435533,394.0,46.0,23.9,o
205.6478611,30.190925266666667,0.034737364873935556,4.3363332375759766e-05,2022-06-17 06:52:51.001,59771.324676,17.276662853219644,0.09007228604511212,446.0,37.0,23.9,o
205.6478611,30.190925266666667,0.034737364873935556,4.3363332375759766e-05,2022-06-17 06:52:51.001,59772.260748,17.296314723739748,0.05205584543369863,438.0,21.0,23.9,o
205.6478611,30.190925266666667,0.034737364873935556,4.3363332375759766e-05,2022-06-17 06:52:51.001,59772.270868,17.397567760783126,0.05442286740651629,399.0,20.0,23.9,o
205.6478611,30.190925266666667,0.034737364873935556,4.3363332375759766e-05,2022-06-17 06:52:51.001,59772.274052,17.370691729981644,0.061056070194327634,409.0,23.0,23.9,o
205.6478611,30.190925266666667,0.034737364873935556,4.3363332375759766e-05,2022-06-17 06:52:51.001,59772.281463,17.40850726093385,0.060471383556253165,395.0,22.0,23.9,o
205.6478611,30.190925266666667,0.034737364873935556,4.3363332375759766e-05,2022-06-17 06:52:51.001,59774.256191,17.50924374808178,0.06333461194433335,360.0,21.0,23.9,o
205.6478611,30.190925266666667,0.034737364873935556,4.3363332375759766e-05,2022-06-17 06:52:51.001,59774.25936,17.34705929556241,0.0519491007062201,418.0,20.0,23.9,o
205.6478611,30.190925266666667,0.034737364873935556,4.3363332375759766e-05,2022-06-17 06:52:51.001,59774.279388,17.613630618349283,0.06640588408318043,327.0,20.0,23.9,o
205.6478611,30.190925266666667,0.034737364873935556,4.3363332375759766e-05,2022-06-17 06:52:51.001,59774.2849,17.444841592720728,0.054002586100628275,382.0,19.0,23.9,o
205.6478611,30.190925266666667,0.034737364873935556,4.3363332375759766e-05,2022-06-17 06:52:51.001,59775.259393,17.597154790739907,0.045784056827228914,332.0,14.0,23.9,o
205.6478611,30.190925266666667,0.034737364873935556,4.3363332375759766e-05,2022-06-17 06:52:51.001,59775.26921,17.555452262316813,0.050352983409159426,345.0,16.0,23.9,o
205.6478611,30.190925266666667,0.034737364873935556,4.3363332375759766e-05,2022-06-17 06:52:51.001,59775.272855,17.57130270739436,0.057480152016705886,340.0,18.0,23.9,o
205.6478611,30.190925266666667,0.034737364873935556,4.3363332375759766e-05,2022-06-17 06:52:51.001,59775.287999,17.42792068601448,0.05876407293804124,388.0,21.0,23.9,o
205.6478611,30.190925266666667,0.034737364873935556,4.3363332375759766e-05,2022-06-17 06:52:51.001,59776.294548,17.620291597552814,0.043429448190400004,325.0,13.0,23.9,o
205.6478611,30.190925266666667,0.034737364873935556,4.3363332375759766e-05,2022-06-17 06:52:51.001,59776.298206,17.590633832971086,0.04225919359844312,334.0,13.0,23.9,o
205.6478611,30.190925266666667,0.034737364873935556,4.3363332375759766e-05,2022-06-17 06:52:51.001,59776.305035,17.57770824930586,0.04175908479846154,338.0,13.0,23.9,o
205.6478611,30.190925266666667,0.034737364873935556,4.3363332375759766e-05,2022-06-17 06:52:51.001,59776.30777,17.668099027432906,0.055857811177363346,311.0,16.0,23.9,o
205.6478611,30.190925266666667,0.034737364873935556,4.3363332375759766e-05,2022-06-17 06:52:51.001,59776.312339,17.685696433796046,0.05322236297843138,306.0,15.0,23.9,o
205.6478611,30.190925266666667,0.034737364873935556,4.3363332375759766e-05,2022-06-17 06:52:51.001,59776.315538,17.626993694172242,0.060505423175479876,323.0,18.0,23.9,o
205.6478611,30.190925266666667,0.034737364873935556,4.3363332375759766e-05,2022-06-17 06:52:51.001,59776.318273,17.65078229345399,0.05840985911683545,316.0,17.0,23.9,o
205.6478611,30.190925266666667,0.034737364873935556,4.3363332375759766e-05,2022-06-17 06:52:51.001,59776.338215,17.766704149882404,0.07646029610985916,284.0,20.0,23.9,o
205.6478611,30.190925266666667,0.034737364873935556,4.3363332375759766e-05,2022-06-17 06:52:51.001,59779.288065,17.671595765414317,0.049033247956903225,310.0,14.0,23.9,o
205.6478611,30.190925266666667,0.034737364873935556,4.3363332375759766e-05,2022-06-17 06:52:51.001,59779.291256,17.7782342002373,0.054093618742491106,281.0,14.0,23.9,o
205.6478611,30.190925266666667,0.034737364873935556,4.3363332375759766e-05,2022-06-17 06:52:51.001,59779.298555,17.74400500525261,0.052414851264275863,290.0,14.0,23.9,o
205.6478611,30.190925266666667,0.034737364873935556,4.3363332375759766e-05,2022-06-17 06:52:51.001,59779.303581,17.64393220003892,0.04438544233295598,318.0,13.0,23.9,o
205.6478611,30.190925266666667,0.034737364873935556,4.3363332375759766e-05,2022-06-17 06:52:51.001,59779.307235,17.774377229201598,0.053901797399432634,282.0,14.0,23.9,o
205.6478611,30.190925266666667,0.034737364873935556,4.3363332375759766e-05,2022-06-17 06:52:51.001,59779.311344,17.875167191671764,0.059145162905214016,257.0,14.0,23.9,o
205.6478611,30.190925266666667,0.034737364873935556,4.3363332375759766e-05,2022-06-17 06:52:51.001,59779.314079,17.654223615525996,0.04480816083136508,315.0,13.0,23.9,o
205.6478611,30.190925266666667,0.034737364873935556,4.3363332375759766e-05,2022-06-17 06:52:51.001,59779.324124,17.689250401633032,0.04271749002334427,305.0,12.0,23.9,o
205.6478611,30.190925266666667,0.034737364873935556,4.3363332375759766e-05,2022-06-17 06:52:51.001,59780.250572,17.862566630072955,0.1712122476736923,260.0,41.0,23.9,o
205.6478611,30.190925266666667,0.034737364873935556,4.3363332375759766e-05,2022-06-17 06:52:51.001,59780.251941,17.949471895720983,0.11762142218233335,240.0,26.0,23.9,o
205.6478611,30.190925266666667,0.034737364873935556,4.3363332375759766e-05,2022-06-17 06:52:51.001,59780.255146,17.858398731654297,0.08319817660996169,261.0,20.0,23.9,o
205.6478611,30.190925266666667,0.034737364873935556,4.3363332375759766e-05,2022-06-17 06:52:51.001,59780.256564,17.675103801437913,0.06676047860983819,309.0,19.0,23.9,o
205.6478611,30.190925266666667,0.034737364873935556,4.3363332375759766e-05,2022-06-17 06:52:51.001,59780.259753,17.762887849978725,0.08762081652449123,285.0,23.0,23.9,o
205.6478611,30.190925266666667,0.034737364873935556,4.3363332375759766e-05,2022-06-17 06:52:51.001,59780.26161,17.65078229345399,0.05497398505113924,316.0,16.0,23.9,o
205.6478611,30.190925266666667,0.034737364873935556,4.3363332375759766e-05,2022-06-17 06:52:51.001,59780.277659,17.75908491717739,0.05314792610713287,286.0,14.0,23.9,o
205.6478611,30.190925266666667,0.034737364873935556,4.3363332375759766e-05,2022-06-17 06:52:51.001,59780.279485,17.766704149882404,0.05352220727690141,284.0,14.0,23.9,o
205.6478611,30.190925266666667,0.034737364873935556,4.3363332375759766e-05,2022-06-17 06:52:51.001,59783.270756,17.685696433796046,0.049674205446535946,306.0,14.0,23.9,o
205.6478611,30.190925266666667,0.034737364873935556,4.3363332375759766e-05,2022-06-17 06:52:51.001,59783.273961,17.879400086720374,0.0678585127975,256.0,16.0,23.9,o
205.6478611,30.190925266666667,0.034737364873935556,4.3363332375759766e-05,2022-06-17 06:52:51.001,59783.276237,17.829663014928027,0.052666308439850755,268.0,13.0,23.9,o
205.6478611,30.190925266666667,0.034737364873935556,4.3363332375759766e-05,2022-06-17 06:52:51.001,59783.279426,17.685696433796046,0.049674205446535946,306.0,14.0,23.9,o
205.6478611,30.190925266666667,0.034737364873935556,4.3363332375759766e-05,2022-06-17 06:52:51.001,59783.279882,17.8135777399145,0.055883481127352946,272.0,14.0,23.9,o
205.6478611,30.190925266666667,0.034737364873935556,4.3363332375759766e-05,2022-06-17 06:52:51.001,59783.284934,17.73654287137895,0.05205584543369863,292.0,14.0,23.9,o
205.6478611,30.190925266666667,0.034737364873935556,4.3363332375759766e-05,2022-06-17 06:52:51.001,59783.290485,17.710822029188925,0.05446837147625419,299.0,15.0,23.9,o
205.6478611,30.190925266666667,0.034737364873935556,4.3363332375759766e-05,2022-06-17 06:52:51.001,59783.295087,17.69998264260712,0.05033214194251656,302.0,14.0,23.9,o
205.6478611,30.190925266666667,0.034737364873935556,4.3363332375759766e-05,2022-06-17 06:52:51.001,59787.278881,17.74400500525261,0.05990268715917242,290.0,16.0,23.9,o
205.6478611,30.190925266666667,0.034737364873935556,4.3363332375759766e-05,2022-06-17 06:52:51.001,59787.282071,17.770533911189272,0.061384379067703186,283.0,16.0,23.9,o
205.6478611,30.190925266666667,0.034737364873935556,4.3363332375759766e-05,2022-06-17 06:52:51.001,59787.287538,17.729131673969604,0.05908768461278912,294.0,16.0,23.9,o
205.6478611,30.190925266666667,0.034737364873935556,4.3363332375759766e-05,2022-06-17 06:52:51.001,59787.298468,17.75151878060192,0.06408859541986112,288.0,17.0,23.9,o
205.6478611,30.190925266666667,0.034737364873935556,4.3363332375759766e-05,2022-06-17 06:52:51.001,59788.246754,17.707196863200842,0.14476482730133333,300.0,40.0,23.9,o
205.6478611,30.190925266666667,0.034737364873935556,4.3363332375759766e-05,2022-06-17 06:52:51.001,59788.249938,17.75908491717739,0.0987032913418182,286.0,26.0,23.9,o
205.6478611,30.190925266666667,0.034737364873935556,4.3363332375759766e-05,2022-06-17 06:52:51.001,59788.255663,17.80562359294903,0.06736319518583943,274.0,17.0,23.9,o
205.6478611,30.190925266666667,0.034737364873935556,4.3363332375759766e-05,2022-06-17 06:52:51.001,59792.245264,17.909501632260657,0.13081159093493977,249.0,30.0,23.9,o
205.6478611,30.190925266666667,0.034737364873935556,4.3363332375759766e-05,2022-06-17 06:52:51.001,59792.248453,17.755295258165017,0.0756610595651568,287.0,20.0,23.9,o
205.6478611,30.190925266666667,0.034737364873935556,4.3363332375759766e-05,2022-06-17 06:52:51.001,59792.265279,17.75908491717739,0.06074048697958043,286.0,16.0,23.9,o
205.6478611,30.190925266666667,0.034737364873935556,4.3363332375759766e-05,2022-06-17 06:52:51.001,59792.269424,17.710822029188925,0.05083714671117057,299.0,14.0,23.9,o
205.6478611,30.190925266666667,0.034737364873935556,4.3363332375759766e-05,2022-06-17 06:52:51.001,59795.319617,18.06386562212267,0.09550457356685187,216.0,19.0,23.9,o
205.6478611,30.190925266666667,0.034737364873935556,4.3363332375759766e-05,2022-06-17 06:52:51.001,59795.322803,18.014728902131495,0.10088699247769913,226.0,21.0,23.9,o
205.6478611,30.190925266666667,0.034737364873935556,4.3363332375759766e-05,2022-06-17 06:52:51.001,59795.329183,17.83372184658856,0.09352783786322098,267.0,23.0,23.9,o
205.6478611,30.190925266666667,0.034737364873935556,4.3363332375759766e-05,2022-06-17 06:52:51.001,59795.339242,17.675103801437913,0.07730160681139159,309.0,22.0,23.9,o
205.6478611,30.190925266666667,0.034737364873935556,4.3363332375759766e-05,2022-06-17 06:52:51.001,59797.287511,17.870950735091924,0.07574903754139535,258.0,18.0,23.9,o
205.6478611,30.190925266666667,0.034737364873935556,4.3363332375759766e-05,2022-06-17 06:52:51.001,59797.292997,17.83372184658856,0.06912927146411986,267.0,17.0,23.9,o
205.6478611,30.190925266666667,0.034737364873935556,4.3363332375759766e-05,2022-06-17 06:52:51.001,59797.296168,17.954005247629656,0.07722809824652721,239.0,17.0,23.9,o
205.6478611,30.190925266666667,0.034737364873935556,4.3363332375759766e-05,2022-06-17 06:52:51.001,59797.31791,17.84599018282542,0.09047801706333333,264.0,22.0,23.9,o
205.6478611,30.190925266666667,0.034737364873935556,4.3363332375759766e-05,2022-06-17 06:52:51.001,59800.248577,18.2986268792935,0.12479726491494254,174.0,20.0,23.9,o
205.6478611,30.190925266666667,0.034737364873935556,4.3363332375759766e-05,2022-06-17 06:52:51.001,59800.252236,18.07396556662702,0.10147067334205608,214.0,20.0,23.9,o
205.6478611,30.190925266666667,0.034737364873935556,4.3363332375759766e-05,2022-06-17 06:52:51.001,59800.257727,18.243872275673926,0.10679372505836067,183.0,18.0,23.9,o
205.6478611,30.190925266666667,0.034737364873935556,4.3363332375759766e-05,2022-06-17 06:52:51.001,59800.268705,17.875167191671764,0.09716705334428016,257.0,23.0,23.9,o
205.6478611,30.190925266666667,0.034737364873935556,4.3363332375759766e-05,2022-06-17 06:52:51.001,59803.254437,18.738855026932704,0.44927015369379314,116.0,48.0,23.9,o
205.6478611,30.190925266666667,0.034737364873935556,4.3363332375759766e-05,2022-06-17 06:52:51.001,59803.257628,17.913870797934457,0.24954420835209679,248.0,57.0,23.9,o
205.6478611,30.190925266666667,0.034737364873935556,4.3363332375759766e-05,2022-06-17 06:52:51.001,59803.263613,17.850110628775603,0.3632881597676046,263.0,88.0,23.9,o
205.6478611,30.190925266666667,0.034737364873935556,4.3363332375759766e-05,2022-06-17 06:52:51.001,59805.291716,18.574165578762482,0.1849772793294815,135.0,23.0,23.9,o
205.6478611,30.190925266666667,0.034737364873935556,4.3363332375759766e-05,2022-06-17 06:52:51.001,59805.297177,18.267867422550268,0.1273768731841341,179.0,21.0,23.9,o
205.6478611,30.190925266666667,0.034737364873935556,4.3363332375759766e-05,2022-06-17 06:52:51.001,59805.300356,18.208845489566887,0.13212662809248676,189.0,23.0,23.9,o
205.6478611,30.190925266666667,0.034737364873935556,4.3363332375759766e-05,2022-06-17 06:52:51.001,59805.314441,18.542462999364762,0.18746524398733816,139.0,24.0,23.9,o
205.6478611,30.190925266666667,0.034737364873935556,4.3363332375759766e-05,2022-06-17 06:52:51.001,59747.28670139983,18.617971,0.09385196409389861,129.6616667534548,11.208065125902493,23.9,ZTF_g
205.6478611,30.190925266666667,0.034737364873935556,4.3363332375759766e-05,2022-06-17 06:52:51.001,59749.24304400012,17.870665,0.05182098577117987,258.0679072455256,12.31729520553724,23.9,ZTF_g
205.6478611,30.190925266666667,0.034737364873935556,4.3363332375759766e-05,2022-06-17 06:52:51.001,59751.22415510006,17.402592,0.04972046249772704,397.1578948171821,18.18754328018281,23.9,ZTF_g
205.6478611,30.190925266666667,0.034737364873935556,4.3363332375759766e-05,2022-06-17 06:52:51.001,59753.26274310006,17.054506,0.03936733532100139,547.2649067616965,19.843089877127753,23.9,ZTF_g
205.6478611,30.190925266666667,0.034737364873935556,4.3363332375759766e-05,2022-06-17 06:52:51.001,59756.24850689992,16.766136,0.034274565024559986,713.7491433353022,22.531662218888055,23.9,ZTF_g
205.6478611,30.190925266666667,0.034737364873935556,4.3363332375759766e-05,2022-06-17 06:52:51.001,59760.221469900105,16.628113,0.03795132166523309,810.5033234451619,28.330705197039237,23.9,ZTF_g
205.6478611,30.190925266666667,0.034737364873935556,4.3363332375759766e-05,2022-06-17 06:52:51.001,59762.20195600018,16.620773,0.03029616698629506,816.0012048443099,22.76953522835306,23.9,ZTF_g
205.6478611,30.190925266666667,0.034737364873935556,4.3363332375759766e-05,2022-06-17 06:52:51.001,59764.22552079987,16.6282,0.035448940695565694,810.4383804472465,26.460554561902335,23.9,ZTF_g
205.6478611,30.190925266666667,0.034737364873935556,4.3363332375759766e-05,2022-06-17 06:52:51.001,59766.20585650019,16.766848,0.048343704466500804,713.2812370473988,31.75970108958638,23.9,ZTF_g
205.6478611,30.190925266666667,0.034737364873935556,4.3363332375759766e-05,2022-06-17 06:52:51.001,59769.20218749996,16.830215,0.04026139609833251,672.8434050806734,24.95045732595045,23.9,ZTF_g
205.6478611,30.190925266666667,0.034737364873935556,4.3363332375759766e-05,2022-06-17 06:52:51.001,59769.24317129981,16.849236,0.04239825156424891,661.1585217791153,25.818394198648175,23.9,ZTF_g
205.6478611,30.190925266666667,0.034737364873935556,4.3363332375759766e-05,2022-06-17 06:52:51.001,59771.22521989979,16.93207,0.036876945360642975,612.5929578431,20.806671948172035,23.9,ZTF_g
205.6478611,30.190925266666667,0.034737364873935556,4.3363332375759766e-05,2022-06-17 06:52:51.001,59771.24991900008,16.96074,0.030859819501285926,596.6285067560073,16.9579387212956,23.9,ZTF_g
205.6478611,30.190925266666667,0.034737364873935556,4.3363332375759766e-05,2022-06-17 06:52:51.001,59749.22250000015,18.00204,0.05151242536829623,228.6567361113017,10.84854958529755,23.9,ZTF_r
205.6478611,30.190925266666667,0.034737364873935556,4.3363332375759766e-05,2022-06-17 06:52:51.001,59751.25520829996,17.536377,0.044830208055530715,351.1148517455318,14.497584022832166,23.9,ZTF_r
205.6478611,30.190925266666667,0.034737364873935556,4.3363332375759766e-05,2022-06-17 06:52:51.001,59753.203576399945,17.215677,0.051538744815752394,471.76878280495595,22.394363200218958,23.9,ZTF_r
205.6478611,30.190925266666667,0.034737364873935556,4.3363332375759766e-05,2022-06-17 06:52:51.001,59756.199837999884,16.96926,0.03880304129656872,591.9649594222151,21.156189381802296,23.9,ZTF_r
205.6478611,30.190925266666667,0.034737364873935556,4.3363332375759766e-05,2022-06-17 06:52:51.001,59758.264942099806,16.834642,0.040416405948867105,670.1055270125288,24.944601542788746,23.9,ZTF_r
205.6478611,30.190925266666667,0.034737364873935556,4.3363332375759766e-05,2022-06-17 06:52:51.001,59760.2664005002,16.76487,0.04013395940029677,714.5818810039965,26.41433533732214,23.9,ZTF_r
205.6478611,30.190925266666667,0.034737364873935556,4.3363332375759766e-05,2022-06-17 06:52:51.001,59762.24729169998,16.758877,0.04513552326532974,718.5371052290247,29.87055979885672,23.9,ZTF_r
205.6478611,30.190925266666667,0.034737364873935556,4.3363332375759766e-05,2022-06-17 06:52:51.001,59764.28415510012,16.71511,0.03878829454249256,748.0937044974957,26.72590158476613,23.9,ZTF_r
205.6478611,30.190925266666667,0.034737364873935556,4.3363332375759766e-05,2022-06-17 06:52:51.001,59766.212858799845,16.767654,0.038868158016330284,712.751926763643,25.515732453645978,23.9,ZTF_r
205.6478611,30.190925266666667,0.034737364873935556,4.3363332375759766e-05,2022-06-17 06:52:51.001,59773.204502299894,17.201448,0.047473577312385974,477.99218927935004,20.900103591448236,23.9,ZTF_r
205.6478611,30.190925266666667,0.034737364873935556,4.3363332375759766e-05,2022-06-17 06:52:51.001,59773.22329859994,17.168413,0.049043126936695276,492.7592664106144,22.25812784529052,23.9,ZTF_r
205.6478611,30.190925266666667,0.034737364873935556,4.3363332375759766e-05,2022-06-17 06:52:51.001,59775.19935189979,17.359138,0.04035536691861272,413.37556355887386,15.364618467608505,23.9,ZTF_r
205.6478611,30.190925266666667,0.034737364873935556,4.3363332375759766e-05,2022-06-17 06:52:51.001,59775.28693290008,17.34408,0.057096594099571685,419.14858078596217,22.04214640685923,23.9,ZTF_r
205.6478611,30.190925266666667,0.034737364873935556,4.3363332375759766e-05,2022-06-17 06:52:51.001,59777.19901619991,17.437971,0.0499555761521052,384.4249796086876,17.687695463612474,23.9,ZTF_r
205.6478611,30.190925266666667,0.034737364873935556,4.3363332375759766e-05,2022-06-17 06:52:51.001,59779.21380789997,17.519447,0.05013208640532817,356.6327315746215,16.4669307663174,23.9,ZTF_r
