ra,dec,z,z_err,discdate,mjd,mag,dmag,flux,dflux,zp,filter
142.973665807,35.5517484652,0.026890936662589425,1.1007615141539018e-05,2021-01-31 12:00:00.000,59226.487046,20.647425010840045,0.4885812921420001,20.0,9.0,23.9,c
142.973665807,35.5517484652,0.026890936662589425,1.1007615141539018e-05,2021-01-31 12:00:00.000,59227.618319,nan,0.571440107768421,-19.0,10.0,23.9,c
142.973665807,35.5517484652,0.026890936662589425,1.1007615141539018e-05,2021-01-31 12:00:00.000,59227.625804,20.889700043360186,0.678585127975,16.0,10.0,23.9,c
142.973665807,35.5517484652,0.026890936662589425,1.1007615141539018e-05,2021-01-31 12:00:00.000,59231.492321,21.115141619232908,0.7516635263723077,13.0,9.0,23.9,c
142.973665807,35.5517484652,0.026890936662589425,1.1007615141539018e-05,2021-01-31 12:00:00.000,59233.46316,nan,0.7428721400989474,-19.0,13.0,23.9,c
142.973665807,35.5517484652,0.026890936662589425,1.1007615141539018e-05,2021-01-31 12:00:00.000,59233.507415,17.000830388275922,0.651441722856,575.0,345.0,23.9,c
142.973665807,35.5517484652,0.026890936662589425,1.1007615141539018e-05,2021-01-31 12:00:00.000,59250.453511,17.19689690656103,0.024881454692416666,480.0,11.0,23.9,c
142.973665807,35.5517484652,0.026890936662589425,1.1007615141539018e-05,2021-01-31 12:00:00.000,59250.459344,17.18788659588897,0.02467582283545455,484.0,11.0,23.9,c
142.973665807,35.5517484652,0.026890936662589425,1.1007615141539018e-05,2021-01-31 12:00:00.000,59250.462164,17.22438536731469,0.025519440710170944,468.0,11.0,23.9,c
142.973665807,35.5517484652,0.026890936662589425,1.1007615141539018e-05,2021-01-31 12:00:00.000,59250.469968,17.172296269692577,0.024324029027209777,491.0,11.0,23.9,c
142.973665807,35.5517484652,0.026890936662589425,1.1007615141539018e-05,2021-01-31 12:00:00.000,59251.495877,17.053048603789076,0.02377524535970803,548.0,12.0,23.9,c
142.973665807,35.5517484652,0.026890936662589425,1.1007615141539018e-05,2021-01-31 12:00:00.000,59251.512694,17.109991640913,0.025055450879076926,520.0,12.0,23.9,c
142.973665807,35.5517484652,0.026890936662589425,1.1007615141539018e-05,2021-01-31 12:00:00.000,59251.517054,17.109991640913,0.02296749663915385,520.0,11.0,23.9,c
142.973665807,35.5517484652,0.026890936662589425,1.1007615141539018e-05,2021-01-31 12:00:00.000,59251.52474,17.077088025768074,0.024307526972238806,536.0,12.0,23.9,c
142.973665807,35.5517484652,0.026890936662589425,1.1007615141539018e-05,2021-01-31 12:00:00.000,59252.448972,17.031470480283943,0.02524967918046512,559.0,13.0,23.9,c
142.973665807,35.5517484652,0.026890936662589425,1.1007615141539018e-05,2021-01-31 12:00:00.000,59252.452184,16.98025595995477,0.022233505899522187,586.0,12.0,23.9,c
142.973665807,35.5517484652,0.026890936662589425,1.1007615141539018e-05,2021-01-31 12:00:00.000,59252.458152,17.002720269005064,0.02080679138041812,574.0,11.0,23.9,c
142.973665807,35.5517484652,0.026890936662589425,1.1007615141539018e-05,2021-01-31 12:00:00.000,59252.469665,17.01412916072245,0.022938088832957747,568.0,12.0,23.9,c
142.973665807,35.5517484652,0.026890936662589425,1.1007615141539018e-05,2021-01-31 12:00:00.000,59253.392417,16.924287089916895,0.02111642537620746,617.0,12.0,23.9,c
142.973665807,35.5517484652,0.026890936662589425,1.1007615141539018e-05,2021-01-31 12:00:00.000,59253.417832,16.926048219588935,0.01938814651357143,616.0,11.0,23.9,c
142.973665807,35.5517484652,0.026890936662589425,1.1007615141539018e-05,2021-01-31 12:00:00.000,59253.421071,16.95462187404089,0.019905163753933336,600.0,11.0,23.9,c
142.973665807,35.5517484652,0.026890936662589425,1.1007615141539018e-05,2021-01-31 12:00:00.000,59253.444183,16.97103129779686,0.02204540517279188,591.0,12.0,23.9,c
142.973665807,35.5517484652,0.026890936662589425,1.1007615141539018e-05,2021-01-31 12:00:00.000,59254.442594,16.92252881227796,0.021082256403106795,618.0,12.0,23.9,c
142.973665807,35.5517484652,0.026890936662589425,1.1007615141539018e-05,2021-01-31 12:00:00.000,59254.449527,16.901648626366043,0.020680689614476194,630.0,12.0,23.9,c
142.973665807,35.5517484652,0.026890936662589425,1.1007615141539018e-05,2021-01-31 12:00:00.000,59254.452762,16.908564166973925,0.02081283459603834,626.0,12.0,23.9,c
142.973665807,35.5517484652,0.026890936662589425,1.1007615141539018e-05,2021-01-31 12:00:00.000,59254.462986,16.91029995663981,0.020846135131392,625.0,12.0,23.9,c
142.973665807,35.5517484652,0.026890936662589425,1.1007615141539018e-05,2021-01-31 12:00:00.000,59255.375115,16.893065686770058,0.02393749112856693,635.0,14.0,23.9,c
142.973665807,35.5517484652,0.026890936662589425,1.1007615141539018e-05,2021-01-31 12:00:00.000,59255.399845,16.891357210878965,0.020485588769056606,636.0,12.0,23.9,c
142.973665807,35.5517484652,0.026890936662589425,1.1007615141539018e-05,2021-01-31 12:00:00.000,59255.401685,16.927812210561456,0.021185096678243906,615.0,12.0,23.9,c
142.973665807,35.5517484652,0.026890936662589425,1.1007615141539018e-05,2021-01-31 12:00:00.000,59255.419832,16.933121444636093,0.02128894519137255,612.0,12.0,23.9,c
142.973665807,35.5517484652,0.026890936662589425,1.1007615141539018e-05,2021-01-31 12:00:00.000,59256.338693,16.924287089916895,0.02287612749089141,617.0,13.0,23.9,c
142.973665807,35.5517484652,0.026890936662589425,1.1007615141539018e-05,2021-01-31 12:00:00.000,59256.350212,16.929579072147078,0.026524500116286646,614.0,15.0,23.9,c
142.973665807,35.5517484652,0.026890936662589425,1.1007615141539018e-05,2021-01-31 12:00:00.000,59256.355738,16.913779883352074,0.02265581165630819,623.0,13.0,23.9,c
142.973665807,35.5517484652,0.026890936662589425,1.1007615141539018e-05,2021-01-31 12:00:00.000,59256.357593,16.908564166973925,0.022547237479041533,626.0,13.0,23.9,c
142.973665807,35.5517484652,0.026890936662589425,1.1007615141539018e-05,2021-01-31 12:00:00.000,59257.466224,16.931348813703963,0.019483031406786297,613.0,11.0,23.9,c
142.973665807,35.5517484652,0.026890936662589425,1.1007615141539018e-05,2021-01-31 12:00:00.000,59257.474978,16.924287089916895,0.02111642537620746,617.0,12.0,23.9,c
142.973665807,35.5517484652,0.026890936662589425,1.1007615141539018e-05,2021-01-31 12:00:00.000,59257.481082,16.927812210561456,0.021185096678243906,615.0,12.0,23.9,c
142.973665807,35.5517484652,0.026890936662589425,1.1007615141539018e-05,2021-01-31 12:00:00.000,59257.491431,16.881162429827867,0.020294134668411214,642.0,12.0,23.9,c
142.973665807,35.5517484652,0.026890936662589425,1.1007615141539018e-05,2021-01-31 12:00:00.000,59258.447387,16.93667541247308,0.021358745011672134,610.0,12.0,23.9,c
142.973665807,35.5517484652,0.026890936662589425,1.1007615141539018e-05,2021-01-31 12:00:00.000,59258.450622,16.919020776254364,0.0210142491243871,620.0,12.0,23.9,c
142.973665807,35.5517484652,0.026890936662589425,1.1007615141539018e-05,2021-01-31 12:00:00.000,59258.456168,16.886247854603997,0.020389412295962445,639.0,12.0,23.9,c
142.973665807,35.5517484652,0.026890936662589425,1.1007615141539018e-05,2021-01-31 12:00:00.000,59258.468627,16.933121444636093,0.02128894519137255,612.0,12.0,23.9,c
142.973665807,35.5517484652,0.026890936662589425,1.1007615141539018e-05,2021-01-31 12:00:00.000,59262.381976,17.231367617775113,0.028018998832516132,465.0,12.0,23.9,c
142.973665807,35.5517484652,0.026890936662589425,1.1007615141539018e-05,2021-01-31 12:00:00.000,59262.384738,17.172296269692577,0.02874657975942974,491.0,13.0,23.9,c
142.973665807,35.5517484652,0.026890936662589425,1.1007615141539018e-05,2021-01-31 12:00:00.000,59262.388435,17.11837574593197,0.02524967918046512,516.0,12.0,23.9,c
142.973665807,35.5517484652,0.026890936662589425,1.1007615141539018e-05,2021-01-31 12:00:00.000,59262.393998,17.156926643100704,0.026162318186987957,498.0,12.0,23.9,c
142.973665807,35.5517484652,0.026890936662589425,1.1007615141539018e-05,2021-01-31 12:00:00.000,59263.432842,17.580925247821654,0.4800436038849852,337.0,149.0,23.9,c
142.973665807,35.5517484652,0.026890936662589425,1.1007615141539018e-05,2021-01-31 12:00:00.000,59263.436042,16.847855026400747,0.9594496673483385,662.0,585.0,23.9,c
142.973665807,35.5517484652,0.026890936662589425,1.1007615141539018e-05,2021-01-31 12:00:00.000,59263.444562,17.21744773217776,0.3204189648867091,471.0,139.0,23.9,c
142.973665807,35.5517484652,0.026890936662589425,1.1007615141539018e-05,2021-01-31 12:00:00.000,59278.397333,18.438271422956,0.07805946570169935,153.0,11.0,23.9,c
142.973665807,35.5517484652,0.026890936662589425,1.1007615141539018e-05,2021-01-31 12:00:00.000,59278.401505,18.615141619232908,0.1002218035163077,130.0,12.0,23.9,c
142.973665807,35.5517484652,0.026890936662589425,1.1007615141539018e-05,2021-01-31 12:00:00.000,59278.417517,18.37621246364342,0.22787056149283952,162.0,34.0,23.9,c
142.973665807,35.5517484652,0.026890936662589425,1.1007615141539018e-05,2021-01-31 12:00:00.000,59278.424868,18.43119819790884,0.1621554072044156,154.0,23.0,23.9,c
142.973665807,35.5517484652,0.026890936662589425,1.1007615141539018e-05,2021-01-31 12:00:00.000,59288.365958,18.933070664334387,0.11193156750103093,97.0,10.0,23.9,c
142.973665807,35.5517484652,0.026890936662589425,1.1007615141539018e-05,2021-01-31 12:00:00.000,59288.369167,18.944321917401076,0.10178776919625002,96.0,9.0,23.9,c
142.973665807,35.5517484652,0.026890936662589425,1.1007615141539018e-05,2021-01-31 12:00:00.000,59288.375121,18.99053043163611,0.10621332437869567,92.0,9.0,23.9,c
142.973665807,35.5517484652,0.026890936662589425,1.1007615141539018e-05,2021-01-31 12:00:00.000,59288.409458,19.051201868453454,0.11231753842344828,87.0,9.0,23.9,c
142.973665807,35.5517484652,0.026890936662589425,1.1007615141539018e-05,2021-01-31 12:00:00.000,59245.499792,18.099634284722363,0.0987032913418182,209.0,19.0,23.9,o
142.973665807,35.5517484652,0.026890936662589425,1.1007615141539018e-05,2021-01-31 12:00:00.000,59245.505018,18.249821530037313,0.10141492022483517,182.0,17.0,23.9,o
142.973665807,35.5517484652,0.026890936662589425,1.1007615141539018e-05,2021-01-31 12:00:00.000,59245.513074,18.452557631767075,0.15099642582754966,151.0,21.0,23.9,o
142.973665807,35.5517484652,0.026890936662589425,1.1007615141539018e-05,2021-01-31 12:00:00.000,59245.537953,18.369530988990103,0.15986299947386506,163.0,24.0,23.9,o
142.973665807,35.5517484652,0.026890936662589425,1.1007615141539018e-05,2021-01-31 12:00:00.000,59246.477232,17.892198697060454,0.06008026429501977,253.0,14.0,23.9,o
142.973665807,35.5517484652,0.026890936662589425,1.1007615141539018e-05,2021-01-31 12:00:00.000,59246.504782,18.099634284722363,0.07792365105933015,209.0,15.0,23.9,o
142.973665807,35.5517484652,0.026890936662589425,1.1007615141539018e-05,2021-01-31 12:00:00.000,59246.533389,17.981610197434954,0.060577556488755374,233.0,13.0,23.9,o
142.973665807,35.5517484652,0.026890936662589425,1.1007615141539018e-05,2021-01-31 12:00:00.000,59246.558194,17.92266223224155,0.07503055073544716,246.0,17.0,23.9,o
142.973665807,35.5517484652,0.026890936662589425,1.1007615141539018e-05,2021-01-31 12:00:00.000,59265.411573,17.564934734859662,0.2031787049843275,342.0,64.0,23.9,o
142.973665807,35.5517484652,0.026890936662589425,1.1007615141539018e-05,2021-01-31 12:00:00.000,59265.420151,17.67862320874889,0.179780994944026,308.0,51.0,23.9,o
142.973665807,35.5517484652,0.026890936662589425,1.1007615141539018e-05,2021-01-31 12:00:00.000,59265.436307,17.60371515030528,0.13818460787854545,330.0,42.0,23.9,o
142.973665807,35.5517484652,0.026890936662589425,1.1007615141539018e-05,2021-01-31 12:00:00.000,59267.378467,17.558603893571174,0.05049935836093024,344.0,16.0,23.9,o
142.973665807,35.5517484652,0.026890936662589425,1.1007615141539018e-05,2021-01-31 12:00:00.000,59267.381679,17.467820994498798,0.0522546836515508,374.0,18.0,23.9,o
142.973665807,35.5517484652,0.026890936662589425,1.1007615141539018e-05,2021-01-31 12:00:00.000,59267.384423,17.57130270739436,0.05109346845929412,340.0,16.0,23.9,o
142.973665807,35.5517484652,0.026890936662589425,1.1007615141539018e-05,2021-01-31 12:00:00.000,59267.413706,17.67862320874889,0.06697723341051949,308.0,19.0,23.9,o
142.973665807,35.5517484652,0.026890936662589425,1.1007615141539018e-05,2021-01-31 12:00:00.000,59276.546216,17.696393428744237,0.07166575608976898,303.0,20.0,23.9,o
142.973665807,35.5517484652,0.026890936662589425,1.1007615141539018e-05,2021-01-31 12:00:00.000,59276.551719,17.623637474483466,0.060318678042222226,324.0,18.0,23.9,o
142.973665807,35.5517484652,0.026890936662589425,1.1007615141539018e-05,2021-01-31 12:00:00.000,59276.558621,17.84599018282542,0.0822527427848485,264.0,20.0,23.9,o
142.973665807,35.5517484652,0.026890936662589425,1.1007615141539018e-05,2021-01-31 12:00:00.000,59276.572673,17.774377229201598,0.08085269609914894,282.0,21.0,23.9,o
142.973665807,35.5517484652,0.026890936662589425,1.1007615141539018e-05,2021-01-31 12:00:00.000,59292.357275,18.86790693823707,0.13703466662019417,103.0,13.0,23.9,o
142.973665807,35.5517484652,0.026890936662589425,1.1007615141539018e-05,2021-01-31 12:00:00.000,59292.365133,18.967180366000754,0.17325577735531916,94.0,15.0,23.9,o
142.973665807,35.5517484652,0.026890936662589425,1.1007615141539018e-05,2021-01-31 12:00:00.000,59292.374411,19.038793319624578,0.16039284843045457,88.0,13.0,23.9,o
142.973665807,35.5517484652,0.026890936662589425,1.1007615141539018e-05,2021-01-31 12:00:00.000,59292.377679,18.74825539911597,0.1227353970598261,115.0,13.0,23.9,o
142.973665807,35.5517484652,0.026890936662589425,1.1007615141539018e-05,2021-01-31 12:00:00.000,59300.379723,19.30287727315686,0.5035298340915942,69.0,32.0,23.9,o
142.973665807,35.5517484652,0.026890936662589425,1.1007615141539018e-05,2021-01-31 12:00:00.000,59304.327132,19.197966019298022,0.20000403771894737,76.0,14.0,23.9,o
142.973665807,35.5517484652,0.026890936662589425,1.1007615141539018e-05,2021-01-31 12:00:00.000,59304.330794,20.03982988912431,0.4963365507474286,35.0,16.0,23.9,o
142.973665807,35.5517484652,0.026890936662589425,1.1007615141539018e-05,2021-01-31 12:00:00.000,59304.336737,20.24400500525261,0.6364660510662069,29.0,17.0,23.9,o
142.973665807,35.5517484652,0.026890936662589425,1.1007615141539018e-05,2021-01-31 12:00:00.000,59304.34681,19.631074559755156,0.3832010134447059,51.0,18.0,23.9,o
142.973665807,35.5517484652,0.026890936662589425,1.1007615141539018e-05,2021-01-31 12:00:00.000,59248.277627300005,17.511349,0.046633086393641936,359.3026331961549,15.432285173729724,23.9,ZTF_g
142.973665807,35.5517484652,0.026890936662589425,1.1007615141539018e-05,2021-01-31 12:00:00.000,59250.302233799826,17.179953,0.037890695668551806,487.54959498585646,17.014808243424405,23.9,ZTF_g
142.973665807,35.5517484652,0.026890936662589425,1.1007615141539018e-05,2021-01-31 12:00:00.000,59252.281377300154,16.962059,0.042304439619490916,595.9041363445283,23.21870675811577,23.9,ZTF_g
142.973665807,35.5517484652,0.026890936662589425,1.1007615141539018e-05,2021-01-31 12:00:00.000,59254.27886570012,16.866022,0.04058994393010679,651.0153069415713,24.33802491853052,23.9,ZTF_g
142.973665807,35.5517484652,0.026890936662589425,1.1007615141539018e-05,2021-01-31 12:00:00.000,59256.30637730006,16.901518,0.046584446305448175,630.075800697198,27.033944504437915,23.9,ZTF_g
142.973665807,35.5517484652,0.026890936662589425,1.1007615141539018e-05,2021-01-31 12:00:00.000,59260.30027779983,17.061102,0.05072645158620774,543.9502741811255,25.41378571294175,23.9,ZTF_g
142.973665807,35.5517484652,0.026890936662589425,1.1007615141539018e-05,2021-01-31 12:00:00.000,59263.33826390002,17.357767,0.069881817970258,413.89787815652517,26.63992971110685,23.9,ZTF_g
142.973665807,35.5517484652,0.026890936662589425,1.1007615141539018e-05,2021-01-31 12:00:00.000,59265.393055600114,17.605425,0.0656459020674929,329.4807151767029,19.92109931196264,23.9,ZTF_g
142.973665807,35.5517484652,0.026890936662589425,1.1007615141539018e-05,2021-01-31 12:00:00.000,59267.285486099776,17.805899,0.060828118299728604,273.9305061748091,15.346892884712341,23.9,ZTF_g
142.973665807,35.5517484652,0.026890936662589425,1.1007615141539018e-05,2021-01-31 12:00:00.000,59269.2566550998,18.073124,0.09195544555841559,214.1659381647067,18.138590369402802,23.9,ZTF_g
142.973665807,35.5517484652,0.026890936662589425,1.1007615141539018e-05,2021-01-31 12:00:00.000,59272.39408560004,18.520384,0.1362804361118567,141.85557223249512,17.805558259904167,23.9,ZTF_g
142.973665807,35.5517484652,0.026890936662589425,1.1007615141539018e-05,2021-01-31 12:00:00.000,59274.19894680008,18.6189,0.14252835228581917,129.55077041492328,17.006578360052977,23.9,ZTF_g
142.973665807,35.5517484652,0.026890936662589425,1.1007615141539018e-05,2021-01-31 12:00:00.000,59276.228634300176,18.868229,0.1079269264398229,102.96945165688798,10.235613757559458,23.9,ZTF_g
142.973665807,35.5517484652,0.026890936662589425,1.1007615141539018e-05,2021-01-31 12:00:00.000,59280.23499999987,19.2535,0.11339725108682455,72.21044144820456,7.541855493160551,23.9,ZTF_g
142.973665807,35.5517484652,0.026890936662589425,1.1007615141539018e-05,2021-01-31 12:00:00.000,59290.3327314998,19.713654,0.16752460716019663,47.26486262961736,7.292772875946945,23.9,ZTF_g
142.973665807,35.5517484652,0.026890936662589425,1.1007615141539018e-05,2021-01-31 12:00:00.000,59292.31039350014,19.731379,0.14030151574616298,46.499512523686136,6.008781930573052,23.9,ZTF_g
142.973665807,35.5517484652,0.026890936662589425,1.1007615141539018e-05,2021-01-31 12:00:00.000,59294.23446760001,19.771772,0.23403423248753352,44.80136023338022,9.657089733812779,23.9,ZTF_g
142.973665807,35.5517484652,0.026890936662589425,1.1007615141539018e-05,2021-01-31 12:00:00.000,59306.309224499855,20.001703,0.20798130454140584,36.25090056285584,6.944144956030213,23.9,ZTF_g
142.973665807,35.5517484652,0.026890936662589425,1.1007615141539018e-05,2021-01-31 12:00:00.000,59308.25393520016,20.040491,0.19383626614140456,34.97869479042867,6.244739341795486,23.9,ZTF_g
142.973665807,35.5517484652,0.026890936662589425,1.1007615141539018e-05,2021-01-31 12:00:00.000,59310.250104200095,20.223955,0.2238072551852474,29.540510755945267,6.089306592221286,23.9,ZTF_g
142.973665807,35.5517484652,0.026890936662589425,1.1007615141539018e-05,2021-01-31 12:00:00.000,59312.238067099825,20.196398,0.20954200633185172,30.299872428719418,5.847733576975522,23.9,ZTF_g
142.973665807,35.5517484652,0.026890936662589425,1.1007615141539018e-05,2021-01-31 12:00:00.000,59314.21842590021,20.021646,0.21435414897842947,35.59111550700132,7.026663790199988,23.9,ZTF_g
142.973665807,35.5517484652,0.026890936662589425,1.1007615141539018e-05,2021-01-31 12:00:00.000,59316.220057900064,20.119167,0.17860375453320473,32.53368070038867,5.351794935454242,23.9,ZTF_g
142.973665807,35.5517484652,0.026890936662589425,1.1007615141539018e-05,2021-01-31 12:00:00.000,59319.23978010006,20.3372,0.25535872309672836,26.61460346880904,6.25959706209036,23.9,ZTF_g
142.973665807,35.5517484652,0.026890936662589425,1.1007615141539018e-05,2021-01-31 12:00:00.000,59321.18423609994,20.3483,0.24150641769861103,26.34389580548993,5.859821083902875,23.9,ZTF_g
142.973665807,35.5517484652,0.026890936662589425,1.1007615141539018e-05,2021-01-31 12:00:00.000,59336.227013899945,20.5198,0.2919348059527508,22.494689351644464,6.048414653623303,23.9,ZTF_g
142.973665807,35.5517484652,0.026890936662589425,1.1007615141539018e-05,2021-01-31 12:00:00.000,59338.17702550022,20.3934,0.270802907340159,25.272022525888392,6.303314879224609,23.9,ZTF_g
142.973665807,35.5517484652,0.026890936662589425,1.1007615141539018e-05,2021-01-31 12:00:00.000,59342.246944400016,20.8284,0.41851899008502863,16.929338938920424,6.525756260555304,23.9,ZTF_g
142.973665807,35.5517484652,0.026890936662589425,1.1007615141539018e-05,2021-01-31 12:00:00.000,59344.18146990007,20.439976,0.23807594899233123,24.21082563731431,5.308854272539978,23.9,ZTF_g
142.973665807,35.5517484652,0.026890936662589425,1.1007615141539018e-05,2021-01-31 12:00:00.000,59248.390775499865,17.470137,0.049724011928919495,373.2030634413428,17.0917700792419,23.9,ZTF_r
142.973665807,35.5517484652,0.026890936662589425,1.1007615141539018e-05,2021-01-31 12:00:00.000,59250.351689800154,17.136038,0.02922338277848284,507.67385735101584,13.664412584709826,23.9,ZTF_r
142.973665807,35.5517484652,0.026890936662589425,1.1007615141539018e-05,2021-01-31 12:00:00.000,59252.30165510019,16.974522,0.029098343288862027,589.1029533634309,15.788291754755269,23.9,ZTF_r
142.973665807,35.5517484652,0.026890936662589425,1.1007615141539018e-05,2021-01-31 12:00:00.000,59254.38655090006,16.870846,0.029952918414877436,648.1292178297455,17.880366795214293,23.9,ZTF_r
142.973665807,35.5517484652,0.026890936662589425,1.1007615141539018e-05,2021-01-31 12:00:00.000,59256.24047450023,16.827505,0.03129235716093197,674.5249213887123,19.44070268773151,23.9,ZTF_r
142.973665807,35.5517484652,0.026890936662589425,1.1007615141539018e-05,2021-01-31 12:00:00.000,59260.38484949991,16.935196,0.03498633268615751,610.8317459734542,19.683199829020797,23.9,ZTF_r
142.973665807,35.5517484652,0.026890936662589425,1.1007615141539018e-05,2021-01-31 12:00:00.000,59263.24918980012,17.226294,0.06264619538275291,467.1780181665765,26.95583446170522,23.9,ZTF_r
142.973665807,35.5517484652,0.026890936662589425,1.1007615141539018e-05,2021-01-31 12:00:00.000,59265.27922450006,17.330278,0.0442972160842216,424.51085510240944,17.31972185888915,23.9,ZTF_r
142.973665807,35.5517484652,0.026890936662589425,1.1007615141539018e-05,2021-01-31 12:00:00.000,59267.325902800076,17.444916,0.045063521729914104,381.9738218117602,15.853837740703796,23.9,ZTF_r
142.973665807,35.5517484652,0.026890936662589425,1.1007615141539018e-05,2021-01-31 12:00:00.000,59269.316342600156,17.489187,0.04592094904168207,366.7120661069322,15.509997757133629,23.9,ZTF_r
142.973665807,35.5517484652,0.026890936662589425,1.1007615141539018e-05,2021-01-31 12:00:00.000,59272.32159719989,17.49937,0.0656878228978415,363.2887924699757,21.979233773284253,23.9,ZTF_r
142.973665807,35.5517484652,0.026890936662589425,1.1007615141539018e-05,2021-01-31 12:00:00.000,59274.39535879996,17.591234,0.07050949879478041,333.815424415631,21.678523901407424,23.9,ZTF_r
142.973665807,35.5517484652,0.026890936662589425,1.1007615141539018e-05,2021-01-31 12:00:00.000,59276.27752309991,17.712482,0.04906048421409341,298.5432112830331,13.49008575026161,23.9,ZTF_r
142.973665807,35.5517484652,0.026890936662589425,1.1007615141539018e-05,2021-01-31 12:00:00.000,59280.27173609985,18.0954,0.06390182036370438,209.8166748019166,12.348918092369953,23.9,ZTF_r
142.973665807,35.5517484652,0.026890936662589425,1.1007615141539018e-05,2021-01-31 12:00:00.000,59292.229606499895,18.80906,0.08616561319465399,108.73666277853565,8.629500595058365,23.9,ZTF_r
142.973665807,35.5517484652,0.026890936662589425,1.1007615141539018e-05,2021-01-31 12:00:00.000,59294.2107406999,18.922367,0.08733290834795271,97.96099778588179,7.8796477485058425,23.9,ZTF_r
142.973665807,35.5517484652,0.026890936662589425,1.1007615141539018e-05,2021-01-31 12:00:00.000,59303.32539349981,19.134644,0.13513561088307602,80.56425585179159,10.027389601766906,23.9,ZTF_r
142.973665807,35.5517484652,0.026890936662589425,1.1007615141539018e-05,2021-01-31 12:00:00.000,59306.23665509978,19.305378,0.11527172802430109,68.84125831814815,7.308820292544583,23.9,ZTF_r
142.973665807,35.5517484652,0.026890936662589425,1.1007615141539018e-05,2021-01-31 12:00:00.000,59308.199432900175,19.4392,0.09697593334711989,60.858325683019636,5.435752173667642,23.9,ZTF_r
142.973665807,35.5517484652,0.026890936662589425,1.1007615141539018e-05,2021-01-31 12:00:00.000,59310.199155100156,19.471628,0.12085547979960509,59.06752856607754,6.574925358603256,23.9,ZTF_r
142.973665807,35.5517484652,0.026890936662589425,1.1007615141539018e-05,2021-01-31 12:00:00.000,59312.26915509999,19.603407,0.1368567363505545,52.3163215015432,6.594457279013012,23.9,ZTF_r
142.973665807,35.5517484652,0.026890936662589425,1.1007615141539018e-05,2021-01-31 12:00:00.000,59314.183379599825,19.527723,0.11968466978741898,56.09327538906648,6.183366744889184,23.9,ZTF_r
142.973665807,35.5517484652,0.026890936662589425,1.1007615141539018e-05,2021-01-31 12:00:00.000,59316.17878470011,19.662231,0.10595594917685103,49.557295783809586,4.836248704234931,23.9,ZTF_r
142.973665807,35.5517484652,0.026890936662589425,1.1007615141539018e-05,2021-01-31 12:00:00.000,59319.199282399844,19.75375,0.15354362128735988,45.551218616573856,6.441803294186901,23.9,ZTF_r
142.973665807,35.5517484652,0.026890936662589425,1.1007615141539018e-05,2021-01-31 12:00:00.000,59321.21761569986,19.749899,0.15040900991722933,45.71307119644972,6.332714842509711,23.9,ZTF_r
142.973665807,35.5517484652,0.026890936662589425,1.1007615141539018e-05,2021-01-31 12:00:00.000,59323.21621529991,20.028103,0.2209834153112636,35.380079137779035,7.201022391601505,23.9,ZTF_r
142.973665807,35.5517484652,0.026890936662589425,1.1007615141539018e-05,2021-01-31 12:00:00.000,59328.176643500105,20.3308,0.4125359903637939,26.77194967745091,10.172261665160374,23.9,ZTF_r
142.973665807,35.5517484652,0.026890936662589425,1.1007615141539018e-05,2021-01-31 12:00:00.000,59336.19547449984,20.4986,0.2955469643283665,22.938235119871628,6.243989771186586,23.9,ZTF_r
142.973665807,35.5517484652,0.026890936662589425,1.1007615141539018e-05,2021-01-31 12:00:00.000,59338.22490740009,20.6723,0.37873460617344107,19.54699491566698,6.818528652543031,23.9,ZTF_r
142.973665807,35.5517484652,0.026890936662589425,1.1007615141539018e-05,2021-01-31 12:00:00.000,59340.24098380003,20.231024,0.1952493841936407,29.34880346560092,5.277834319567015,23.9,ZTF_r
142.973665807,35.5517484652,0.026890936662589425,1.1007615141539018e-05,2021-01-31 12:00:00.000,59342.26266200002,20.6066,0.3360932928890262,20.76634189891863,6.428290960058483,23.9,ZTF_r
