# Created by M.D. Woods -- 2025-02-19 15:39:54.991390 -- NUM TARGETS: 63
# WARNING: For files with SNPY & SALT, the 'stretch' and 'color' are NOT identical.
objname, origin, subtype, algo, ra, dec, z, z_cmb, MJDs, MJDe, mu, mu_err, hostMass, hostMass_err, Tmax, Tmax_err, stretch, stretch_err, color, color_err, peak_mag, peak_mag_err
2005kc, CSP, norm, SALT, 338.53058, 5.56842, 0.0151, 0.01329364736220897, 53687.52, 53728.54, 34.21953099415366, 0.00645776137444778, 10.860521014844817, 0.00028121941506437646, 53698.175737409365, 0.013335321924387245, -0.6315970690147982, 0.017040476813676708, 0.39731614572837193, 0.001809827298793232, 15.930104166666666, 0.016770833333333336
2009Y, CSP, norm, SALT, 220.59937, -17.24678, 0.0094, 0.010706907095676357, 54868.84, 54976.65, 33.19498681232492, 0.003725496637012586, 10.154204462082083, 0.0003139066959013028, 54877.32011070158, 2.1313280740287155e-06, 0.3292747558444975, 0.009671624451548788, 0.21174651515966786, 0.0010344859344059007, 14.574657894736841, 0.009657894736842108
2004gs, CSP, norm, SALT, 129.59658, 17.62772, 0.0267, 0.027435210850770577, 53352.85, 53461.56, 35.70528722172406, 0.005685966006046852, 10.524491610792518, 0.0008337715580172614, 53356.36578071601, 4.506946061155759e-05, -2.032308914174487, 0.010797725424057214, 0.2356948882136261, 0.0016881238245048278, 17.390666666666664, 0.010875000000000001
2008gp, CSP, norm, SALT, 50.75304, 1.36189, 0.0334, 0.03167402440739755, 54768.75, 54844.52, 36.04072489900193, 0.005870955817913843, 10.825626853900289, 0.0008195866476426455, 54779.725451022896, 0.012382852957671275, -0.0038670460674539164, 0.013909196876857877, 0.07613356853628965, 0.001660317749945028, 17.139885714285715, 0.03025714285714286
2007ca, CSP, norm, SALT, 202.77421, -15.10183, 0.0141, 0.01573506004471542, 54217.65, 54275.65, 34.60855813642898, 0.004579953857390281, 9.100726295715653, 0.002123969178416933, 54228.10598390407, 0.012866123441199306, 0.7115701076058278, 0.012205846240449514, 0.35740741862265313, 0.001271350311398513, 15.971552631578946, 0.012000000000000002
2009al, CSP, norm, SALT, 162.84196, 8.57853, 0.0221, 0.023294362182977906, 54891.71, 54973.54, 34.9788718840138, 0.008873500596593085, 10.676596531095123, 0.0005467162453691708, 54896.99799795559, 0.07213045713069732, -0.4874559651050614, 0.022410175087505535, 0.21158698581411525, 0.0024105467779783505, 16.522230769230767, 0.02184615384615385
2005ki, CSP, norm, SALT, 160.11758, 9.20233, 0.0192, 0.02089863059249082, 53695.86, 53861.5, 34.89720444163447, 0.004699902786680768, 10.709160295771582, 0.00038088954032225003, 53705.79588465526, 0.011874254283611663, -1.5041658811472836, 0.008247488892276222, -0.016907059947006545, 0.0013820237127165666, 16.143395348837206, 0.019139534883720933
2006lu, CSP, norm, SALT, 138.82346, -25.60008, 0.0534, 0.055620130964522146, 54040.84, 54137.75, 37.16415433055789, 0.011474459633523308, 10.312301203111709, 0.0032468771455692633, 54039.181600342075, 6.527065488626249e-05, -0.2076804821813072, 0.026625436988664264, 0.09154391614577453, 0.0033684396349680716, 18.351785714285715, 0.0345
2006ev, CSP, norm, SALT, 322.74692, 13.98922, 0.0287, 0.027057648172410083, 53993.59, 54039.52, 35.9607444229968, 0.013319151619684886, 10.748696257484479, 0.0007780565778547196, 53989.9997328721, 0.07670086455254932, -1.3276540554294458, 0.028973079865472817, 0.2139203714474274, 0.003514282996892983, 17.527727272727272, 0.05054545454545455
2006gj, CSP, norm, SALT, 49.39917, -1.69172, 0.0284, 0.027522378443683507, 53998.83, 54096.59, 35.77359458918164, 0.012609869485142328, 10.669635209313917, 0.0012479558890463075, 54000.04477064896, 0.05332698499842081, -2.351373856548614, 0.02941176566874093, 0.4168419576187793, 0.003651595153463454, 17.846, 0.02627272727272727
2007so, CSP, norm, SALT, 41.92971, 13.25411, 0.0297, 0.02810944220821825, 54449.68, 54494.53, 27.75743813556278, 0.12879212565511425, 11.033429337365888, 0.0007662393052439184, 54490.03143382463, 0.0054324433258443605, -0.9878040098219465, 0.11525641975101536, 0.7031761386673283, 0.02818857297262064, 18.545, 0.021
2007hj, CSP, norm, SALT, 345.44954, 15.5865, 0.0141, 0.01253675418055466, 54348.76, 54440.53, 34.02641184917534, 0.004564190667595117, 10.38832624078401, 0.0005651865386335664, 54346.69805910048, 0.024182778390240856, -2.236937127691263, 0.006496554254997289, 0.2720061045337664, 0.0012671956730802684, 15.952590909090906, 0.009681818181818182
2007ol, CSP, norm, SALT, 24.34875, -0.312, 0.0559, 0.054025413754148294, 54409.79, 54422.66, 37.02593896968296, 0.04523635063401864, 10.289335360151146, 0.0023866700569406345, 54413.55968691815, 0.10652713303716155, -2.604144533011192, 0.21807690924609746, 0.045488574954806696, 0.009948098012878208, 18.273368421052634, 0.032421052631578955
2005mc, CSP, norm, SALT, 126.7765, 21.646, 0.0252, 0.025657773714809186, 53736.79, 53773.62, 35.343980138798706, 0.013320410168053454, 13.004227849812548, 0.0005277710097430307, 53730.68518790677, 0.07945568033392192, -2.1831003016274186, 0.015927466708968385, 0.2777652484582651, 0.00331899566046242, nan, nan
2008go, CSP, norm, SALT, 332.68679, -20.78811, 0.0623, 0.06071935029480737, 54764.54, 54776.58, 37.27831750180099, 0.019360904889912534, 10.908950503065558, 0.0017321529641886853, 54766.19580998218, 0.08536905344953993, -0.2865160143826073, 0.10725961326286754, 0.08991676557928377, 0.0032584862430932887, 18.461103448275864, 0.028586206896551718
2008cf, CSP, norm, SALT, 211.88567, -26.55183, 0.046, 0.04668465248477682, 54595.77, 54654.65, 36.877802768823344, 0.007964011709222795, 8.754352914249603, 0.009911439712941946, 54595.537688011595, 0.07157676591305062, 1.1046425142103822, 0.02562478496015208, -0.011940929058657858, 0.002120122823864176, 17.799206896551723, 0.03589655172413793
2006kf, CSP, norm, SALT, 55.46033, 8.15694, 0.0213, 0.020907167417895983, 54036.81, 54127.64, 35.190429047116716, 0.006384693510751022, 10.847440404300489, 0.0005624670042569112, 54041.56963337621, 0.020113201269850833, -2.178588564444184, 0.013911577340777859, 0.24449066990957027, 0.0018475066543965238, 16.769125, 0.02792857142857143
2008hu, CSP, norm, SALT, 122.3115, -18.65364, 0.0497, 0.05062355274683058, 54804.74, 54844.84, 37.055289127596566, 0.011791399589664067, 10.107881298730984, 0.007118355222168162, 54806.52587914869, 0.06575811278526089, -1.7416648993482342, 0.028832569192155377, 0.09448831641309158, 0.0032928777163547117, 18.38605882352941, 0.019529411764705882
2006ob, CSP, norm, SALT, 27.95046, 0.26342, 0.0592, 0.057498350534683176, 54060.65, 54121.57, 37.236600202317625, 0.016912655466655966, 11.3688972447224, 0.0010849287166291976, 54063.73820131073, 0.08433942014744389, -2.1061318283493313, 0.047427731252843275, 0.06636868331850755, 0.004799550999741815, 18.57029411764706, 0.03452941176470588
2005na, CSP, norm, SALT, 105.40258, 14.13325, 0.0263, 0.026774414619526062, 53738.71, 53834.54, 35.45063268080756, 0.005566948757439965, 10.902842205220578, 0.000773697241361911, 53741.41572909347, 0.03427427385759074, -0.31625435511900113, 0.016539203495372357, 0.0645148211549741, 0.0015156859827520851, 16.400875, 0.009083333333333334
2005bg, CSP, norm, SALT, 184.32158, 16.37156, 0.0231, 0.02433405890479978, 53471.65, 53512.61, 35.375852228521595, 0.007508253711838855, 9.797047393282007, 0.0010007345933335352, 53469.75534339267, 0.05869353608795791, 0.7976471455114731, 0.02974209928082061, 0.04979246975343311, 0.001774886459576292, 16.197849999999995, 0.008450000000000001
2007cg, CSP, norm, SALT, 201.38992, -24.65225, 0.0332, 0.034980107201371104, 54235.63, 54259.59, 35.908551922885884, 0.02765822917781472, 10.398172569001606, 0.0016084521206963715, 54228.41734958023, 0.16135961502732243, 0.9034055345044834, 0.05970205402411055, 0.7123716372445579, 0.007101301253274958, nan, nan
2007jd, CSP, norm, SALT, 44.97237, 1.16072, 0.0726, 0.07177108634805818, 54362.83, 54409.83, 37.90180343119706, 0.02510844097633304, 10.066482342060203, 0.004639021074210903, 54362.03881062486, 0.23482054331543623, -0.7927233602020672, 0.09090299463638096, 0.1863549187630104, 0.00628195765448917, 19.28278571428572, 0.03850000000000001
2007hx, CSP, norm, SALT, 31.61283, -0.89953, 0.0794, 0.07815815293563175, 54354.78, 54411.73, 38.231460175644976, 0.024356460303387954, 10.947106485783687, 0.006470108825979771, 54354.7747996948, 0.1920666701371374, 0.4554886952657411, 0.09787797926929243, 0.2015440715218808, 0.0059821257151139945, 19.395214285714285, 0.04214285714285715
2005hj, CSP, norm, SALT, 21.70112, -1.238, 0.0574, 0.05548572068352768, 53671.67, 53761.57, 37.30922937429491, 0.012408100429063415, 9.52474382794979, 0.008544462310874676, 53674.99081481962, 0.08233689120970666, 1.5375348016162937, 0.04913478099563606, 0.07405719971852111, 0.003104078471065924, 18.10496875, 0.05078125
2005ir, CSP, norm, SALT, 19.18233, 0.79456, 0.0763, 0.07483568707396476, 53682.62, 53740.53, 37.865567741232354, 0.018953066962354975, 10.12736126558582, 0.0032889795740147407, 53685.60926368374, 0.11838876311594504, 0.8554996812359317, 0.0830520946010721, 0.07415544014890219, 0.004402753966961502, 18.63730434782609, 0.027478260869565223
2006eq, CSP, norm, SALT, 322.15471, 1.22811, 0.0495, 0.04849473545324793, 53980.56, 54029.51, 36.881875994912136, 0.028093702698819632, 10.120574709522273, 0.002816689517966661, 53974.38607903952, 0.14409801577494363, -2.0312755912269784, 0.03135941396495512, 0.18969916173451445, 0.00754327108845455, nan, nan
2008hj, CSP, norm, SALT, 1.00796, -11.16875, 0.0379, 0.03630007089767819, 54794.58, 54834.55, 36.30202783984328, 0.006242779839308932, 10.973017153863509, 0.002418117405834231, 54802.31272216376, 0.018962492235004902, 0.43511919480597183, 0.021748608894467947, 0.03183716715124947, 0.0016410263970638133, 17.229261904761902, 0.014666666666666666
2009D, CSP, norm, SALT, 58.59512, -19.18172, 0.025, 0.025176933598204172, 54834.67, 54890.52, 35.28203387758296, 0.003708032009463258, 10.288567554002853, 0.000981265532668124, 54841.83334037175, 0.014458404832112137, 0.719641050550609, 0.010630098286362744, 0.05787338582397671, 0.0010238737246080754, 16.255787878787878, 0.013212121212121213
2008gl, CSP, norm, SALT, 20.22842, 4.80531, 0.034, 0.0327425449641292, 54765.7, 54844.55, 35.94992430741414, 0.005358006595284328, 11.359976556285138, 0.0066667387890840925, 54768.5065886941, 0.027576255964959273, -1.2225594322570954, 0.01431904550654195, 0.0619796707740336, 0.0015246050360357144, 17.297520833333333, 0.03352083333333333
2008ar, CSP, norm, SALT, 186.158, 10.83817, 0.0261, 0.025862064927696226, 54527.79, 54627.59, 35.56507723398275, 0.007438903660560424, 10.102752183811647, 0.001262498820507511, 54535.24245274199, 0.020211686147376895, -0.0462003794961352, 0.017862804762784623, 0.06811114579158367, 0.002047550533696283, 17.275375, 0.036125000000000004
2006ej, CSP, norm, SALT, 9.74904, -9.01572, 0.0205, 0.018069132857789685, 53979.74, 54046.74, 34.983385909879004, 0.011211385338195236, 10.279706103453293, 0.0008070475039513622, 53976.03701030585, 0.07659775912907207, -1.4058483076582085, 0.01678495839847427, 0.004723381070307614, 0.0030285974788911403, 16.416666666666664, 0.0295
2008gg, CSP, norm, SALT, 21.346, -18.17244, 0.032, 0.030998325302056675, 54753.63, 54827.57, 35.79709372856085, 0.005302552512207545, 11.850745409234504, 0.0015379705707240455, 54752.09000060626, 8.686765795573592e-08, 0.6122125474341911, 0.013001298926008098, 0.14961987081459388, 0.0014836356629159334, 17.121041666666667, 0.012000000000000002
2004ey, CSP, norm, SALT, 327.28254, 0.44422, 0.0158, 0.013947643334699921, 53295.53, 53358.55, 34.42135902212733, 0.0028992340295705293, 10.56345194549921, 0.0015268614043546201, 53304.96483345356, 0.008878940898284782, 0.26006439805504544, 0.007766815008988237, 0.10829161850239483, 0.0008124263527781956, 15.518720588235293, 0.010294117647058827
2005ku, CSP, norm, SALT, 344.92754199999996, 0.013694, 0.0454, 0.043721915471377965, 53699.56, 53739.53, 36.66325318042421, 0.026197931957581345, 7.895610204112348, 0.07249326233311687, 53699.21569510634, 0.17561648813352804, -0.032224639955027445, 0.11248423496345861, 0.17227527768061313, 0.006037716871134987, 17.93123076923077, 0.02876923076923077
2008fu, CSP, norm, SALT, 45.61875, -24.45597, 0.052, 0.05148077792669113, 54737.84, 54817.67, 37.07431885801441, 0.027053152099430426, 10.667201822306131, 0.0020460918125516864, 54733.023895737715, 0.133335441158124, -1.4848124707815775, 0.03508803066529176, -0.06175814570861979, 0.007321395526805759, 18.537, 0.11499999999999999
2007bd, CSP, norm, SALT, 127.88867, -1.19944, 0.0309, 0.03210013508059541, 54197.53, 54259.46, 35.939611635961015, 0.007832064257550574, 10.638096124340995, 0.001086444267768327, 54207.312665153826, 0.013277033107442548, -0.8724423566434059, 0.01674189836189527, -0.0001426322039080324, 0.002274431483768033, 16.98721052631579, 0.036842105263157905
2006is, CSP, norm, SALT, 79.39321, -23.78172, 0.031, 0.032263311741394796, 54008.9, 54125.67, 36.041869232403705, 0.0070527802211278615, 8.029056816690083, 0.023538324305404885, 54008.38332199158, 0.05828725748506258, 1.85290241757045, 0.019603675101876328, -0.021989004542867632, 0.001846642896415545, 16.902, 0.03283333333333333
2008C, CSP, norm, SALT, 104.29804, 20.43714, 0.0166, 0.01690390318753824, 54469.81, 54552.5, 34.544093719885524, 0.014102041067540374, 10.028240434860418, 0.0010325410340992131, 54467.39380422134, 0.11750586591733736, -0.5051782490342127, 0.04406299581348749, 0.2582715990363634, 0.003430480633106142, 16.182466666666667, 0.021000000000000005
2006br, CSP, norm, SALT, 202.5075, 13.41578, 0.0246, 0.024651796748956966, 53855.66, 53891.66, 35.74355571814525, 0.03347691819832697, 11.11960854686434, 0.006792568669265763, 53851.21609715237, 0.16480983123619808, -0.6844735472588742, 0.07760971545109269, 0.8615138968461372, 0.008907543538106147, 17.509, 0.10450000000000001
2005ag, CSP, norm, SALT, 224.18187, 9.32847, 0.0797, 0.08049898785417228, 53412.82, 53480.84, 37.93975059593704, 0.009153208179894715, 10.925112928401077, 0.0019752075735155416, 53415.233951667506, 0.07461939239146886, 0.4001187116880345, 0.03503871805980274, 0.044427992107235664, 0.0023133964926462768, 18.698860465116283, 0.017488372093023254
2009ad, CSP, norm, SALT, 75.88908, 6.65992, 0.0284, 0.02808883617616276, 54878.6, 54921.53, 35.66580649426828, 0.00550999190201232, 10.572115334741166, 0.0016543456909347244, 54887.03088426212, 0.013783656315354165, 0.3182183698484853, 0.015618920455776064, 0.12458936008038544, 0.0015315498506221022, 16.9271, 0.02542
2006et, CSP, norm, SALT, 10.69092, -23.55844, 0.0226, 0.02097459451619604, 53982.63, 54099.54, 34.95592148588831, 0.005218162499399527, 10.743674520559422, 0.0005834478835465598, 53994.771842485214, 0.01463519631215604, 0.8050686178296218, 0.014320133388475154, 0.2188642599535547, 0.0014402115169677087, 16.275299999999998, 0.016400000000000005
2009P, CSP, norm, SALT, 170.16158, -3.54619, 0.0251, 0.026209683642889555, 54867.74, 54931.61, 35.61640651602559, 0.011307360820547086, 9.7634902954309, 0.001489549641911028, 54868.15002554321, 0.07947990483808098, 1.5765815904899372, 0.03830605515720842, 0.405393494851611, 0.002896009508669621, 17.184, 0.017642857142857148
2004ef, CSP, norm, SALT, 340.54175, 19.99456, 0.031, 0.029546128591910015, 53255.69, 53329.57, 35.78545818444365, 0.0028306391899113404, 11.171477203958151, 0.0011960801888627102, 53264.702593496906, 0.005622467626380967, -1.378715243645352, 0.006320067240154215, 0.1635136745352338, 0.0008214736585531132, 17.256610169491527, 0.011864406779661017
2006os, CSP, norm, SALT, 43.75421, 16.00967, 0.0328, 0.03137699532489268, 54063.65, 54133.56, 35.95036749022894, 0.012628901131765242, 10.76654740701287, 0.001213976022382484, 54065.44824762262, 0.08897485984562081, -0.6884202363139452, 0.03780466872455368, 0.5117019159942947, 0.0034052281174991586, 17.872333333333334, 0.02859259259259259
2005am, CSP, norm, SALT, 139.05196, -16.30444, 0.0079, 0.008775880603694162, 53432.58, 53512.46, 32.664002724824854, 0.003599341939664286, 10.658176033892325, 0.0002838831448236064, 53435.88956804166, 0.01993133098585531, -1.794644395160378, 0.006135926060485075, 0.0995616930170038, 0.0010378545671373442, 14.079200000000002, 0.007333333333333333
2005iq, CSP, norm, SALT, 359.63542, -18.70917, 0.034, 0.032251788357098965, 53682.55, 53755.55, 36.21826083650192, 0.00685336228104359, 10.473486783488507, 0.0010851817442867103, 53688.291131820486, 0.01735514897518442, -0.988204059600164, 0.0209028627230487, -0.030355715297711344, 0.0018784078502519532, 17.245134615384618, 0.035519230769230775
2005hc, CSP, norm, SALT, 29.19975, -0.21367, 0.0459, 0.043941378253992865, 53661.67, 53755.61, 36.859309435013316, 0.006504884948255402, 10.515068680685955, 0.001628408532041829, 53668.09381488675, 0.03499765312881209, 0.9502020949555734, 0.023717314937538037, 0.04772652333294314, 0.0016970084527174042, 17.79508695652174, 0.03210869565217391
2009ab, CSP, norm, SALT, 64.15162, 2.76417, 0.0112, 0.011510280622761349, 54874.57, 54911.51, 33.94765903622222, 0.005068843394446884, 10.245238777517978, 0.0011986676112290897, 54883.77938848931, 0.010677781261620112, -0.9244031730502517, 0.01181496903787993, 0.27777624513278837, 0.0014386078460868147, 15.583833333333331, 0.009805555555555559
2006hx, CSP, norm, SALT, 18.48879, 0.37167, 0.0455, 0.043686906440237296, 54012.66, 54080.59, 36.513222404512845, 0.02446316237130065, 10.307434104151445, 0.0019476582498743804, 54022.41361864875, 0.04342410370736616, -0.10299785832549646, 0.053888038896548474, 0.1784911623090342, 0.006952411850954627, nan, nan
2008O, CSP, norm, SALT, 104.39358, -45.81231, 0.0389, 0.03982266996046462, 54489.71, 54571.48, 36.26298057062227, 0.013546384932022008, 11.476554549097061, 0.12607025065414917, 54490.90932122734, 0.07280426233046455, -2.062757243169963, 0.039893436584077735, 0.43677485255746834, 0.0036811967748271077, 18.377454545454547, 0.03212121212121211
2006py, CSP, norm, SALT, 340.42521, -0.13692, 0.0579, 0.05601258319892767, 54069.54, 54091.54, 37.17938617307643, 0.02559435627542199, 9.823198012980697, 0.0067542707073111165, 54071.50702938561, 0.1359576828253921, -0.08259860264677454, 0.11683936627551489, 0.10637831924283216, 0.005714559817401614, 18.246777777777776, 0.026833333333333334
2005be, CSP, norm, SALT, 224.88633, 16.66989, 0.035, 0.035598603282219206, 53467.89, 53491.77, 36.12146672509412, 0.010982279068583617, 10.545044668481573, 0.0010384127802137444, 53460.07149912188, 0.051235494000138715, -1.7865189964713153, 0.01647625557002652, -0.01908143749724278, 0.0029945846803030012, nan, nan
2006fw, CSP, norm, SALT, 26.79308, -0.147, 0.0835, 0.08215156301069632, 54001.75, 54039.73, 37.82373869564629, 0.02165109465159967, 9.842210908409118, 0.010122714041069385, 54004.66542633904, 0.11560924811419682, -0.6598805472573088, 0.07555962346532302, 0.21544353667728747, 0.005744955249352662, 19.228333333333335, 0.020916666666666667
2007jg, CSP, norm, SALT, 52.46175, 0.05683, 0.0371, 0.03563979279026823, 54363.82, 54425.78, 36.60516090675818, 0.009389958452766817, 8.983217199440995, 0.01518488169616929, 54366.8411449651, 0.04762657695391681, -0.34328154251953735, 0.033859087802729226, 0.135339298355409, 0.0024642584365726873, 17.761333333333333, 0.014933333333333335
2006ef, CSP, norm, SALT, 31.08129, -8.72839, 0.0179, 0.016221363002316445, 53979.9, 54040.71, 34.75255736639614, 0.008745046252934222, 10.419862861063349, 0.00045399600933094614, 53969.92944691729, 0.04050432354779332, -1.3896538105012435, 0.013916937671513141, -0.017298436417545745, 0.0022898234869106826, nan, nan
2007nq, CSP, norm, SALT, 14.38987, -1.38861, 0.045, 0.042584580717977556, 54397.65, 54476.56, 36.51374771016662, 0.010287878231088858, 11.25062156153491, 0.0008671398747487263, 54398.608729301915, 0.05002279344626004, -1.8424354695392042, 0.020570240222219094, 0.03840549249623123, 0.002883513574017621, 17.807280000000002, 0.039080000000000004
2008bq, CSP, norm, SALT, 100.26046, -38.03861, 0.034, 0.035317653163151205, 54562.49, 54606.46, 36.010879624830324, 0.005816726067143778, 11.946576632579085, 0.16059414092674737, 54563.973680566254, 0.0386315265459416, 0.450897432173345, 0.020103358024526896, 0.17803217027438092, 0.0014895195503429515, 17.28546153846154, 0.01819230769230769
2004gc, CSP, norm, SALT, 80.45812, 6.67603, 0.0321, 0.031225951967474352, 53329.83, 53397.66, 35.797953977509096, 0.00977719662804667, 12.062701043577428, 0.013400455258840153, 53325.85677489027, 0.07625315199402394, -0.6231062431549461, 0.01849940895385649, 0.34042837784756336, 0.0025097890507495635, 17.4727, 0.012599999999999997
2008bz, CSP, norm, SALT, 189.74058, 11.1295, 0.0603, 0.06170566609473601, 54580.72, 54651.52, 37.56673974043155, 0.013853115088560035, 10.467466688012156, 0.002526258061862814, 54579.49012033681, 0.11133129574955092, -0.23735031352402014, 0.05156205319143653, -0.058080752717532005, 0.0032921190848631725, 18.284444444444443, 0.016333333333333335
2007bc, CSP, norm, SALT, 169.81071, 20.80903, 0.0208, 0.022560118859958532, 54196.65, 54259.53, 34.94858311864529, 0.006106467735187609, 9.927081146965973, 0.000229581880906585, 54200.86063444116, 0.03219643153715879, -1.0544776059555305, 0.014406729535364704, 0.08357331202194364, 0.0017697352590514074, 16.244771428571426, 0.018428571428571426
2008fr, CSP, norm, SALT, 17.95475, 14.64083, 0.0397, 0.038116423446854286, 54738.78, 54807.57, 36.45313068790084, 0.00868039197360854, 8.327633544884216, 0.02003794312800088, 54737.64501747291, 1.1302072380203754e-06, 0.03863280693542359, 0.019601926174160345, 0.054960893196030314, 0.002449788632975973, 17.905615384615388, 0.04
