ztf-91bg,2018efn,ZTF2018efn,221.29055416666668,9.27351666666667,0.024,0.02635309632198762,58325.0
++++++++++++++++++++++++++++++++++++++++++++++++++++++++++++++++
t0,58330.59267414266,0.17534553934819996
x0,0.001837664613789186,6.159368041724051e-05
x1,4.9999999908479165,0.37593772592473496
c,1.265475595297337,0.027637697526212836
mu,33.828217093103085,0.10684524467088001
hostMass,10.432550861391366,0.0007579384058977742
++++++++++++++++++++++++++++++++++++++++++++++++++++++++++++++++
0.030746126873013046,-1.430808588895447e-06,7.050359183130268e-08,0.0008369000017834097
-1.430808588895447e-06,3.793781467341158e-09,1.9875912153838235e-11,-1.5827734466752258e-06
7.050359183130268e-08,1.9875912153838235e-11,1.3938457503951578e-08,-4.682833326865835e-09
0.0008369000017834097,-1.5827734466752258e-06,-4.682833326865835e-09,0.0007638423245504312
++++++++++++++++++++++++++++++++++++++++++++++++++++++++++++++++
zp,25.5267,25.4978,26.0641,26.0665,25.4402,25.2669,26.1532,26.2062,26.1548,26.1376,26.0005
filter,ZTF_i,ZTF_i,ZTF_r,ZTF_r,ZTF_r,ZTF_g,ZTF_g,ZTF_g,ZTF_r,ZTF_g,ZTF_g
mjd,58295.327430599835,58299.29458330013,58306.171875,58312.19207180012,58326.27486110013,58331.25153939985,58334.176990699954,58337.18248840002,58337.19160880009,58345.1787268999,58363.156481499784
flux,999.8562605014109,406.1525804941293,117.94001295494135,478.52451104286615,6117.178373025164,1154.5120818697121,6898.797725300693,5794.899287153775,17699.386966207443,2542.783998873775,1170.765801935071
dflux,116.95578580092355,94.72604797202747,218.4580427392182,188.9315030489691,202.74823550517021,106.7005447548702,213.78343914459123,200.8649227917801,283.3847879903479,237.2493286863622,227.1572625852894
mag,19.653556074394974,20.57387695781729,23.049047072134485,21.533239529576637,17.51402213891771,18.97780379467149,18.809466471259242,19.104785268713194,17.789704438870057,19.861926325358443,20.429824929483132
dmag,0.19518255688783798,0.39620697210408307,2.3232388995690076,0.4946588992422563,0.05841079919593211,0.18352521423319887,0.03733062266398936,0.04079675031147385,0.0192741223622484,0.11318200878906304,0.2507253469960092
