# Combination of '2024sag' data from 'ATLAS', 'ZTF'
filter, zp, z, ra, dec, mjd, mag, dmag, flux, dflux, source
c, 23.9, nan, 83.87009, -17.801, 60435.740536, 20.363, 0.775, 26.0, 20.0, ATLAS
c, 23.9, nan, 83.87009, -17.801, 60435.744807, 21.551, 1.96, 9.0, 17.0, ATLAS
c, 23.9, nan, 83.87009, -17.801, 60435.749704, 20.377, 0.649, 26.0, 17.0, ATLAS
c, 23.9, nan, 83.87009, -17.801, 60435.76114, -20.792, 0.814, -18.0, 14.0, ATLAS
o, 23.9, nan, 83.87009, -17.801, 60436.986516, -20.02, 0.647, -36.0, 23.0, ATLAS
o, 23.9, nan, 83.87009, -17.801, 60436.989361, 21.339, 2.0, 11.0, 21.0, ATLAS
o, 23.9, nan, 83.87009, -17.801, 60436.994895, 0.0, 20.373, 0.0, 26.0, ATLAS
o, 23.9, nan, 83.87009, -17.801, 60437.009694, 21.464, 2.568, 9.0, 24.0, ATLAS
c, 23.9, nan, 83.87009, -17.801, 60438.743928, 25.055, 53.0, 0.0, 18.0, ATLAS
c, 23.9, nan, 83.87009, -17.801, 60438.747131, -20.571, 0.761, -22.0, 16.0, ATLAS
c, 23.9, nan, 83.87009, -17.801, 60438.75264, 19.908, 0.509, 40.0, 20.0, ATLAS
c, 23.9, nan, 83.87009, -17.801, 60438.763416, -22.095, 3.824, -5.0, 20.0, ATLAS
c, 23.9, nan, 83.87009, -17.801, 60439.736986, 20.806, 0.933, 17.0, 16.0, ATLAS
c, 23.9, nan, 83.87009, -17.801, 60439.740792, -21.068, 1.138, -14.0, 16.0, ATLAS
c, 23.9, nan, 83.87009, -17.801, 60439.745917, 19.836, 0.392, 42.0, 17.0, ATLAS
c, 23.9, nan, 83.87009, -17.801, 60439.756891, 21.483, 1.889, 9.0, 18.0, ATLAS
o, 23.9, nan, 83.87009, -17.801, 60440.986147, 20.766, 2.113, 18.0, 38.0, ATLAS
o, 23.9, nan, 83.87009, -17.801, 60440.988925, 20.243, 1.655, 29.0, 48.0, ATLAS
o, 23.9, nan, 83.87009, -17.801, 60440.99444, -19.966, 19.762, -38.0, 740.0, ATLAS
o, 23.9, nan, 83.87009, -17.801, 60441.008909, -16.926, 0.53, -616.0, 327.0, ATLAS
o, 23.9, nan, 83.87009, -17.801, 60506.401697, 20.155, 0.538, 32.0, 17.0, ATLAS
o, 23.9, nan, 83.87009, -17.801, 60506.404884, -21.167, 1.062, -12.0, 13.0, ATLAS
o, 23.9, nan, 83.87009, -17.801, 60506.410301, -22.006, 2.667, -6.0, 15.0, ATLAS
o, 23.9, nan, 83.87009, -17.801, 60506.432564, -21.359, 1.795, -10.0, 19.0, ATLAS
o, 23.9, nan, 83.87009, -17.801, 60510.388101, 20.975, 2.288, 15.0, 34.0, ATLAS
o, 23.9, nan, 83.87009, -17.801, 60510.390903, -19.775, 0.817, -45.0, 36.0, ATLAS
o, 23.9, nan, 83.87009, -17.801, 60510.396419, 19.907, 0.932, 40.0, 37.0, ATLAS
o, 23.9, nan, 83.87009, -17.801, 60510.419625, 21.501, 2.255, 9.0, 20.0, ATLAS
o, 23.9, nan, 83.87009, -17.801, 60513.398505, -20.393, 1.724, -25.0, 44.0, ATLAS
o, 23.9, nan, 83.87009, -17.801, 60513.422092, 20.259, 1.047, 29.0, 30.0, ATLAS
o, 23.9, nan, 83.87009, -17.801, 60513.431687, -19.533, 0.856, -56.0, 48.0, ATLAS
o, 23.9, nan, 83.87009, -17.801, 60513.433507, -20.921, 3.281, -16.0, 51.0, ATLAS
o, 23.9, nan, 83.87009, -17.801, 60514.41559, -19.223, 0.507, -74.0, 38.0, ATLAS
o, 23.9, nan, 83.87009, -17.801, 60514.432489, 21.623, 3.86, 8.0, 31.0, ATLAS
o, 23.9, nan, 83.87009, -17.801, 60514.43815, 20.045, 1.085, 35.0, 38.0, ATLAS
o, 23.9, nan, 83.87009, -17.801, 60514.440417, 20.259, 1.593, 29.0, 46.0, ATLAS
o, 23.9, nan, 83.87009, -17.801, 60518.397474, 19.89, 0.456, 40.0, 18.0, ATLAS
o, 23.9, nan, 83.87009, -17.801, 60518.400282, -22.124, 3.639, -5.0, 19.0, ATLAS
o, 23.9, nan, 83.87009, -17.801, 60518.405829, -20.652, 1.125, -20.0, 22.0, ATLAS
o, 23.9, nan, 83.87009, -17.801, 60518.428219, -22.539, 7.5, -4.0, 26.0, ATLAS
o, 23.9, nan, 83.87009, -17.801, 60523.148656, -21.708, 1.81, -8.0, 14.0, ATLAS
o, 23.9, nan, 83.87009, -17.801, 60523.151856, 21.74, 1.473, 7.0, 11.0, ATLAS
o, 23.9, nan, 83.87009, -17.801, 60523.157844, 22.091, 1.86, 5.0, 10.0, ATLAS
o, 23.9, nan, 83.87009, -17.801, 60523.175832, 21.377, 1.558, 10.0, 16.0, ATLAS
o, 23.9, nan, 83.87009, -17.801, 60524.160548, 20.193, 0.692, 30.0, 21.0, ATLAS
o, 23.9, nan, 83.87009, -17.801, 60524.174812, 21.518, 2.306, 9.0, 21.0, ATLAS
o, 23.9, nan, 83.87009, -17.801, 60524.176664, -21.106, 1.719, -13.0, 22.0, ATLAS
o, 23.9, nan, 83.87009, -17.801, 60524.18192, -19.74, 0.573, -46.0, 26.0, ATLAS
o, 23.9, nan, 83.87009, -17.801, 60528.148176, 21.458, 2.146, 10.0, 20.0, ATLAS
o, 23.9, nan, 83.87009, -17.801, 60528.152358, 22.67, 5.062, 3.0, 16.0, ATLAS
o, 23.9, nan, 83.87009, -17.801, 60528.169058, 22.001, 3.321, 6.0, 19.0, ATLAS
o, 23.9, nan, 83.87009, -17.801, 60528.176988, 21.232, 1.885, 12.0, 22.0, ATLAS
c, 23.9, nan, 83.87009, -17.801, 60533.370266, 19.882, 0.25, 40.0, 10.0, ATLAS
c, 23.9, nan, 83.87009, -17.801, 60533.373516, 19.746, 0.232, 46.0, 11.0, ATLAS
c, 23.9, nan, 83.87009, -17.801, 60533.380645, 20.395, 0.431, 25.0, 11.0, ATLAS
c, 23.9, nan, 83.87009, -17.801, 60533.391181, 20.012, 0.276, 36.0, 10.0, ATLAS
o, 23.9, nan, 83.87009, -17.801, 60535.130547, 18.144, 0.145, 201.0, 29.0, ATLAS
o, 23.9, nan, 83.87009, -17.801, 60535.134162, 18.158, 0.334, 198.0, 66.0, ATLAS
o, 23.9, nan, 83.87009, -17.801, 60535.14093, 17.851, 0.137, 263.0, 36.0, ATLAS
o, 23.9, nan, 83.87009, -17.801, 60535.152446, 17.871, 0.092, 258.0, 24.0, ATLAS
c, 23.9, nan, 83.87009, -17.801, 60537.336909, 15.914, 2.768, 1565.0, 4330.0, ATLAS
c, 23.9, nan, 83.87009, -17.801, 60537.339699, -17.278, 1.641, -445.0, 731.0, ATLAS
c, 23.9, nan, 83.87009, -17.801, 60537.345706, 17.467, 2.805, 374.0, 1050.0, ATLAS
c, 23.9, nan, 83.87009, -17.801, 60537.351777, 16.734, 0.445, 735.0, 327.0, ATLAS
o, 23.9, nan, 83.87009, -17.801, 60539.115695, 16.6, 0.035, 832.0, 29.0, ATLAS
o, 23.9, nan, 83.87009, -17.801, 60539.118853, 16.649, 0.03, 795.0, 24.0, ATLAS
o, 23.9, nan, 83.87009, -17.801, 60539.124633, 16.704, 0.034, 756.0, 26.0, ATLAS
o, 23.9, nan, 83.87009, -17.801, 60539.135055, 16.675, 0.033, 776.0, 25.0, ATLAS
o, 23.9, nan, 83.87009, -17.801, 60540.150312, 16.421, 0.023, 981.0, 22.0, ATLAS
o, 23.9, nan, 83.87009, -17.801, 60540.15438, 16.464, 0.022, 943.0, 21.0, ATLAS
o, 23.9, nan, 83.87009, -17.801, 60540.158889, 16.411, 0.024, 990.0, 24.0, ATLAS
o, 23.9, nan, 83.87009, -17.801, 60540.16932, 16.414, 0.023, 987.0, 22.0, ATLAS
o, 23.9, nan, 83.87009, -17.801, 60542.590487, 16.023, 0.026, 1415.0, 36.0, ATLAS
o, 23.9, nan, 83.87009, -17.801, 60542.594322, 16.027, 0.024, 1410.0, 34.0, ATLAS
o, 23.9, nan, 83.87009, -17.801, 60542.600805, 15.997, 0.021, 1449.0, 30.0, ATLAS
o, 23.9, nan, 83.87009, -17.801, 60542.619567, 16.04, 0.028, 1393.0, 40.0, ATLAS
o, 23.9, nan, 83.87009, -17.801, 60544.146422, 15.832, 0.016, 1687.0, 27.0, ATLAS
o, 23.9, nan, 83.87009, -17.801, 60545.139526, 15.791, 0.017, 1752.0, 30.0, ATLAS
o, 23.9, nan, 83.87009, -17.801, 60545.152805, 15.721, 0.015, 1869.0, 28.0, ATLAS
o, 23.9, nan, 83.87009, -17.801, 60545.15687, 15.743, 0.015, 1831.0, 28.0, ATLAS
o, 23.9, nan, 83.87009, -17.801, 60545.167715, 15.798, 0.017, 1742.0, 29.0, ATLAS
o, 23.9, nan, 83.87009, -17.801, 60550.566376, 15.752, 0.014, 1817.0, 25.0, ATLAS
o, 23.9, nan, 83.87009, -17.801, 60550.576338, 15.75, 0.013, 1820.0, 24.0, ATLAS
o, 23.9, nan, 83.87009, -17.801, 60550.582637, 15.767, 0.012, 1791.0, 21.0, ATLAS
o, 23.9, nan, 83.87009, -17.801, 60550.590635, 15.761, 0.011, 1802.0, 21.0, ATLAS
o, 23.9, nan, 83.87009, -17.801, 60553.143796, 15.861, 0.014, 1643.0, 23.0, ATLAS
o, 23.9, nan, 83.87009, -17.801, 60553.147854, 15.878, 0.012, 1617.0, 20.0, ATLAS
o, 23.9, nan, 83.87009, -17.801, 60553.151668, 15.865, 0.013, 1637.0, 21.0, ATLAS
o, 23.9, nan, 83.87009, -17.801, 60553.161641, 15.891, 0.017, 1598.0, 26.0, ATLAS
o, 23.9, nan, 83.87009, -17.801, 60554.373449, 15.86, 0.014, 1645.0, 23.0, ATLAS
o, 23.9, nan, 83.87009, -17.801, 60554.376603, 15.948, 0.012, 1516.0, 19.0, ATLAS
o, 23.9, nan, 83.87009, -17.801, 60554.382394, 15.904, 0.013, 1579.0, 21.0, ATLAS
o, 23.9, nan, 83.87009, -17.801, 60554.390054, 15.904, 0.013, 1579.0, 21.0, ATLAS
c, 23.9, nan, 83.87009, -17.801, 60555.099213, 16.377, 0.017, 1022.0, 18.0, ATLAS
c, 23.9, nan, 83.87009, -17.801, 60555.102816, 16.392, 0.016, 1008.0, 16.0, ATLAS
c, 23.9, nan, 83.87009, -17.801, 60555.108223, 16.371, 0.016, 1027.0, 16.0, ATLAS
c, 23.9, nan, 83.87009, -17.801, 60555.115888, 16.425, 0.016, 978.0, 16.0, ATLAS
o, 23.9, nan, 83.87009, -17.801, 60557.348018, 16.115, 0.015, 1301.0, 20.0, ATLAS
o, 23.9, nan, 83.87009, -17.801, 60557.35121, 16.113, 0.014, 1303.0, 19.0, ATLAS
o, 23.9, nan, 83.87009, -17.801, 60557.356803, 16.058, 0.016, 1370.0, 22.0, ATLAS
o, 23.9, nan, 83.87009, -17.801, 60557.367227, 16.034, 0.016, 1401.0, 22.0, ATLAS
o, 23.9, nan, 83.87009, -17.801, 60558.35141, 16.172, 0.014, 1233.0, 18.0, ATLAS
o, 23.9, nan, 83.87009, -17.801, 60558.354574, 16.242, 0.016, 1156.0, 19.0, ATLAS
o, 23.9, nan, 83.87009, -17.801, 60558.361465, 16.228, 0.015, 1171.0, 18.0, ATLAS
o, 23.9, nan, 83.87009, -17.801, 60558.37016, 16.215, 0.016, 1186.0, 19.0, ATLAS
c, 23.9, nan, 83.87009, -17.801, 60559.08538, 16.805, 0.022, 688.0, 15.0, ATLAS
c, 23.9, nan, 83.87009, -17.801, 60559.089017, 16.812, 0.023, 684.0, 16.0, ATLAS
c, 23.9, nan, 83.87009, -17.801, 60559.094506, 16.769, 0.021, 712.0, 15.0, ATLAS
c, 23.9, nan, 83.87009, -17.801, 60559.103175, 16.835, 0.022, 670.0, 15.0, ATLAS
c, 23.9, nan, 83.87009, -17.801, 60560.087713, 16.944, 0.027, 606.0, 16.0, ATLAS
c, 23.9, nan, 83.87009, -17.801, 60560.091351, 16.877, 0.027, 645.0, 18.0, ATLAS
c, 23.9, nan, 83.87009, -17.801, 60560.098187, 16.963, 0.026, 595.0, 16.0, ATLAS
o, 23.9, nan, 83.87009, -17.801, 60561.345742, 16.444, 0.075, 960.0, 72.0, ATLAS
o, 23.9, nan, 83.87009, -17.801, 60561.349819, 16.535, 0.061, 883.0, 54.0, ATLAS
o, 23.9, nan, 83.87009, -17.801, 60561.35302, 16.389, 0.081, 1011.0, 82.0, ATLAS
o, 23.9, nan, 83.87009, -17.801, 60561.366436, 15.949, 0.53, 1515.0, 804.0, ATLAS
o, 23.9, nan, 83.87009, -17.801, 60562.343033, 16.367, 0.019, 1031.0, 20.0, ATLAS
o, 23.9, nan, 83.87009, -17.801, 60562.346235, 16.437, 0.02, 966.0, 19.0, ATLAS
o, 23.9, nan, 83.87009, -17.801, 60562.351708, 16.499, 0.019, 913.0, 18.0, ATLAS
o, 23.9, nan, 83.87009, -17.801, 60562.357817, 16.414, 0.024, 987.0, 24.0, ATLAS
o, 23.9, nan, 83.87009, -17.801, 60565.349001, 16.833, 0.075, 671.0, 50.0, ATLAS
o, 23.9, nan, 83.87009, -17.801, 60565.352166, 16.666, 0.093, 783.0, 73.0, ATLAS
o, 23.9, nan, 83.87009, -17.801, 60565.368123, 16.889, 0.09, 637.0, 57.0, ATLAS
o, 23.9, nan, 83.87009, -17.801, 60565.37177, 16.746, 0.076, 727.0, 56.0, ATLAS
c, 23.9, nan, 83.87009, -17.801, 60567.095996, 17.535, 0.049, 352.0, 17.0, ATLAS
c, 23.9, nan, 83.87009, -17.801, 60567.099178, 17.566, 0.046, 342.0, 16.0, ATLAS
c, 23.9, nan, 83.87009, -17.801, 60567.104193, 17.47, 0.04, 373.0, 15.0, ATLAS
c, 23.9, nan, 83.87009, -17.801, 60567.114294, 17.49, 0.043, 366.0, 16.0, ATLAS
o, 23.9, nan, 83.87009, -17.801, 60568.075133, 16.862, 0.04, 654.0, 26.0, ATLAS
o, 23.9, nan, 83.87009, -17.801, 60568.07935, 16.973, 0.043, 590.0, 25.0, ATLAS
o, 23.9, nan, 83.87009, -17.801, 60569.243386, 17.084, 0.062, 532.0, 33.0, ATLAS
o, 23.9, nan, 83.87009, -17.801, 60569.26572, 17.015, 0.05, 568.0, 28.0, ATLAS
o, 23.9, nan, 83.87009, -17.801, 60569.279967, 17.106, 0.045, 522.0, 23.0, ATLAS
o, 23.9, nan, 83.87009, -17.801, 60569.282789, 17.094, 0.044, 528.0, 23.0, ATLAS
o, 23.9, nan, 83.87009, -17.801, 60570.326645, 17.211, 0.061, 474.0, 29.0, ATLAS
o, 23.9, nan, 83.87009, -17.801, 60570.329834, 17.148, 0.052, 502.0, 26.0, ATLAS
o, 23.9, nan, 83.87009, -17.801, 60570.33257, 17.201, 0.055, 478.0, 26.0, ATLAS
o, 23.9, nan, 83.87009, -17.801, 60570.340399, 17.151, 0.056, 500.0, 28.0, ATLAS
o, 23.9, nan, 83.87009, -17.801, 60571.061523, 17.179, 0.071, 488.0, 34.0, ATLAS
o, 23.9, nan, 83.87009, -17.801, 60571.064721, 17.283, 0.084, 443.0, 37.0, ATLAS
o, 23.9, nan, 83.87009, -17.801, 60571.070173, 17.266, 0.07, 450.0, 31.0, ATLAS
o, 23.9, nan, 83.87009, -17.801, 60571.077761, 17.245, 0.064, 459.0, 29.0, ATLAS
o, 23.9, nan, 83.87009, -17.801, 60574.327843, 17.406, 0.208, 396.0, 82.0, ATLAS
o, 23.9, nan, 83.87009, -17.801, 60574.333622, 17.286, 0.168, 442.0, 74.0, ATLAS
o, 23.9, nan, 83.87009, -17.801, 60574.336805, 17.2, 0.214, 479.0, 102.0, ATLAS
o, 23.9, nan, 83.87009, -17.801, 60574.347443, 17.756, 0.228, 287.0, 65.0, ATLAS
o, 23.9, nan, 83.87009, -17.801, 60576.087622, 17.519, 0.1, 357.0, 36.0, ATLAS
o, 23.9, nan, 83.87009, -17.801, 60576.089431, 17.465, 0.077, 375.0, 29.0, ATLAS
o, 23.9, nan, 83.87009, -17.801, 60576.094909, 17.639, 0.098, 319.0, 31.0, ATLAS
o, 23.9, nan, 83.87009, -17.801, 60576.1092, 17.664, 0.09, 312.0, 28.0, ATLAS
o, 23.9, nan, 83.87009, -17.801, 60580.064891, 17.796, 0.055, 276.0, 15.0, ATLAS
o, 23.9, nan, 83.87009, -17.801, 60580.068068, 17.776, 0.059, 282.0, 16.0, ATLAS
o, 23.9, nan, 83.87009, -17.801, 60580.074035, 17.612, 0.039, 328.0, 13.0, ATLAS
o, 23.9, nan, 83.87009, -17.801, 60580.079499, 17.752, 0.048, 288.0, 14.0, ATLAS
c, 23.9, nan, 83.87009, -17.801, 60582.311024, 18.104, 0.054, 208.0, 11.0, ATLAS
c, 23.9, nan, 83.87009, -17.801, 60582.319833, 18.191, 0.062, 192.0, 12.0, ATLAS
c, 23.9, nan, 83.87009, -17.801, 60582.322995, 18.347, 0.07, 166.0, 12.0, ATLAS
c, 23.9, nan, 83.87009, -17.801, 60582.333531, 18.246, 0.069, 183.0, 12.0, ATLAS
c, 23.9, nan, 83.87009, -17.801, 60585.312797, 18.307, 0.071, 173.0, 12.0, ATLAS
c, 23.9, nan, 83.87009, -17.801, 60585.315973, 18.316, 0.069, 171.0, 12.0, ATLAS
c, 23.9, nan, 83.87009, -17.801, 60585.340931, 18.224, 0.066, 186.0, 12.0, ATLAS
c, 23.9, nan, 83.87009, -17.801, 60585.348469, 18.349, 0.074, 166.0, 12.0, ATLAS
c, 23.9, nan, 83.87009, -17.801, 60586.314001, 18.278, 0.063, 177.0, 11.0, ATLAS
c, 23.9, nan, 83.87009, -17.801, 60586.316262, 18.316, 0.062, 171.0, 11.0, ATLAS
c, 23.9, nan, 83.87009, -17.801, 60586.321813, 18.201, 0.061, 190.0, 12.0, ATLAS
c, 23.9, nan, 83.87009, -17.801, 60586.327709, 18.316, 0.065, 171.0, 11.0, ATLAS
o, 23.9, nan, 83.87009, -17.801, 60587.05507, 18.053, 0.069, 218.0, 15.0, ATLAS
o, 23.9, nan, 83.87009, -17.801, 60587.058262, 18.191, 0.078, 192.0, 15.0, ATLAS
o, 23.9, nan, 83.87009, -17.801, 60587.081296, 18.098, 0.077, 209.0, 16.0, ATLAS
o, 23.9, nan, 83.87009, -17.801, 60587.086762, 18.03, 0.07, 223.0, 16.0, ATLAS
o, 23.9, nan, 83.87009, -17.801, 60588.051384, 18.247, 0.089, 182.0, 16.0, ATLAS
o, 23.9, nan, 83.87009, -17.801, 60588.054556, 18.203, 0.08, 190.0, 15.0, ATLAS
o, 23.9, nan, 83.87009, -17.801, 60588.057767, 18.118, 0.086, 206.0, 18.0, ATLAS
o, 23.9, nan, 83.87009, -17.801, 60588.065707, 18.308, 0.093, 172.0, 16.0, ATLAS
o, 23.9, nan, 83.87009, -17.801, 60592.060707, 18.441, 0.134, 153.0, 20.0, ATLAS
o, 23.9, nan, 83.87009, -17.801, 60592.062534, 18.415, 0.133, 156.0, 21.0, ATLAS
o, 23.9, nan, 83.87009, -17.801, 60592.065716, 18.582, 1.01, 134.0, 135.0, ATLAS
o, 23.9, nan, 83.87009, -17.801, 60592.071188, 18.36, 0.161, 164.0, 26.0, ATLAS
o, 23.9, nan, 83.87009, -17.801, 60593.100139, 18.344, 0.091, 167.0, 15.0, ATLAS
o, 23.9, nan, 83.87009, -17.801, 60593.118838, 18.235, 0.081, 184.0, 15.0, ATLAS
o, 23.9, nan, 83.87009, -17.801, 60593.125599, 18.278, 0.105, 177.0, 19.0, ATLAS
o, 23.9, nan, 83.87009, -17.801, 60593.128741, 18.193, 0.103, 192.0, 20.0, ATLAS
o, 23.9, nan, 83.87009, -17.801, 60593.130547, 18.171, 0.094, 196.0, 18.0, ATLAS
c, 23.9, nan, 83.87009, -17.801, 60593.274953, 18.434, 0.08, 154.0, 12.0, ATLAS
c, 23.9, nan, 83.87009, -17.801, 60593.278145, 18.802, 0.105, 110.0, 12.0, ATLAS
c, 23.9, nan, 83.87009, -17.801, 60593.28135, 18.459, 0.095, 150.0, 14.0, ATLAS
c, 23.9, nan, 83.87009, -17.801, 60593.291306, 18.566, 0.1, 136.0, 14.0, ATLAS
c, 23.9, nan, 83.87009, -17.801, 60594.287259, 18.801, 0.123, 110.0, 14.0, ATLAS
c, 23.9, nan, 83.87009, -17.801, 60594.28907, 18.659, 0.095, 125.0, 12.0, ATLAS
c, 23.9, nan, 83.87009, -17.801, 60594.292234, 18.661, 0.082, 125.0, 10.0, ATLAS
c, 23.9, nan, 83.87009, -17.801, 60594.297672, 18.611, 0.095, 130.0, 12.0, ATLAS
o, 23.9, nan, 83.87009, -17.801, 60595.021558, 18.709, 0.161, 119.0, 19.0, ATLAS
o, 23.9, nan, 83.87009, -17.801, 60595.023378, 18.433, 0.098, 154.0, 15.0, ATLAS
o, 23.9, nan, 83.87009, -17.801, 60595.026573, 18.282, 0.077, 177.0, 14.0, ATLAS
o, 23.9, nan, 83.87009, -17.801, 60595.032033, 18.446, 0.114, 152.0, 17.0, ATLAS
o, 23.9, nan, 83.87009, -17.801, 60596.020634, 18.454, 0.161, 151.0, 24.0, ATLAS
o, 23.9, nan, 83.87009, -17.801, 60596.023395, 18.301, 0.155, 174.0, 27.0, ATLAS
o, 23.9, nan, 83.87009, -17.801, 60596.026142, 18.319, 0.135, 171.0, 23.0, ATLAS
o, 23.9, nan, 83.87009, -17.801, 60596.036147, 18.587, 0.151, 133.0, 20.0, ATLAS
o, 23.9, nan, 83.87009, -17.801, 60598.255603, 18.68, 0.216, 122.0, 26.0, ATLAS
o, 23.9, nan, 83.87009, -17.801, 60598.257406, 18.89, 0.279, 101.0, 28.0, ATLAS
o, 23.9, nan, 83.87009, -17.801, 60598.260578, 18.378, 0.18, 162.0, 29.0, ATLAS
o, 23.9, nan, 83.87009, -17.801, 60598.266028, 18.778, 0.224, 112.0, 25.0, ATLAS
o, 23.9, nan, 83.87009, -17.801, 60599.018366, 19.074, 0.351, 85.0, 30.0, ATLAS
o, 23.9, nan, 83.87009, -17.801, 60599.020186, 18.384, 0.174, 161.0, 28.0, ATLAS
o, 23.9, nan, 83.87009, -17.801, 60599.023379, 18.568, 0.218, 136.0, 30.0, ATLAS
o, 23.9, nan, 83.87009, -17.801, 60599.028815, 18.6, 0.217, 132.0, 29.0, ATLAS
o, 23.9, nan, 83.87009, -17.801, 60602.284087, 18.886, 0.273, 101.0, 28.0, ATLAS
o, 23.9, nan, 83.87009, -17.801, 60602.289849, 19.066, 0.309, 86.0, 26.0, ATLAS
o, 23.9, nan, 83.87009, -17.801, 60602.304267, 19.679, 0.488, 49.0, 24.0, ATLAS
o, 23.9, nan, 83.87009, -17.801, 60602.30608, 18.496, 0.215, 145.0, 31.0, ATLAS
o, 23.9, nan, 83.87009, -17.801, 60605.352654, 18.87, 0.207, 103.0, 21.0, ATLAS
o, 23.9, nan, 83.87009, -17.801, 60605.358821, 18.586, 0.162, 134.0, 22.0, ATLAS
o, 23.9, nan, 83.87009, -17.801, 60605.363863, 18.746, 0.155, 115.0, 18.0, ATLAS
o, 23.9, nan, 83.87009, -17.801, 60605.372627, 18.586, 0.171, 134.0, 23.0, ATLAS
o, 23.9, nan, 83.87009, -17.801, 60606.28457, 18.662, 0.135, 124.0, 17.0, ATLAS
o, 23.9, nan, 83.87009, -17.801, 60606.286376, 19.008, 0.159, 90.0, 14.0, ATLAS
o, 23.9, nan, 83.87009, -17.801, 60606.302699, 18.626, 0.131, 129.0, 17.0, ATLAS
o, 23.9, nan, 83.87009, -17.801, 60606.305863, 18.648, 0.141, 126.0, 18.0, ATLAS
c, 23.9, nan, 83.87009, -17.801, 60606.928865, 19.273, 0.159, 71.0, 11.0, ATLAS
c, 23.9, nan, 83.87009, -17.801, 60606.931135, 18.973, 0.145, 94.0, 14.0, ATLAS
c, 23.9, nan, 83.87009, -17.801, 60606.934797, 18.939, 0.138, 96.0, 13.0, ATLAS
c, 23.9, nan, 83.87009, -17.801, 60606.941604, 18.978, 0.123, 93.0, 12.0, ATLAS
o, 23.9, nan, 83.87009, -17.801, 60608.054444, 18.751, 0.13, 115.0, 15.0, ATLAS
o, 23.9, nan, 83.87009, -17.801, 60608.061769, 19.043, 0.166, 88.0, 15.0, ATLAS
o, 23.9, nan, 83.87009, -17.801, 60608.088103, 19.342, 0.24, 67.0, 16.0, ATLAS
o, 23.9, nan, 83.87009, -17.801, 60608.111408, 18.705, 0.166, 120.0, 20.0, ATLAS
o, 23.9, nan, 83.87009, -17.801, 60609.250914, 19.049, 0.165, 87.0, 14.0, ATLAS
o, 23.9, nan, 83.87009, -17.801, 60609.274508, 19.016, 0.144, 90.0, 13.0, ATLAS
o, 23.9, nan, 83.87009, -17.801, 60609.27631, 19.142, 0.16, 80.0, 13.0, ATLAS
o, 23.9, nan, 83.87009, -17.801, 60609.279092, 18.928, 0.187, 98.0, 18.0, ATLAS
o, 23.9, nan, 83.87009, -17.801, 60610.269727, 19.081, 0.144, 85.0, 12.0, ATLAS
o, 23.9, nan, 83.87009, -17.801, 60610.271618, 19.112, 0.15, 82.0, 12.0, ATLAS
o, 23.9, nan, 83.87009, -17.801, 60610.27478, 19.091, 0.18, 84.0, 15.0, ATLAS
o, 23.9, nan, 83.87009, -17.801, 60610.28824, 19.125, 0.172, 81.0, 14.0, ATLAS
o, 23.9, nan, 83.87009, -17.801, 60613.286053, 19.078, 0.18, 85.0, 15.0, ATLAS
o, 23.9, nan, 83.87009, -17.801, 60613.287861, 18.757, 0.114, 114.0, 13.0, ATLAS
o, 23.9, nan, 83.87009, -17.801, 60613.291031, 19.322, 0.277, 68.0, 19.0, ATLAS
o, 23.9, nan, 83.87009, -17.801, 60613.318874, 19.286, 0.255, 70.0, 18.0, ATLAS
o, 23.9, nan, 83.87009, -17.801, 60614.261073, 19.564, 0.278, 54.0, 15.0, ATLAS
o, 23.9, nan, 83.87009, -17.801, 60614.262883, 19.21, 0.189, 75.0, 14.0, ATLAS
o, 23.9, nan, 83.87009, -17.801, 60614.266043, 19.273, 0.189, 71.0, 13.0, ATLAS
o, 23.9, nan, 83.87009, -17.801, 60614.271422, 19.262, 0.175, 72.0, 12.0, ATLAS
c, 23.9, nan, 83.87009, -17.801, 60615.001879, 19.066, 0.148, 86.0, 13.0, ATLAS
c, 23.9, nan, 83.87009, -17.801, 60615.003749, 19.302, 0.159, 69.0, 11.0, ATLAS
c, 23.9, nan, 83.87009, -17.801, 60615.006911, 19.251, 0.156, 72.0, 11.0, ATLAS
c, 23.9, nan, 83.87009, -17.801, 60615.012369, 19.422, 0.177, 62.0, 11.0, ATLAS
o, 23.9, nan, 83.87009, -17.801, 60617.236114, 20.035, 0.434, 35.0, 15.0, ATLAS
o, 23.9, nan, 83.87009, -17.801, 60617.238388, 18.805, 0.177, 109.0, 19.0, ATLAS
o, 23.9, nan, 83.87009, -17.801, 60617.241553, 19.708, 0.252, 48.0, 12.0, ATLAS
o, 23.9, nan, 83.87009, -17.801, 60617.260053, 19.799, 0.349, 44.0, 15.0, ATLAS
o, 23.9, nan, 83.87009, -17.801, 60618.243449, 19.345, 0.154, 66.0, 10.0, ATLAS
o, 23.9, nan, 83.87009, -17.801, 60618.245262, 19.294, 0.179, 70.0, 12.0, ATLAS
o, 23.9, nan, 83.87009, -17.801, 60618.24799, 19.298, 0.176, 69.0, 12.0, ATLAS
o, 23.9, nan, 83.87009, -17.801, 60618.253462, 19.043, 0.125, 88.0, 11.0, ATLAS
o, 23.9, nan, 83.87009, -17.801, 60621.233776, 19.592, 0.275, 53.0, 14.0, ATLAS
o, 23.9, nan, 83.87009, -17.801, 60621.235578, 19.099, 0.169, 83.0, 14.0, ATLAS
o, 23.9, nan, 83.87009, -17.801, 60621.238757, 19.432, 0.229, 61.0, 14.0, ATLAS
o, 23.9, nan, 83.87009, -17.801, 60621.256976, 19.392, 0.22, 64.0, 14.0, ATLAS
o, 23.9, nan, 83.87009, -17.801, 60622.216482, 19.434, 0.234, 61.0, 14.0, ATLAS
o, 23.9, nan, 83.87009, -17.801, 60622.219654, 19.704, 0.286, 48.0, 14.0, ATLAS
o, 23.9, nan, 83.87009, -17.801, 60622.222694, 19.489, 0.253, 58.0, 15.0, ATLAS
o, 23.9, nan, 83.87009, -17.801, 60622.228131, 19.636, 0.233, 51.0, 12.0, ATLAS
c, 23.9, nan, 83.87009, -17.801, 60623.063814, 19.504, 0.317, 57.0, 18.0, ATLAS
c, 23.9, nan, 83.87009, -17.801, 60623.087617, 18.65, 0.472, 126.0, 60.0, ATLAS
c, 23.9, nan, 83.87009, -17.801, 60623.093827, 19.751, 1.114, 46.0, 51.0, ATLAS
c, 23.9, nan, 83.87009, -17.801, 60623.104249, 19.128, 0.255, 81.0, 21.0, ATLAS
o, 23.9, nan, 83.87009, -17.801, 60625.238954, 18.772, 0.179, 112.0, 20.0, ATLAS
o, 23.9, nan, 83.87009, -17.801, 60625.240778, 20.388, 0.697, 25.0, 18.0, ATLAS
o, 23.9, nan, 83.87009, -17.801, 60625.243571, 20.055, 0.53, 34.0, 18.0, ATLAS
o, 23.9, nan, 83.87009, -17.801, 60625.249024, 19.432, 0.352, 61.0, 22.0, ATLAS
o, 23.9, nan, 83.87009, -17.801, 60626.227902, 19.608, 0.349, 52.0, 18.0, ATLAS
o, 23.9, nan, 83.87009, -17.801, 60626.229708, 19.914, 0.37, 39.0, 15.0, ATLAS
o, 23.9, nan, 83.87009, -17.801, 60626.232485, 20.187, 0.557, 31.0, 17.0, ATLAS
o, 23.9, nan, 83.87009, -17.801, 60626.237948, 19.595, 0.326, 53.0, 17.0, ATLAS
o, 23.9, nan, 83.87009, -17.801, 60626.953325, 20.248, 0.66, 29.0, 19.0, ATLAS
o, 23.9, nan, 83.87009, -17.801, 60626.956497, 19.046, 0.238, 87.0, 21.0, ATLAS
o, 23.9, nan, 83.87009, -17.801, 60626.980336, 19.413, 0.326, 62.0, 20.0, ATLAS
o, 23.9, nan, 83.87009, -17.801, 60626.983494, 20.349, 0.578, 26.0, 15.0, ATLAS
o, 23.9, nan, 83.87009, -17.801, 60629.226206, 20.743, 1.755, 18.0, 32.0, ATLAS
o, 23.9, nan, 83.87009, -17.801, 60629.228125, 19.273, 0.406, 71.0, 29.0, ATLAS
o, 23.9, nan, 83.87009, -17.801, 60629.231291, 19.2, 0.453, 76.0, 34.0, ATLAS
o, 23.9, nan, 83.87009, -17.801, 60629.236905, -21.591, 3.397, -8.0, 28.0, ATLAS
o, 23.9, nan, 83.87009, -17.801, 60630.193788, 19.345, 0.539, 66.0, 36.0, ATLAS
o, 23.9, nan, 83.87009, -17.801, 60630.196527, 21.872, 5.962, 6.0, 39.0, ATLAS
o, 23.9, nan, 83.87009, -17.801, 60630.223637, 20.141, 1.162, 32.0, 37.0, ATLAS
o, 23.9, nan, 83.87009, -17.801, 60630.226829, 19.113, 0.376, 82.0, 31.0, ATLAS
o, 23.9, nan, 83.87009, -17.801, 60630.976343, 20.36, 0.995, 26.0, 26.0, ATLAS
o, 23.9, nan, 83.87009, -17.801, 60630.978641, 20.613, 1.477, 21.0, 30.0, ATLAS
o, 23.9, nan, 83.87009, -17.801, 60630.982378, 20.196, 0.804, 30.0, 24.0, ATLAS
o, 23.9, nan, 83.87009, -17.801, 60631.001033, 19.551, 0.462, 55.0, 25.0, ATLAS
o, 23.9, nan, 83.87009, -17.801, 60631.980088, 19.151, 0.258, 79.0, 20.0, ATLAS
o, 23.9, nan, 83.87009, -17.801, 60631.981963, -21.528, 2.687, -9.0, 24.0, ATLAS
o, 23.9, nan, 83.87009, -17.801, 60632.007999, 20.127, 0.596, 32.0, 19.0, ATLAS
o, 23.9, nan, 83.87009, -17.801, 60632.013399, -21.132, 1.653, -13.0, 21.0, ATLAS
o, 23.9, nan, 83.87009, -17.801, 60633.289109, 19.532, 0.296, 56.0, 16.0, ATLAS
o, 23.9, nan, 83.87009, -17.801, 60633.317447, 20.891, 1.21, 16.0, 19.0, ATLAS
o, 23.9, nan, 83.87009, -17.801, 60633.342601, 20.767, 0.939, 18.0, 17.0, ATLAS
o, 23.9, nan, 83.87009, -17.801, 60633.355676, 19.244, 0.32, 73.0, 23.0, ATLAS
o, 23.9, nan, 83.87009, -17.801, 60634.233148, 21.388, 1.802, 10.0, 18.0, ATLAS
o, 23.9, nan, 83.87009, -17.801, 60634.234978, 19.54, 0.42, 56.0, 23.0, ATLAS
o, 23.9, nan, 83.87009, -17.801, 60634.238148, 20.359, 0.692, 26.0, 18.0, ATLAS
ZTF_r, 26.2388, nan, 83.87009166666665, -17.80099722222222, 60564.46585649997, 16.725758684919896, 0.00942659598080807, 6385.81784310543, 55.4430482746004, ZTF
ZTF_r, 25.9204, nan, 83.87009166666665, -17.80099722222222, 60566.4774536998, 16.97506201276094, 0.012216057669127253, 3785.60411381353, 42.5933647271658, ZTF
ZTF_g, 25.7446, nan, 83.87009166666665, -17.80099722222222, 60566.486550900154, 18.036719011507728, 0.027588527520556825, 1211.02301105536, 30.7720618710635, ZTF
ZTF_g, 26.2026, nan, 83.87009166666665, -17.80099722222222, 60571.476967600174, 18.222002791159845, 0.05884323670732476, 1556.82172541134, 84.3744814788921, ZTF
ZTF_r, 26.2364, nan, 83.87009166666665, -17.80099722222222, 60574.47549769981, 17.584290783823548, 0.037093747831924845, 2889.63964103872, 98.7233949645418, ZTF
ZTF_r, 25.6478, nan, 83.87009166666665, -17.80099722222222, 60591.50061339978, 18.373801017839586, 0.052641100236223794, 812.081454951764, 39.373156281128, ZTF
ZTF_g, 26.2307, nan, 83.87009166666665, -17.80099722222222, 60594.46090279985, 19.00129497468201, 0.05634219997968651, 779.402886981485, 40.4456194152269, ZTF
ZTF_r, 26.2822, nan, 83.87009166666665, -17.80099722222222, 60594.53679399984, 18.59674072724066, 0.07710306009704833, 1186.27044137902, 84.2424529383883, ZTF
ZTF_g, 26.2216, nan, 83.87009166666665, -17.80099722222222, 60595.424641199876, 18.97483403105435, 0.04417578528114085, 791.965727091979, 32.2230278005433, ZTF
ZTF_r, 26.2973, nan, 83.87009166666665, -17.80099722222222, 60595.48228010023, 18.524511955705808, 0.03240913018727117, 1285.62768992942, 38.3758734328045, ZTF
ZTF_r, 26.2397, nan, 83.87009166666665, -17.80099722222222, 60597.38140049996, 18.57569827244293, 0.05455510644684962, 1163.05617391087, 58.4402114373618, ZTF
ZTF_r, 26.2857, nan, 83.87009166666665, -17.80099722222222, 60598.42025459977, 18.61174698557012, 0.05100482064364842, 1173.76513633475, 55.1401712442251, ZTF
ZTF_g, 26.2165, nan, 83.87009166666665, -17.80099722222222, 60600.40280089993, 19.11039323582098, 0.2516396292102058, 695.733164002085, 161.249145649912, ZTF
ZTF_r, 26.2831, nan, 83.87009166666665, -17.80099722222222, 60600.444629599806, 18.824197389882503, 0.11472847213984876, 962.855341554671, 101.743795356514, ZTF
ZTF_r, 26.2745, nan, 83.87009166666665, -17.80099722222222, 60603.393668999895, 18.876591755705284, 0.09343882945644581, 910.255470623273, 78.3368974051719, ZTF
ZTF_r, 26.2865, nan, 83.87009166666665, -17.80099722222222, 60608.41863430012, 19.036604788353067, 0.054732520676829835, 794.251574914509, 40.0386305218792, ZTF
ZTF_r, 26.2104, nan, 83.87009166666665, -17.80099722222222, 60610.364618100226, 19.194775057216404, 0.06919692680642145, 640.103168738611, 40.7955191340009, ZTF
ZTF_g, 25.8459, nan, 83.87009166666665, -17.80099722222222, 60610.43924769992, 19.41396494914102, 0.10797702136590176, 373.915975182291, 37.1861351443419, ZTF
ZTF_r, 26.2839, nan, 83.87009166666665, -17.80099722222222, 60614.44031250011, 19.36053851114844, 0.06683877813204045, 587.955687142058, 36.1950163880242, ZTF
ZTF_g, 26.2299, nan, 83.87009166666665, -17.80099722222222, 60614.482152800076, 19.372040156519972, 0.06398638629084737, 553.533535381903, 32.6217459311068, ZTF
ZTF_r, 26.0187, nan, 83.87009166666665, -17.80099722222222, 60616.420509300195, 19.351985873876117, 0.08039037760775201, 464.17917301362, 34.3688815318335, ZTF
ZTF_g, 26.2565, nan, 83.87009166666665, -17.80099722222222, 60619.41697920021, 19.640772119098127, 0.1188420421720868, 442.885184453886, 48.4771342592335, ZTF
ZTF_r, 26.2972, nan, 83.87009166666665, -17.80099722222222, 60619.4323148001, 19.64960220857476, 0.10951375247705872, 456.077992695559, 46.0027142719588, ZTF
ZTF_r, 26.2694, nan, 83.87009166666665, -17.80099722222222, 60625.356944399886, 19.847128998087037, 0.12635732895557736, 370.602547890366, 43.1305024648316, ZTF
ZTF_g, 26.2356, nan, 83.87009166666665, -17.80099722222222, 60625.397338000126, 19.481030011277003, 0.0645205061967193, 503.301234327199, 29.9089689243647, ZTF
ZTF_r, 26.2905, nan, 83.87009166666665, -17.80099722222222, 60627.35817130003, 19.59759237959347, 0.13038982206070157, 475.513715628359, 57.1060893948086, ZTF
ZTF_g, 26.2631, nan, 83.87009166666665, -17.80099722222222, 60627.41890050005, 19.55753233468117, 0.14923017076711173, 481.09081578523, 66.1240403326043, ZTF
ZTF_g, 26.2617, nan, 83.87009166666665, -17.80099722222222, 60628.41552079981, 19.650156980084425, 0.17840467045633754, 441.181413676394, 72.4935065933411, ZTF
ZTF_g, 26.064, nan, 83.87009166666665, -17.80099722222222, 60631.416840299964, 19.43556678985561, 0.25016232119764326, 448.098287383875, 103.245435866641, ZTF
ZTF_r, 26.2969, nan, 83.87009166666665, -17.80099722222222, 60632.37837960012, 19.786924231760914, 0.2154467721332139, 401.781843670562, 79.7271021644605, ZTF
ZTF_r, 26.2757, nan, 83.87009166666665, -17.80099722222222, 60633.442187500186, 20.66515592587161, 0.6279188789969246, 175.47596105344, 101.483830301063, ZTF
