# Combination of '2024xhs' data from 'ATLAS', 'ZTF'
filter, zp, z, ra, dec, mjd, mag, dmag, flux, dflux, source
o, 23.9, nan, 353.4826, -23.72858, 60489.31691, -14.112, 1.275, -8227.0, 10490.0, ATLAS
o, 23.9, nan, 353.4826, -23.72858, 60490.331546, 20.652, 0.882, 20.0, 18.0, ATLAS
o, 23.9, nan, 353.4826, -23.72858, 60490.348137, 21.032, 1.168, 14.0, 16.0, ATLAS
o, 23.9, nan, 353.4826, -23.72858, 60493.315429, -20.32, 0.554, -27.0, 15.0, ATLAS
o, 23.9, nan, 353.4826, -23.72858, 60493.317232, -19.914, 0.336, -39.0, 13.0, ATLAS
o, 23.9, nan, 353.4826, -23.72858, 60493.320402, -20.758, 0.766, -18.0, 14.0, ATLAS
o, 23.9, nan, 353.4826, -23.72858, 60493.325829, -26.384, 155.0, 0.0, 16.0, ATLAS
o, 23.9, nan, 353.4826, -23.72858, 60494.314265, -19.796, 0.296, -44.0, 13.0, ATLAS
o, 23.9, nan, 353.4826, -23.72858, 60494.325413, -21.16, 2.757, -12.0, 34.0, ATLAS
o, 23.9, nan, 353.4826, -23.72858, 60494.3292, -19.655, 3.393, -50.0, 169.0, ATLAS
o, 23.9, nan, 353.4826, -23.72858, 60494.333307, 22.688, 16.333, 3.0, 50.0, ATLAS
o, 23.9, nan, 353.4826, -23.72858, 60497.321861, -21.288, 1.338, -11.0, 15.0, ATLAS
o, 23.9, nan, 353.4826, -23.72858, 60497.323669, -20.429, 0.404, -24.0, 10.0, ATLAS
o, 23.9, nan, 353.4826, -23.72858, 60497.327395, -20.824, 0.766, -17.0, 13.0, ATLAS
o, 23.9, nan, 353.4826, -23.72858, 60497.33282, -20.397, 0.479, -25.0, 12.0, ATLAS
o, 23.9, nan, 353.4826, -23.72858, 60498.31793, 20.217, 0.349, 30.0, 10.0, ATLAS
o, 23.9, nan, 353.4826, -23.72858, 60498.319733, 21.256, 1.267, 11.0, 14.0, ATLAS
o, 23.9, nan, 353.4826, -23.72858, 60498.322906, -20.691, 0.58, -19.0, 11.0, ATLAS
o, 23.9, nan, 353.4826, -23.72858, 60498.328331, 21.69, 1.642, 8.0, 13.0, ATLAS
o, 23.9, nan, 353.4826, -23.72858, 60505.279658, -24.861, 34.333, 0.0, 14.0, ATLAS
o, 23.9, nan, 353.4826, -23.72858, 60505.281461, -22.386, 2.931, -4.0, 12.0, ATLAS
o, 23.9, nan, 353.4826, -23.72858, 60505.284616, -20.944, 0.743, -15.0, 11.0, ATLAS
o, 23.9, nan, 353.4826, -23.72858, 60505.29502, 23.034, 6.067, 2.0, 14.0, ATLAS
o, 23.9, nan, 353.4826, -23.72858, 60506.283642, 20.866, 0.725, 16.0, 12.0, ATLAS
o, 23.9, nan, 353.4826, -23.72858, 60506.285444, 20.247, 0.386, 29.0, 11.0, ATLAS
o, 23.9, nan, 353.4826, -23.72858, 60506.289951, 20.862, 0.774, 16.0, 13.0, ATLAS
o, 23.9, nan, 353.4826, -23.72858, 60506.295217, -21.721, 1.574, -7.0, 12.0, ATLAS
o, 23.9, nan, 353.4826, -23.72858, 60509.267189, -24.72, 40.0, 0.0, 19.0, ATLAS
o, 23.9, nan, 353.4826, -23.72858, 60509.269003, -22.811, 6.875, -3.0, 19.0, ATLAS
o, 23.9, nan, 353.4826, -23.72858, 60509.274435, 19.608, 0.585, 52.0, 30.0, ATLAS
o, 23.9, nan, 353.4826, -23.72858, 60509.277613, 24.315, 26.5, 1.0, 18.0, ATLAS
o, 23.9, nan, 353.4826, -23.72858, 60510.241573, -21.117, 1.697, -13.0, 22.0, ATLAS
o, 23.9, nan, 353.4826, -23.72858, 60510.243426, -20.039, 0.527, -35.0, 18.0, ATLAS
o, 23.9, nan, 353.4826, -23.72858, 60510.246621, -20.956, 1.559, -15.0, 24.0, ATLAS
o, 23.9, nan, 353.4826, -23.72858, 60510.25302, 20.796, 1.158, 17.0, 20.0, ATLAS
o, 23.9, nan, 353.4826, -23.72858, 60517.268306, 20.598, 0.855, 21.0, 18.0, ATLAS
o, 23.9, nan, 353.4826, -23.72858, 60517.270565, -21.651, 1.962, -8.0, 16.0, ATLAS
o, 23.9, nan, 353.4826, -23.72858, 60517.273309, -20.527, 0.903, -22.0, 20.0, ATLAS
o, 23.9, nan, 353.4826, -23.72858, 60517.278819, 20.019, 0.549, 36.0, 20.0, ATLAS
o, 23.9, nan, 353.4826, -23.72858, 60518.281689, 20.841, 0.864, 17.0, 14.0, ATLAS
o, 23.9, nan, 353.4826, -23.72858, 60518.283496, 21.374, 1.455, 10.0, 15.0, ATLAS
o, 23.9, nan, 353.4826, -23.72858, 60518.286668, 20.328, 0.461, 27.0, 12.0, ATLAS
o, 23.9, nan, 353.4826, -23.72858, 60518.291711, 20.815, 1.034, 17.0, 18.0, ATLAS
c, 23.9, nan, 353.4826, -23.72858, 60521.218548, 20.21, 0.472, 30.0, 14.0, ATLAS
c, 23.9, nan, 353.4826, -23.72858, 60521.243997, 17.98, 0.787, 233.0, 184.0, ATLAS
c, 23.9, nan, 353.4826, -23.72858, 60521.247167, 20.426, 2.565, 24.0, 63.0, ATLAS
c, 23.9, nan, 353.4826, -23.72858, 60521.25215, 19.473, 1.243, 59.0, 73.0, ATLAS
c, 23.9, nan, 353.4826, -23.72858, 60521.253952, -19.607, 2.871, -52.0, 150.0, ATLAS
c, 23.9, nan, 353.4826, -23.72858, 60521.256712, 0.0, 19.639, 0.0, 51.0, ATLAS
o, 23.9, nan, 353.4826, -23.72858, 60522.943669, 20.281, 0.566, 28.0, 16.0, ATLAS
o, 23.9, nan, 353.4826, -23.72858, 60522.979141, 19.967, 0.425, 37.0, 16.0, ATLAS
o, 23.9, nan, 353.4826, -23.72858, 60522.982316, -20.802, 0.86, -17.0, 15.0, ATLAS
o, 23.9, nan, 353.4826, -23.72858, 60522.985137, 20.569, 0.579, 22.0, 12.0, ATLAS
o, 23.9, nan, 353.4826, -23.72858, 60524.023103, 21.977, 1.811, 6.0, 11.0, ATLAS
o, 23.9, nan, 353.4826, -23.72858, 60524.024906, 21.187, 0.872, 12.0, 11.0, ATLAS
o, 23.9, nan, 353.4826, -23.72858, 60524.037061, 20.605, 0.514, 21.0, 11.0, ATLAS
o, 23.9, nan, 353.4826, -23.72858, 60524.039813, 20.224, 0.352, 30.0, 10.0, ATLAS
c, 23.9, nan, 353.4826, -23.72858, 60525.25066, -20.852, 0.573, -17.0, 10.0, ATLAS
c, 23.9, nan, 353.4826, -23.72858, 60525.252467, -21.301, 0.857, -11.0, 9.0, ATLAS
c, 23.9, nan, 353.4826, -23.72858, 60525.255285, 23.81, 8.286, 1.0, 9.0, ATLAS
c, 23.9, nan, 353.4826, -23.72858, 60525.26133, -25.826, 51.0, 0.0, 9.0, ATLAS
o, 23.9, nan, 353.4826, -23.72858, 60527.989679, 20.599, 0.57, 21.0, 12.0, ATLAS
o, 23.9, nan, 353.4826, -23.72858, 60527.992397, 22.292, 2.708, 4.0, 12.0, ATLAS
o, 23.9, nan, 353.4826, -23.72858, 60528.017906, 19.912, 0.374, 39.0, 15.0, ATLAS
o, 23.9, nan, 353.4826, -23.72858, 60528.021071, 19.577, 0.249, 54.0, 13.0, ATLAS
c, 23.9, nan, 353.4826, -23.72858, 60533.24501, 21.892, 1.293, 6.0, 8.0, ATLAS
c, 23.9, nan, 353.4826, -23.72858, 60533.248326, 20.567, 0.376, 22.0, 8.0, ATLAS
c, 23.9, nan, 353.4826, -23.72858, 60533.251516, 21.161, 0.612, 12.0, 8.0, ATLAS
c, 23.9, nan, 353.4826, -23.72858, 60533.262539, 21.153, 0.645, 13.0, 8.0, ATLAS
c, 23.9, nan, 353.4826, -23.72858, 60534.22298, 20.609, 0.537, 21.0, 11.0, ATLAS
c, 23.9, nan, 353.4826, -23.72858, 60534.229078, -21.071, 0.775, -14.0, 10.0, ATLAS
c, 23.9, nan, 353.4826, -23.72858, 60534.231791, 20.778, 0.598, 18.0, 11.0, ATLAS
c, 23.9, nan, 353.4826, -23.72858, 60534.236874, 24.376, 18.75, 1.0, 12.0, ATLAS
o, 23.9, nan, 353.4826, -23.72858, 60534.986743, -21.459, 2.778, -10.0, 26.0, ATLAS
o, 23.9, nan, 353.4826, -23.72858, 60534.988998, 19.342, 0.46, 67.0, 31.0, ATLAS
o, 23.9, nan, 353.4826, -23.72858, 60534.992755, 19.403, 0.424, 63.0, 27.0, ATLAS
o, 23.9, nan, 353.4826, -23.72858, 60534.999104, 20.801, 2.0, 17.0, 35.0, ATLAS
o, 23.9, nan, 353.4826, -23.72858, 60537.20545, -20.756, 0.973, -18.0, 18.0, ATLAS
o, 23.9, nan, 353.4826, -23.72858, 60537.207277, -19.839, 0.4, -42.0, 17.0, ATLAS
o, 23.9, nan, 353.4826, -23.72858, 60537.210488, -21.365, 2.276, -10.0, 24.0, ATLAS
o, 23.9, nan, 353.4826, -23.72858, 60537.222393, -19.904, 1.019, -40.0, 40.0, ATLAS
o, 23.9, nan, 353.4826, -23.72858, 60538.92816, -20.501, 0.762, -23.0, 17.0, ATLAS
o, 23.9, nan, 353.4826, -23.72858, 60538.931314, -21.991, 2.952, -6.0, 17.0, ATLAS
o, 23.9, nan, 353.4826, -23.72858, 60538.93447, 21.36, 1.603, 10.0, 17.0, ATLAS
o, 23.9, nan, 353.4826, -23.72858, 60538.94462, 22.163, 4.333, 5.0, 22.0, ATLAS
o, 23.9, nan, 353.4826, -23.72858, 60539.950262, -20.547, 1.142, -22.0, 25.0, ATLAS
o, 23.9, nan, 353.4826, -23.72858, 60539.957225, 19.827, 0.76, 43.0, 32.0, ATLAS
o, 23.9, nan, 353.4826, -23.72858, 60539.960379, 22.177, 5.226, 5.0, 26.0, ATLAS
o, 23.9, nan, 353.4826, -23.72858, 60539.965826, 20.041, 0.628, 35.0, 22.0, ATLAS
o, 23.9, nan, 353.4826, -23.72858, 60544.327976, 24.049, 46.857, 1.0, 41.0, ATLAS
o, 23.9, nan, 353.4826, -23.72858, 60544.329895, 19.031, 0.388, 89.0, 34.0, ATLAS
o, 23.9, nan, 353.4826, -23.72858, 60544.360084, 20.713, 1.692, 19.0, 32.0, ATLAS
o, 23.9, nan, 353.4826, -23.72858, 60544.389269, 19.534, 0.749, 56.0, 42.0, ATLAS
o, 23.9, nan, 353.4826, -23.72858, 60544.399461, 19.504, 0.589, 57.0, 34.0, ATLAS
o, 23.9, nan, 353.4826, -23.72858, 60544.408095, -19.969, 0.993, -37.0, 37.0, ATLAS
o, 23.9, nan, 353.4826, -23.72858, 60545.347032, 20.009, 0.706, 36.0, 25.0, ATLAS
o, 23.9, nan, 353.4826, -23.72858, 60545.351643, 19.466, 0.374, 59.0, 22.0, ATLAS
o, 23.9, nan, 353.4826, -23.72858, 60545.35752, 20.156, 0.791, 32.0, 25.0, ATLAS
o, 23.9, nan, 353.4826, -23.72858, 60545.393311, 20.413, 1.079, 25.0, 27.0, ATLAS
o, 23.9, nan, 353.4826, -23.72858, 60547.218074, -22.494, 4.412, -4.0, 16.0, ATLAS
o, 23.9, nan, 353.4826, -23.72858, 60547.218974, -21.906, 2.353, -6.0, 15.0, ATLAS
o, 23.9, nan, 353.4826, -23.72858, 60547.219877, 21.267, 1.47, 11.0, 17.0, ATLAS
o, 23.9, nan, 353.4826, -23.72858, 60547.220779, 25.861, 92.0, 0.0, 15.0, ATLAS
o, 23.9, nan, 353.4826, -23.72858, 60547.223031, -23.63, 14.333, -1.0, 18.0, ATLAS
o, 23.9, nan, 353.4826, -23.72858, 60547.223933, -20.934, 0.863, -15.0, 13.0, ATLAS
o, 23.9, nan, 353.4826, -23.72858, 60547.228889, 20.384, 0.567, 26.0, 14.0, ATLAS
o, 23.9, nan, 353.4826, -23.72858, 60547.22934, 21.741, 1.957, 7.0, 14.0, ATLAS
o, 23.9, nan, 353.4826, -23.72858, 60547.42362, 23.219, 18.4, 2.0, 34.0, ATLAS
o, 23.9, nan, 353.4826, -23.72858, 60547.425423, 19.274, 0.762, 71.0, 54.0, ATLAS
o, 23.9, nan, 353.4826, -23.72858, 60548.029231, -20.019, 0.611, -36.0, 22.0, ATLAS
o, 23.9, nan, 353.4826, -23.72858, 60548.029695, -21.148, 1.547, -13.0, 20.0, ATLAS
o, 23.9, nan, 353.4826, -23.72858, 60548.032257, 21.087, 1.429, 13.0, 19.0, ATLAS
o, 23.9, nan, 353.4826, -23.72858, 60548.044424, -21.512, 1.733, -9.0, 16.0, ATLAS
o, 23.9, nan, 353.4826, -23.72858, 60548.047477, 20.859, 1.125, 16.0, 18.0, ATLAS
o, 23.9, nan, 353.4826, -23.72858, 60548.053051, -20.356, 0.589, -26.0, 15.0, ATLAS
o, 23.9, nan, 353.4826, -23.72858, 60548.058989, 20.614, 1.127, 21.0, 23.0, ATLAS
o, 23.9, nan, 353.4826, -23.72858, 60548.059995, -19.933, 0.688, -39.0, 27.0, ATLAS
o, 23.9, nan, 353.4826, -23.72858, 60548.079873, -17.436, 0.126, -385.0, 49.0, ATLAS
o, 23.9, nan, 353.4826, -23.72858, 60549.206854, 19.525, 0.223, 56.0, 12.0, ATLAS
o, 23.9, nan, 353.4826, -23.72858, 60549.208656, 19.594, 0.197, 53.0, 10.0, ATLAS
o, 23.9, nan, 353.4826, -23.72858, 60549.210143, 19.896, 0.309, 40.0, 12.0, ATLAS
o, 23.9, nan, 353.4826, -23.72858, 60549.212129, 17.183, 0.021, 486.0, 10.0, ATLAS
o, 23.9, nan, 353.4826, -23.72858, 60549.21303, 20.299, 0.542, 28.0, 15.0, ATLAS
o, 23.9, nan, 353.4826, -23.72858, 60549.213481, 20.139, 0.549, 32.0, 18.0, ATLAS
o, 23.9, nan, 353.4826, -23.72858, 60549.216184, 20.698, 0.65, 19.0, 12.0, ATLAS
o, 23.9, nan, 353.4826, -23.72858, 60549.218888, 20.029, 0.354, 35.0, 12.0, ATLAS
o, 23.9, nan, 353.4826, -23.72858, 60549.248938, 21.371, 1.963, 10.0, 20.0, ATLAS
o, 23.9, nan, 353.4826, -23.72858, 60550.504801, 21.445, 1.153, 10.0, 11.0, ATLAS
o, 23.9, nan, 353.4826, -23.72858, 60550.508229, 23.15, 6.294, 2.0, 13.0, ATLAS
o, 23.9, nan, 353.4826, -23.72858, 60550.535211, -20.932, 0.745, -15.0, 12.0, ATLAS
o, 23.9, nan, 353.4826, -23.72858, 60550.564131, -20.776, 0.783, -18.0, 14.0, ATLAS
o, 23.9, nan, 353.4826, -23.72858, 60552.035485, 20.438, 0.637, 24.0, 16.0, ATLAS
o, 23.9, nan, 353.4826, -23.72858, 60552.063395, 20.103, 0.389, 33.0, 13.0, ATLAS
o, 23.9, nan, 353.4826, -23.72858, 60552.069678, 21.327, 1.288, 11.0, 14.0, ATLAS
o, 23.9, nan, 353.4826, -23.72858, 60552.072871, 21.886, 1.744, 6.0, 11.0, ATLAS
o, 23.9, nan, 353.4826, -23.72858, 60553.25013, 20.172, 0.421, 31.0, 13.0, ATLAS
o, 23.9, nan, 353.4826, -23.72858, 60553.254725, 20.073, 0.421, 34.0, 14.0, ATLAS
o, 23.9, nan, 353.4826, -23.72858, 60553.286777, 19.646, 0.285, 50.0, 14.0, ATLAS
o, 23.9, nan, 353.4826, -23.72858, 60553.292344, 19.268, 0.152, 71.0, 11.0, ATLAS
o, 23.9, nan, 353.4826, -23.72858, 60554.2652, 19.658, 0.303, 50.0, 15.0, ATLAS
o, 23.9, nan, 353.4826, -23.72858, 60554.266101, 20.007, 0.363, 36.0, 13.0, ATLAS
o, 23.9, nan, 353.4826, -23.72858, 60554.269255, 20.045, 0.351, 35.0, 12.0, ATLAS
o, 23.9, nan, 353.4826, -23.72858, 60554.305322, 20.731, 0.783, 18.0, 14.0, ATLAS
o, 23.9, nan, 353.4826, -23.72858, 60554.334369, 19.836, 0.349, 42.0, 15.0, ATLAS
c, 23.9, nan, 353.4826, -23.72858, 60555.008333, 0.0, 21.409, 0.0, 10.0, ATLAS
c, 23.9, nan, 353.4826, -23.72858, 60555.013291, 20.808, 0.509, 17.0, 9.0, ATLAS
c, 23.9, nan, 353.4826, -23.72858, 60555.016098, -19.844, 0.25, -42.0, 10.0, ATLAS
c, 23.9, nan, 353.4826, -23.72858, 60555.05189, -21.464, 1.031, -9.0, 10.0, ATLAS
c, 23.9, nan, 353.4826, -23.72858, 60556.116017, -21.37, 1.583, -10.0, 16.0, ATLAS
c, 23.9, nan, 353.4826, -23.72858, 60556.127569, -23.157, 10.167, -2.0, 20.0, ATLAS
c, 23.9, nan, 353.4826, -23.72858, 60556.141942, -21.696, 2.182, -8.0, 17.0, ATLAS
c, 23.9, nan, 353.4826, -23.72858, 60556.14537, -19.402, 0.331, -63.0, 21.0, ATLAS
o, 23.9, nan, 353.4826, -23.72858, 60557.190357, 17.611, 0.028, 328.0, 9.0, ATLAS
o, 23.9, nan, 353.4826, -23.72858, 60557.193676, 21.506, 1.792, 9.0, 16.0, ATLAS
o, 23.9, nan, 353.4826, -23.72858, 60557.229072, 20.396, 0.442, 25.0, 11.0, ATLAS
o, 23.9, nan, 353.4826, -23.72858, 60557.252713, 20.28, 0.371, 28.0, 10.0, ATLAS
o, 23.9, nan, 353.4826, -23.72858, 60558.231633, 19.581, 0.242, 53.0, 13.0, ATLAS
o, 23.9, nan, 353.4826, -23.72858, 60558.232083, 19.897, 0.267, 40.0, 11.0, ATLAS
o, 23.9, nan, 353.4826, -23.72858, 60558.235935, 18.869, 0.09, 103.0, 9.0, ATLAS
o, 23.9, nan, 353.4826, -23.72858, 60558.237325, 20.884, 0.78, 16.0, 12.0, ATLAS
o, 23.9, nan, 353.4826, -23.72858, 60558.260575, 19.678, 0.297, 49.0, 14.0, ATLAS
o, 23.9, nan, 353.4826, -23.72858, 60558.264407, 20.582, 0.725, 21.0, 15.0, ATLAS
o, 23.9, nan, 353.4826, -23.72858, 60558.265311, 20.212, 0.469, 30.0, 14.0, ATLAS
c, 23.9, nan, 353.4826, -23.72858, 60558.915572, -20.528, 0.358, -22.0, 8.0, ATLAS
c, 23.9, nan, 353.4826, -23.72858, 60558.940256, -20.842, 0.615, -17.0, 10.0, ATLAS
c, 23.9, nan, 353.4826, -23.72858, 60558.94208, 20.374, 0.357, 26.0, 9.0, ATLAS
c, 23.9, nan, 353.4826, -23.72858, 60558.945267, 21.804, 1.279, 7.0, 9.0, ATLAS
c, 23.9, nan, 353.4826, -23.72858, 60559.866545, -21.899, 1.657, -6.0, 10.0, ATLAS
c, 23.9, nan, 353.4826, -23.72858, 60559.869757, 21.15, 0.693, 13.0, 9.0, ATLAS
c, 23.9, nan, 353.4826, -23.72858, 60559.874916, -20.735, 0.486, -18.0, 9.0, ATLAS
c, 23.9, nan, 353.4826, -23.72858, 60559.910049, -20.114, 0.25, -33.0, 8.0, ATLAS
o, 23.9, nan, 353.4826, -23.72858, 60561.177047, 21.509, 1.563, 9.0, 14.0, ATLAS
o, 23.9, nan, 353.4826, -23.72858, 60561.21222, 19.87, 0.405, 41.0, 17.0, ATLAS
o, 23.9, nan, 353.4826, -23.72858, 60561.216651, 23.479, 8.909, 2.0, 13.0, ATLAS
o, 23.9, nan, 353.4826, -23.72858, 60561.222129, 19.97, 0.411, 37.0, 15.0, ATLAS
o, 23.9, nan, 353.4826, -23.72858, 60562.163696, 19.178, 3.074, 77.0, 238.0, ATLAS
o, 23.9, nan, 353.4826, -23.72858, 60562.165506, 21.437, 6.071, 10.0, 59.0, ATLAS
o, 23.9, nan, 353.4826, -23.72858, 60562.176675, 19.816, 0.627, 43.0, 27.0, ATLAS
o, 23.9, nan, 353.4826, -23.72858, 60562.907445, 19.993, 0.462, 36.0, 17.0, ATLAS
o, 23.9, nan, 353.4826, -23.72858, 60562.918681, 21.003, 1.131, 14.0, 16.0, ATLAS
o, 23.9, nan, 353.4826, -23.72858, 60562.920493, 19.804, 0.396, 44.0, 17.0, ATLAS
o, 23.9, nan, 353.4826, -23.72858, 60562.930258, 20.408, 0.55, 25.0, 14.0, ATLAS
o, 23.9, nan, 353.4826, -23.72858, 60565.157187, 23.18, 11.615, 2.0, 23.0, ATLAS
o, 23.9, nan, 353.4826, -23.72858, 60565.160519, 18.453, 0.337, 151.0, 51.0, ATLAS
o, 23.9, nan, 353.4826, -23.72858, 60565.163747, 20.18, 0.558, 31.0, 17.0, ATLAS
o, 23.9, nan, 353.4826, -23.72858, 60565.199026, 19.731, 0.746, 46.0, 35.0, ATLAS
o, 23.9, nan, 353.4826, -23.72858, 60566.88323, -21.12, 1.81, -13.0, 23.0, ATLAS
o, 23.9, nan, 353.4826, -23.72858, 60566.885546, 20.114, 0.767, 33.0, 25.0, ATLAS
o, 23.9, nan, 353.4826, -23.72858, 60566.916385, -21.168, 1.908, -12.0, 24.0, ATLAS
o, 23.9, nan, 353.4826, -23.72858, 60566.91955, 21.095, 1.892, 13.0, 25.0, ATLAS
o, 23.9, nan, 353.4826, -23.72858, 60567.903617, -19.133, 0.531, -81.0, 43.0, ATLAS
o, 23.9, nan, 353.4826, -23.72858, 60567.908151, 21.52, 5.846, 9.0, 52.0, ATLAS
o, 23.9, nan, 353.4826, -23.72858, 60567.93533, 20.329, 2.132, 27.0, 57.0, ATLAS
o, 23.9, nan, 353.4826, -23.72858, 60567.939975, -19.265, 0.905, -72.0, 65.0, ATLAS
o, 23.9, nan, 353.4826, -23.72858, 60573.172786, -21.521, 3.466, -9.0, 31.0, ATLAS
o, 23.9, nan, 353.4826, -23.72858, 60573.1789, 20.555, 1.5, 22.0, 33.0, ATLAS
o, 23.9, nan, 353.4826, -23.72858, 60573.182547, 19.664, 0.584, 50.0, 29.0, ATLAS
o, 23.9, nan, 353.4826, -23.72858, 60573.194436, 20.792, 1.924, 18.0, 34.0, ATLAS
o, 23.9, nan, 353.4826, -23.72858, 60574.175876, 21.259, 2.776, 11.0, 32.0, ATLAS
o, 23.9, nan, 353.4826, -23.72858, 60574.178875, 19.755, 0.539, 46.0, 24.0, ATLAS
o, 23.9, nan, 353.4826, -23.72858, 60574.184872, 20.311, 0.619, 27.0, 17.0, ATLAS
o, 23.9, nan, 353.4826, -23.72858, 60574.216873, 20.666, 1.382, 20.0, 27.0, ATLAS
o, 23.9, nan, 353.4826, -23.72858, 60575.919676, 20.153, 0.459, 32.0, 14.0, ATLAS
o, 23.9, nan, 353.4826, -23.72858, 60575.923421, 19.784, 0.333, 44.0, 15.0, ATLAS
o, 23.9, nan, 353.4826, -23.72858, 60575.930697, 19.987, 0.46, 37.0, 17.0, ATLAS
o, 23.9, nan, 353.4826, -23.72858, 60575.941228, 21.922, 2.912, 6.0, 18.0, ATLAS
c, 23.9, nan, 353.4826, -23.72858, 60577.214536, 24.599, 33.0, 0.0, 17.0, ATLAS
c, 23.9, nan, 353.4826, -23.72858, 60577.219214, -19.015, 0.475, -90.0, 43.0, ATLAS
c, 23.9, nan, 353.4826, -23.72858, 60577.222041, 20.006, 0.517, 36.0, 19.0, ATLAS
c, 23.9, nan, 353.4826, -23.72858, 60577.225197, 20.535, 0.586, 22.0, 13.0, ATLAS
o, 23.9, nan, 353.4826, -23.72858, 60579.905351, 19.219, 0.164, 75.0, 12.0, ATLAS
o, 23.9, nan, 353.4826, -23.72858, 60579.908748, 18.962, 0.194, 94.0, 18.0, ATLAS
o, 23.9, nan, 353.4826, -23.72858, 60579.940599, 19.33, 0.274, 67.0, 18.0, ATLAS
o, 23.9, nan, 353.4826, -23.72858, 60579.942412, 21.251, 1.574, 12.0, 18.0, ATLAS
o, 23.9, nan, 353.4826, -23.72858, 60579.968795, 19.681, 0.311, 49.0, 15.0, ATLAS
o, 23.9, nan, 353.4826, -23.72858, 60579.969696, 19.425, 0.203, 62.0, 12.0, ATLAS
c, 23.9, nan, 353.4826, -23.72858, 60581.224503, 20.218, 0.419, 30.0, 12.0, ATLAS
c, 23.9, nan, 353.4826, -23.72858, 60581.226766, 19.833, 0.259, 42.0, 11.0, ATLAS
c, 23.9, nan, 353.4826, -23.72858, 60581.227744, 20.307, 0.475, 27.0, 13.0, ATLAS
c, 23.9, nan, 353.4826, -23.72858, 60581.230105, 20.083, 0.366, 34.0, 12.0, ATLAS
c, 23.9, nan, 353.4826, -23.72858, 60581.233807, 19.929, 0.332, 39.0, 13.0, ATLAS
c, 23.9, nan, 353.4826, -23.72858, 60581.235611, 20.68, 0.504, 19.0, 10.0, ATLAS
c, 23.9, nan, 353.4826, -23.72858, 60581.243873, 19.935, 0.386, 39.0, 15.0, ATLAS
c, 23.9, nan, 353.4826, -23.72858, 60581.247533, 19.838, 0.239, 42.0, 10.0, ATLAS
c, 23.9, nan, 353.4826, -23.72858, 60582.162162, 20.146, 0.282, 32.0, 9.0, ATLAS
c, 23.9, nan, 353.4826, -23.72858, 60582.164916, 19.816, 0.233, 43.0, 10.0, ATLAS
c, 23.9, nan, 353.4826, -23.72858, 60582.170184, 19.265, 0.133, 72.0, 10.0, ATLAS
c, 23.9, nan, 353.4826, -23.72858, 60582.180342, 19.971, 0.257, 37.0, 10.0, ATLAS
c, 23.9, nan, 353.4826, -23.72858, 60585.160101, 19.192, 0.127, 76.0, 10.0, ATLAS
c, 23.9, nan, 353.4826, -23.72858, 60585.164616, 19.412, 0.142, 62.0, 9.0, ATLAS
c, 23.9, nan, 353.4826, -23.72858, 60585.170901, 19.665, 0.213, 50.0, 10.0, ATLAS
c, 23.9, nan, 353.4826, -23.72858, 60585.181991, 19.56, 0.169, 54.0, 9.0, ATLAS
c, 23.9, nan, 353.4826, -23.72858, 60586.179991, 19.286, 0.132, 70.0, 9.0, ATLAS
c, 23.9, nan, 353.4826, -23.72858, 60586.183704, 19.194, 0.145, 76.0, 11.0, ATLAS
c, 23.9, nan, 353.4826, -23.72858, 60586.189734, 19.342, 0.135, 67.0, 9.0, ATLAS
c, 23.9, nan, 353.4826, -23.72858, 60586.20472, 19.241, 0.174, 73.0, 13.0, ATLAS
o, 23.9, nan, 353.4826, -23.72858, 60586.902996, 18.596, 0.101, 132.0, 13.0, ATLAS
o, 23.9, nan, 353.4826, -23.72858, 60586.90633, 18.745, 0.117, 115.0, 14.0, ATLAS
o, 23.9, nan, 353.4826, -23.72858, 60586.912255, 18.853, 0.143, 104.0, 15.0, ATLAS
o, 23.9, nan, 353.4826, -23.72858, 60586.922557, 18.98, 0.144, 93.0, 13.0, ATLAS
o, 23.9, nan, 353.4826, -23.72858, 60587.835521, 18.83, 0.116, 107.0, 12.0, ATLAS
o, 23.9, nan, 353.4826, -23.72858, 60587.838067, 18.775, 0.113, 112.0, 13.0, ATLAS
o, 23.9, nan, 353.4826, -23.72858, 60587.841226, 18.65, 0.095, 126.0, 12.0, ATLAS
o, 23.9, nan, 353.4826, -23.72858, 60587.876363, 18.838, 0.131, 106.0, 14.0, ATLAS
o, 23.9, nan, 353.4826, -23.72858, 60590.808564, 18.32, 0.091, 170.0, 15.0, ATLAS
o, 23.9, nan, 353.4826, -23.72858, 60590.810371, 18.511, 0.09, 143.0, 13.0, ATLAS
o, 23.9, nan, 353.4826, -23.72858, 60590.814498, 18.659, 0.119, 125.0, 15.0, ATLAS
o, 23.9, nan, 353.4826, -23.72858, 60590.819522, 18.832, 0.126, 106.0, 14.0, ATLAS
o, 23.9, nan, 353.4826, -23.72858, 60591.895549, 18.715, 0.133, 119.0, 16.0, ATLAS
o, 23.9, nan, 353.4826, -23.72858, 60591.902318, 18.742, 0.118, 116.0, 14.0, ATLAS
o, 23.9, nan, 353.4826, -23.72858, 60591.914728, 18.694, 0.111, 121.0, 13.0, ATLAS
o, 23.9, nan, 353.4826, -23.72858, 60593.086146, 19.295, 0.289, 70.0, 20.0, ATLAS
o, 23.9, nan, 353.4826, -23.72858, 60593.087952, 18.51, 0.131, 143.0, 19.0, ATLAS
o, 23.9, nan, 353.4826, -23.72858, 60593.09084, 18.264, 0.135, 180.0, 24.0, ATLAS
o, 23.9, nan, 353.4826, -23.72858, 60593.124396, 19.067, 0.17, 86.0, 15.0, ATLAS
o, 23.9, nan, 353.4826, -23.72858, 60594.137917, 18.635, 0.099, 128.0, 13.0, ATLAS
o, 23.9, nan, 353.4826, -23.72858, 60594.140846, 18.709, 0.126, 119.0, 15.0, ATLAS
o, 23.9, nan, 353.4826, -23.72858, 60594.146852, 18.736, 0.135, 116.0, 16.0, ATLAS
o, 23.9, nan, 353.4826, -23.72858, 60594.181556, 19.004, 0.163, 91.0, 15.0, ATLAS
o, 23.9, nan, 353.4826, -23.72858, 60594.844755, 18.708, 0.141, 119.0, 17.0, ATLAS
o, 23.9, nan, 353.4826, -23.72858, 60594.847921, 18.859, 0.196, 104.0, 20.0, ATLAS
o, 23.9, nan, 353.4826, -23.72858, 60594.868609, 18.872, 0.198, 103.0, 20.0, ATLAS
o, 23.9, nan, 353.4826, -23.72858, 60594.891489, 18.694, 0.144, 121.0, 17.0, ATLAS
o, 23.9, nan, 353.4826, -23.72858, 60595.829196, 18.455, 0.216, 151.0, 33.0, ATLAS
o, 23.9, nan, 353.4826, -23.72858, 60595.843457, 19.326, 0.461, 68.0, 31.0, ATLAS
o, 23.9, nan, 353.4826, -23.72858, 60595.845725, 18.542, 0.221, 139.0, 31.0, ATLAS
o, 23.9, nan, 353.4826, -23.72858, 60595.848464, 18.596, 0.274, 132.0, 36.0, ATLAS
o, 23.9, nan, 353.4826, -23.72858, 60600.060083, -21.549, 10.955, -9.0, 96.0, ATLAS
o, 23.9, nan, 353.4826, -23.72858, 60600.064341, -19.534, 1.441, -56.0, 80.0, ATLAS
o, 23.9, nan, 353.4826, -23.72858, 60600.069421, 22.082, 19.12, 5.0, 102.0, ATLAS
o, 23.9, nan, 353.4826, -23.72858, 60600.084189, 20.204, 4.132, 30.0, 124.0, ATLAS
o, 23.9, nan, 353.4826, -23.72858, 60600.413449, 18.351, 0.372, 166.0, 62.0, ATLAS
o, 23.9, nan, 353.4826, -23.72858, 60600.418986, 18.117, 0.241, 206.0, 50.0, ATLAS
o, 23.9, nan, 353.4826, -23.72858, 60600.422454, 18.942, 0.517, 96.0, 50.0, ATLAS
o, 23.9, nan, 353.4826, -23.72858, 60600.451909, 18.498, 0.596, 145.0, 86.0, ATLAS
o, 23.9, nan, 353.4826, -23.72858, 60601.130784, 18.972, 0.336, 94.0, 32.0, ATLAS
o, 23.9, nan, 353.4826, -23.72858, 60601.132139, 19.1, 0.278, 83.0, 23.0, ATLAS
o, 23.9, nan, 353.4826, -23.72858, 60601.133959, 19.736, 0.611, 46.0, 28.0, ATLAS
o, 23.9, nan, 353.4826, -23.72858, 60601.135331, 19.478, 0.406, 59.0, 24.0, ATLAS
o, 23.9, nan, 353.4826, -23.72858, 60601.139468, 19.732, 0.577, 46.0, 27.0, ATLAS
o, 23.9, nan, 353.4826, -23.72858, 60601.14083, 19.169, 0.391, 78.0, 30.0, ATLAS
o, 23.9, nan, 353.4826, -23.72858, 60601.152819, 19.99, 0.674, 37.0, 25.0, ATLAS
o, 23.9, nan, 353.4826, -23.72858, 60601.155345, 19.09, 0.352, 84.0, 30.0, ATLAS
o, 23.9, nan, 353.4826, -23.72858, 60602.128029, 18.975, 0.228, 93.0, 21.0, ATLAS
o, 23.9, nan, 353.4826, -23.72858, 60602.131215, 18.922, 0.266, 98.0, 26.0, ATLAS
o, 23.9, nan, 353.4826, -23.72858, 60602.138716, 19.377, 0.382, 64.0, 25.0, ATLAS
o, 23.9, nan, 353.4826, -23.72858, 60602.153367, 19.052, 0.279, 87.0, 24.0, ATLAS
o, 23.9, nan, 353.4826, -23.72858, 60605.156068, 18.951, 0.133, 95.0, 13.0, ATLAS
o, 23.9, nan, 353.4826, -23.72858, 60605.16287, 18.967, 0.128, 94.0, 12.0, ATLAS
o, 23.9, nan, 353.4826, -23.72858, 60605.166058, 19.177, 0.179, 78.0, 14.0, ATLAS
o, 23.9, nan, 353.4826, -23.72858, 60605.180313, 19.775, 0.324, 45.0, 14.0, ATLAS
o, 23.9, nan, 353.4826, -23.72858, 60606.13728, 19.365, 0.196, 65.0, 13.0, ATLAS
o, 23.9, nan, 353.4826, -23.72858, 60606.140546, 19.21, 0.167, 75.0, 12.0, ATLAS
o, 23.9, nan, 353.4826, -23.72858, 60606.147532, 19.479, 0.232, 59.0, 14.0, ATLAS
o, 23.9, nan, 353.4826, -23.72858, 60606.157865, 19.599, 0.262, 53.0, 14.0, ATLAS
c, 23.9, nan, 353.4826, -23.72858, 60606.771002, 21.511, 1.226, 9.0, 11.0, ATLAS
c, 23.9, nan, 353.4826, -23.72858, 60606.772816, 20.572, 0.418, 21.0, 9.0, ATLAS
c, 23.9, nan, 353.4826, -23.72858, 60606.779069, 21.046, 0.651, 14.0, 9.0, ATLAS
c, 23.9, nan, 353.4826, -23.72858, 60606.784133, 19.859, 0.262, 41.0, 11.0, ATLAS
c, 23.9, nan, 353.4826, -23.72858, 60607.870046, 20.194, 0.395, 30.0, 12.0, ATLAS
c, 23.9, nan, 353.4826, -23.72858, 60607.873272, 20.275, 0.373, 28.0, 10.0, ATLAS
c, 23.9, nan, 353.4826, -23.72858, 60607.878774, 19.941, 0.291, 38.0, 11.0, ATLAS
c, 23.9, nan, 353.4826, -23.72858, 60607.888963, -23.928, 12.8, -1.0, 12.0, ATLAS
o, 23.9, nan, 353.4826, -23.72858, 60609.137152, 18.671, 0.168, 124.0, 21.0, ATLAS
o, 23.9, nan, 353.4826, -23.72858, 60609.140404, 18.882, 0.215, 102.0, 22.0, ATLAS
o, 23.9, nan, 353.4826, -23.72858, 60609.145031, 18.119, 0.099, 205.0, 20.0, ATLAS
o, 23.9, nan, 353.4826, -23.72858, 60609.146491, 18.945, 0.22, 96.0, 21.0, ATLAS
o, 23.9, nan, 353.4826, -23.72858, 60609.148322, 19.301, 0.211, 69.0, 15.0, ATLAS
o, 23.9, nan, 353.4826, -23.72858, 60609.153911, 18.859, 0.225, 104.0, 23.0, ATLAS
o, 23.9, nan, 353.4826, -23.72858, 60609.156284, 19.472, 0.319, 59.0, 19.0, ATLAS
o, 23.9, nan, 353.4826, -23.72858, 60610.112571, 19.919, 0.361, 39.0, 14.0, ATLAS
o, 23.9, nan, 353.4826, -23.72858, 60610.11575, 19.164, 0.155, 78.0, 12.0, ATLAS
o, 23.9, nan, 353.4826, -23.72858, 60610.124155, 19.613, 0.278, 52.0, 14.0, ATLAS
o, 23.9, nan, 353.4826, -23.72858, 60610.13465, 19.15, 0.158, 79.0, 12.0, ATLAS
o, 23.9, nan, 353.4826, -23.72858, 60613.170739, 18.988, 0.202, 92.0, 19.0, ATLAS
o, 23.9, nan, 353.4826, -23.72858, 60613.171193, 20.922, 1.726, 16.0, 27.0, ATLAS
o, 23.9, nan, 353.4826, -23.72858, 60613.173918, 19.199, 0.249, 76.0, 19.0, ATLAS
o, 23.9, nan, 353.4826, -23.72858, 60613.174368, 20.036, 0.658, 35.0, 23.0, ATLAS
o, 23.9, nan, 353.4826, -23.72858, 60613.179827, 18.973, 0.207, 94.0, 19.0, ATLAS
o, 23.9, nan, 353.4826, -23.72858, 60613.190001, 19.559, 0.352, 54.0, 19.0, ATLAS
o, 23.9, nan, 353.4826, -23.72858, 60614.099866, 19.3, 0.203, 69.0, 14.0, ATLAS
o, 23.9, nan, 353.4826, -23.72858, 60614.103069, 19.582, 0.273, 53.0, 15.0, ATLAS
o, 23.9, nan, 353.4826, -23.72858, 60614.113494, 19.354, 0.189, 66.0, 12.0, ATLAS
o, 23.9, nan, 353.4826, -23.72858, 60614.119605, 19.74, 0.28, 46.0, 13.0, ATLAS
c, 23.9, nan, 353.4826, -23.72858, 60614.854903, 22.616, 3.0, 3.0, 10.0, ATLAS
c, 23.9, nan, 353.4826, -23.72858, 60614.858072, 19.474, 0.157, 59.0, 9.0, ATLAS
c, 23.9, nan, 353.4826, -23.72858, 60614.864006, 20.647, 0.492, 20.0, 10.0, ATLAS
c, 23.9, nan, 353.4826, -23.72858, 60614.874321, 21.566, 1.245, 9.0, 11.0, ATLAS
o, 23.9, nan, 353.4826, -23.72858, 60617.098364, 19.489, 0.329, 58.0, 19.0, ATLAS
o, 23.9, nan, 353.4826, -23.72858, 60617.102064, 19.015, 0.175, 90.0, 16.0, ATLAS
o, 23.9, nan, 353.4826, -23.72858, 60617.107554, 19.799, 0.351, 44.0, 15.0, ATLAS
o, 23.9, nan, 353.4826, -23.72858, 60617.118691, 19.919, 0.348, 39.0, 14.0, ATLAS
o, 23.9, nan, 353.4826, -23.72858, 60618.07411, 19.347, 0.179, 66.0, 12.0, ATLAS
o, 23.9, nan, 353.4826, -23.72858, 60618.086133, 19.026, 0.144, 89.0, 13.0, ATLAS
o, 23.9, nan, 353.4826, -23.72858, 60618.089294, 19.512, 0.224, 57.0, 13.0, ATLAS
o, 23.9, nan, 353.4826, -23.72858, 60618.096098, 19.749, 0.297, 46.0, 14.0, ATLAS
o, 23.9, nan, 353.4826, -23.72858, 60621.068897, 19.276, 0.355, 71.0, 25.0, ATLAS
o, 23.9, nan, 353.4826, -23.72858, 60621.073902, 20.619, 0.833, 20.0, 17.0, ATLAS
o, 23.9, nan, 353.4826, -23.72858, 60621.081996, 19.499, 0.446, 58.0, 26.0, ATLAS
o, 23.9, nan, 353.4826, -23.72858, 60621.082905, 19.769, 0.353, 45.0, 16.0, ATLAS
o, 23.9, nan, 353.4826, -23.72858, 60621.086087, 19.56, 0.291, 54.0, 16.0, ATLAS
o, 23.9, nan, 353.4826, -23.72858, 60621.097082, 19.265, 0.197, 72.0, 14.0, ATLAS
o, 23.9, nan, 353.4826, -23.72858, 60622.060184, 19.644, 0.403, 50.0, 20.0, ATLAS
o, 23.9, nan, 353.4826, -23.72858, 60622.063367, 20.308, 0.799, 27.0, 22.0, ATLAS
o, 23.9, nan, 353.4826, -23.72858, 60622.068817, 19.58, 0.409, 54.0, 22.0, ATLAS
o, 23.9, nan, 353.4826, -23.72858, 60622.080027, 19.635, 0.425, 51.0, 22.0, ATLAS
o, 23.9, nan, 353.4826, -23.72858, 60622.78994, -19.837, 1.585, -42.0, 67.0, ATLAS
o, 23.9, nan, 353.4826, -23.72858, 60622.79404, 20.413, 2.385, 25.0, 59.0, ATLAS
o, 23.9, nan, 353.4826, -23.72858, 60622.799722, 19.645, 0.616, 50.0, 31.0, ATLAS
o, 23.9, nan, 353.4826, -23.72858, 60622.813022, -18.058, 0.683, -217.0, 148.0, ATLAS
o, 23.9, nan, 353.4826, -23.72858, 60623.817504, 18.826, 0.333, 107.0, 36.0, ATLAS
o, 23.9, nan, 353.4826, -23.72858, 60623.820689, 19.411, 0.407, 62.0, 25.0, ATLAS
o, 23.9, nan, 353.4826, -23.72858, 60623.826611, 20.125, 0.988, 32.0, 32.0, ATLAS
o, 23.9, nan, 353.4826, -23.72858, 60623.83724, 21.003, 1.903, 14.0, 27.0, ATLAS
o, 23.9, nan, 353.4826, -23.72858, 60626.873564, 19.422, 0.463, 62.0, 29.0, ATLAS
o, 23.9, nan, 353.4826, -23.72858, 60626.876793, 21.174, 2.254, 12.0, 28.0, ATLAS
o, 23.9, nan, 353.4826, -23.72858, 60626.881934, 21.154, 3.276, 12.0, 41.0, ATLAS
o, 23.9, nan, 353.4826, -23.72858, 60626.913596, 19.188, 0.427, 77.0, 33.0, ATLAS
o, 23.9, nan, 353.4826, -23.72858, 60627.840954, 20.61, 1.694, 21.0, 35.0, ATLAS
o, 23.9, nan, 353.4826, -23.72858, 60627.844171, 21.678, 3.787, 8.0, 29.0, ATLAS
o, 23.9, nan, 353.4826, -23.72858, 60627.849356, -20.096, 1.163, -33.0, 39.0, ATLAS
o, 23.9, nan, 353.4826, -23.72858, 60627.85394, -21.028, 2.338, -14.0, 33.0, ATLAS
o, 23.9, nan, 353.4826, -23.72858, 60627.857627, -20.922, 2.442, -16.0, 38.0, ATLAS
o, 23.9, nan, 353.4826, -23.72858, 60627.859912, 20.09, 1.032, 33.0, 34.0, ATLAS
o, 23.9, nan, 353.4826, -23.72858, 60629.078125, 18.824, 0.424, 107.0, 45.0, ATLAS
o, 23.9, nan, 353.4826, -23.72858, 60629.081804, 20.799, 2.292, 17.0, 40.0, ATLAS
o, 23.9, nan, 353.4826, -23.72858, 60629.087279, 19.889, 1.135, 40.0, 46.0, ATLAS
o, 23.9, nan, 353.4826, -23.72858, 60629.099813, 18.675, 0.335, 123.0, 41.0, ATLAS
o, 23.9, nan, 353.4826, -23.72858, 60630.07126, -21.795, 5.862, -7.0, 41.0, ATLAS
o, 23.9, nan, 353.4826, -23.72858, 60630.074432, 19.189, 0.514, 77.0, 39.0, ATLAS
o, 23.9, nan, 353.4826, -23.72858, 60630.084585, 19.136, 0.444, 80.0, 36.0, ATLAS
o, 23.9, nan, 353.4826, -23.72858, 60630.088758, -20.745, 1.319, -18.0, 24.0, ATLAS
o, 23.9, nan, 353.4826, -23.72858, 60630.090145, -23.471, 24.667, -2.0, 37.0, ATLAS
o, 23.9, nan, 353.4826, -23.72858, 60630.091979, 19.945, 0.635, 38.0, 24.0, ATLAS
o, 23.9, nan, 353.4826, -23.72858, 60630.097511, 19.527, 0.517, 56.0, 29.0, ATLAS
o, 23.9, nan, 353.4826, -23.72858, 60630.107741, 20.042, 1.0, 35.0, 35.0, ATLAS
o, 23.9, nan, 353.4826, -23.72858, 60630.849744, 19.86, 0.643, 41.0, 27.0, ATLAS
o, 23.9, nan, 353.4826, -23.72858, 60630.850195, 20.963, 1.57, 15.0, 24.0, ATLAS
o, 23.9, nan, 353.4826, -23.72858, 60630.852543, 20.058, 0.737, 34.0, 25.0, ATLAS
o, 23.9, nan, 353.4826, -23.72858, 60630.852993, 0.0, 20.543, 0.0, 22.0, ATLAS
o, 23.9, nan, 353.4826, -23.72858, 60630.858105, 19.818, 0.542, 43.0, 23.0, ATLAS
o, 23.9, nan, 353.4826, -23.72858, 60630.858556, 23.327, 14.1, 2.0, 24.0, ATLAS
o, 23.9, nan, 353.4826, -23.72858, 60630.868376, -21.197, 2.164, -12.0, 26.0, ATLAS
o, 23.9, nan, 353.4826, -23.72858, 60630.868885, 20.295, 1.046, 28.0, 29.0, ATLAS
o, 23.9, nan, 353.4826, -23.72858, 60631.847227, 20.315, 0.743, 27.0, 20.0, ATLAS
o, 23.9, nan, 353.4826, -23.72858, 60631.850525, 19.683, 0.38, 49.0, 18.0, ATLAS
o, 23.9, nan, 353.4826, -23.72858, 60631.856985, 20.471, 0.83, 24.0, 20.0, ATLAS
o, 23.9, nan, 353.4826, -23.72858, 60631.881723, 20.196, 0.616, 30.0, 19.0, ATLAS
o, 23.9, nan, 353.4826, -23.72858, 60633.076931, -24.626, 23.25, 0.0, 12.0, ATLAS
o, 23.9, nan, 353.4826, -23.72858, 60633.080134, 19.593, 0.246, 53.0, 13.0, ATLAS
o, 23.9, nan, 353.4826, -23.72858, 60633.086114, 20.97, 0.73, 15.0, 11.0, ATLAS
o, 23.9, nan, 353.4826, -23.72858, 60633.098123, 20.194, 0.469, 30.0, 14.0, ATLAS
o, 23.9, nan, 353.4826, -23.72858, 60634.087705, 20.218, 0.402, 30.0, 12.0, ATLAS
o, 23.9, nan, 353.4826, -23.72858, 60634.090496, 21.411, 1.352, 10.0, 13.0, ATLAS
o, 23.9, nan, 353.4826, -23.72858, 60634.096077, 20.56, 0.491, 22.0, 11.0, ATLAS
o, 23.9, nan, 353.4826, -23.72858, 60634.106272, 20.803, 0.796, 17.0, 14.0, ATLAS
o, 23.9, nan, 353.4826, -23.72858, 60634.827092, 21.004, 0.912, 14.0, 13.0, ATLAS
o, 23.9, nan, 353.4826, -23.72858, 60634.830249, 20.166, 0.479, 31.0, 15.0, ATLAS
o, 23.9, nan, 353.4826, -23.72858, 60634.849085, 19.851, 0.363, 42.0, 15.0, ATLAS
o, 23.9, nan, 353.4826, -23.72858, 60634.854251, 20.712, 0.896, 19.0, 17.0, ATLAS
o, 23.9, nan, 353.4826, -23.72858, 60635.838726, 20.924, 0.894, 16.0, 14.0, ATLAS
o, 23.9, nan, 353.4826, -23.72858, 60635.841892, 19.764, 0.328, 45.0, 15.0, ATLAS
o, 23.9, nan, 353.4826, -23.72858, 60635.848923, 20.432, 0.592, 24.0, 14.0, ATLAS
o, 23.9, nan, 353.4826, -23.72858, 60635.85882, 19.569, 0.285, 54.0, 15.0, ATLAS
c, 23.9, nan, 353.4826, -23.72858, 60637.102038, 21.327, 1.039, 11.0, 11.0, ATLAS
c, 23.9, nan, 353.4826, -23.72858, 60637.10524, 19.838, 0.248, 42.0, 10.0, ATLAS
c, 23.9, nan, 353.4826, -23.72858, 60637.110737, 20.887, 0.695, 16.0, 11.0, ATLAS
c, 23.9, nan, 353.4826, -23.72858, 60637.121828, 21.942, 1.818, 6.0, 11.0, ATLAS
c, 23.9, nan, 353.4826, -23.72858, 60638.082567, -20.748, 0.567, -18.0, 10.0, ATLAS
c, 23.9, nan, 353.4826, -23.72858, 60638.088088, 23.5, 7.091, 1.0, 10.0, ATLAS
c, 23.9, nan, 353.4826, -23.72858, 60638.091718, 20.5, 0.434, 23.0, 10.0, ATLAS
c, 23.9, nan, 353.4826, -23.72858, 60638.103538, -21.745, 1.448, -7.0, 10.0, ATLAS
o, 23.9, nan, 353.4826, -23.72858, 60638.844965, 20.144, 0.879, 32.0, 28.0, ATLAS
o, 23.9, nan, 353.4826, -23.72858, 60638.848161, 20.898, 1.065, 16.0, 17.0, ATLAS
o, 23.9, nan, 353.4826, -23.72858, 60638.853614, 21.148, 1.323, 13.0, 17.0, ATLAS
o, 23.9, nan, 353.4826, -23.72858, 60638.869361, 20.306, 0.561, 27.0, 15.0, ATLAS
c, 23.9, nan, 353.4826, -23.72858, 60641.098527, 20.634, 0.683, 20.0, 14.0, ATLAS
c, 23.9, nan, 353.4826, -23.72858, 60641.101755, -21.008, 0.75, -14.0, 11.0, ATLAS
c, 23.9, nan, 353.4826, -23.72858, 60641.107373, -21.089, 0.651, -13.0, 9.0, ATLAS
c, 23.9, nan, 353.4826, -23.72858, 60641.117613, 21.987, 1.972, 6.0, 12.0, ATLAS
c, 23.9, nan, 353.4826, -23.72858, 60642.056893, 21.106, 0.783, 13.0, 10.0, ATLAS
c, 23.9, nan, 353.4826, -23.72858, 60642.060111, 20.963, 0.647, 15.0, 10.0, ATLAS
c, 23.9, nan, 353.4826, -23.72858, 60642.066607, -22.482, 2.6, -4.0, 10.0, ATLAS
c, 23.9, nan, 353.4826, -23.72858, 60642.080864, -21.772, 1.28, -7.0, 9.0, ATLAS
o, 23.9, nan, 353.4826, -23.72858, 60642.802165, 20.011, 0.314, 36.0, 11.0, ATLAS
o, 23.9, nan, 353.4826, -23.72858, 60642.805382, 19.668, 0.29, 49.0, 14.0, ATLAS
o, 23.9, nan, 353.4826, -23.72858, 60642.811735, 19.654, 0.251, 50.0, 13.0, ATLAS
o, 23.9, nan, 353.4826, -23.72858, 60642.822751, 19.488, 0.224, 58.0, 13.0, ATLAS
o, 23.9, nan, 353.4826, -23.72858, 60643.830173, 21.969, 1.897, 6.0, 11.0, ATLAS
o, 23.9, nan, 353.4826, -23.72858, 60643.84033, 21.835, 2.022, 7.0, 14.0, ATLAS
o, 23.9, nan, 353.4826, -23.72858, 60643.843562, 22.355, 3.241, 4.0, 13.0, ATLAS
o, 23.9, nan, 353.4826, -23.72858, 60643.849129, 21.029, 0.918, 14.0, 13.0, ATLAS
c, 23.9, nan, 353.4826, -23.72858, 60645.14796, -20.45, 0.518, -24.0, 12.0, ATLAS
c, 23.9, nan, 353.4826, -23.72858, 60645.151569, -20.995, 0.869, -14.0, 13.0, ATLAS
c, 23.9, nan, 353.4826, -23.72858, 60645.169357, -21.219, 1.159, -12.0, 14.0, ATLAS
c, 23.9, nan, 353.4826, -23.72858, 60645.180333, -22.433, 3.348, -4.0, 13.0, ATLAS
c, 23.9, nan, 353.4826, -23.72858, 60646.155792, -21.327, 1.113, -11.0, 12.0, ATLAS
c, 23.9, nan, 353.4826, -23.72858, 60646.159027, -21.075, 0.933, -14.0, 13.0, ATLAS
c, 23.9, nan, 353.4826, -23.72858, 60646.178803, -24.597, 29.0, 0.0, 15.0, ATLAS
c, 23.9, nan, 353.4826, -23.72858, 60646.189456, -20.536, 0.68, -22.0, 15.0, ATLAS
o, 23.9, nan, 353.4826, -23.72858, 60646.88251, 20.498, 0.694, 23.0, 16.0, ATLAS
o, 23.9, nan, 353.4826, -23.72858, 60646.887556, 20.207, 0.544, 30.0, 16.0, ATLAS
o, 23.9, nan, 353.4826, -23.72858, 60646.890343, -22.682, 5.143, -3.0, 16.0, ATLAS
o, 23.9, nan, 353.4826, -23.72858, 60646.925705, 19.724, 0.323, 47.0, 15.0, ATLAS
o, 23.9, nan, 353.4826, -23.72858, 60647.787403, -22.074, 2.606, -5.0, 14.0, ATLAS
o, 23.9, nan, 353.4826, -23.72858, 60647.790568, 21.242, 1.123, 12.0, 13.0, ATLAS
o, 23.9, nan, 353.4826, -23.72858, 60647.801282, 21.638, 1.6, 8.0, 13.0, ATLAS
o, 23.9, nan, 353.4826, -23.72858, 60647.806401, 20.431, 0.573, 24.0, 14.0, ATLAS
c, 23.9, nan, 353.4826, -23.72858, 60649.033196, 22.956, 4.875, 2.0, 12.0, ATLAS
c, 23.9, nan, 353.4826, -23.72858, 60649.037291, 24.142, 15.167, 1.0, 12.0, ATLAS
c, 23.9, nan, 353.4826, -23.72858, 60649.04318, -21.263, 0.932, -11.0, 11.0, ATLAS
c, 23.9, nan, 353.4826, -23.72858, 60649.053308, 23.486, 7.818, 2.0, 12.0, ATLAS
o, 23.9, nan, 353.4826, -23.72858, 60650.039161, 22.341, 3.722, 4.0, 16.0, ATLAS
o, 23.9, nan, 353.4826, -23.72858, 60650.039612, 21.778, 2.884, 7.0, 20.0, ATLAS
o, 23.9, nan, 353.4826, -23.72858, 60650.042337, 23.53, 11.182, 1.0, 16.0, ATLAS
o, 23.9, nan, 353.4826, -23.72858, 60650.043249, 19.707, 0.381, 48.0, 18.0, ATLAS
o, 23.9, nan, 353.4826, -23.72858, 60650.047832, 21.121, 1.08, 13.0, 14.0, ATLAS
o, 23.9, nan, 353.4826, -23.72858, 60650.048748, 20.301, 0.64, 28.0, 18.0, ATLAS
o, 23.9, nan, 353.4826, -23.72858, 60650.058434, 20.714, 0.667, 19.0, 12.0, ATLAS
o, 23.9, nan, 353.4826, -23.72858, 60650.061766, -21.656, 2.889, -8.0, 23.0, ATLAS
o, 23.9, nan, 353.4826, -23.72858, 60650.781072, 21.218, 1.719, 12.0, 20.0, ATLAS
o, 23.9, nan, 353.4826, -23.72858, 60650.794973, 20.925, 0.982, 16.0, 15.0, ATLAS
o, 23.9, nan, 353.4826, -23.72858, 60650.798678, 21.996, 2.829, 6.0, 16.0, ATLAS
o, 23.9, nan, 353.4826, -23.72858, 60650.80413, 20.915, 1.186, 16.0, 18.0, ATLAS
o, 23.9, nan, 353.4826, -23.72858, 60650.809647, -20.842, 1.139, -17.0, 19.0, ATLAS
o, 23.9, nan, 353.4826, -23.72858, 60650.81284, -22.275, 3.826, -4.0, 17.0, ATLAS
o, 23.9, nan, 353.4826, -23.72858, 60650.833298, 22.003, 3.296, 6.0, 19.0, ATLAS
o, 23.9, nan, 353.4826, -23.72858, 60650.836954, 23.826, 20.8, 1.0, 22.0, ATLAS
o, 23.9, nan, 353.4826, -23.72858, 60651.783966, 21.236, 1.927, 12.0, 22.0, ATLAS
o, 23.9, nan, 353.4826, -23.72858, 60651.78761, 20.183, 0.823, 31.0, 25.0, ATLAS
o, 23.9, nan, 353.4826, -23.72858, 60651.793136, 20.863, 1.291, 16.0, 21.0, ATLAS
o, 23.9, nan, 353.4826, -23.72858, 60651.810722, 20.821, 1.27, 17.0, 22.0, ATLAS
o, 23.9, nan, 353.4826, -23.72858, 60653.063643, 19.817, 0.479, 43.0, 21.0, ATLAS
o, 23.9, nan, 353.4826, -23.72858, 60653.066944, 19.376, 0.441, 64.0, 28.0, ATLAS
o, 23.9, nan, 353.4826, -23.72858, 60653.07248, -22.698, 9.524, -3.0, 29.0, ATLAS
o, 23.9, nan, 353.4826, -23.72858, 60653.092671, -19.266, 0.51, -71.0, 36.0, ATLAS
o, 23.9, nan, 353.4826, -23.72858, 60654.035768, -19.603, 0.595, -52.0, 31.0, ATLAS
o, 23.9, nan, 353.4826, -23.72858, 60654.039408, 20.215, 0.937, 30.0, 28.0, ATLAS
o, 23.9, nan, 353.4826, -23.72858, 60654.045772, 20.582, 1.425, 21.0, 30.0, ATLAS
o, 23.9, nan, 353.4826, -23.72858, 60654.055805, 20.147, 1.108, 32.0, 35.0, ATLAS
o, 23.9, nan, 353.4826, -23.72858, 60654.785342, -20.642, 1.113, -20.0, 22.0, ATLAS
o, 23.9, nan, 353.4826, -23.72858, 60654.788528, 19.819, 0.65, 43.0, 28.0, ATLAS
o, 23.9, nan, 353.4826, -23.72858, 60654.793947, -21.35, 2.041, -10.0, 21.0, ATLAS
o, 23.9, nan, 353.4826, -23.72858, 60654.806729, 21.543, 2.583, 9.0, 23.0, ATLAS
o, 23.9, nan, 353.4826, -23.72858, 60655.825762, 20.183, 0.777, 31.0, 24.0, ATLAS
o, 23.9, nan, 353.4826, -23.72858, 60655.829402, 21.22, 2.485, 12.0, 29.0, ATLAS
o, 23.9, nan, 353.4826, -23.72858, 60655.847662, -21.044, 2.103, -14.0, 29.0, ATLAS
o, 23.9, nan, 353.4826, -23.72858, 60655.855992, 19.746, 0.774, 46.0, 36.0, ATLAS
o, 23.9, nan, 353.4826, -23.72858, 60657.060745, -20.733, 1.184, -18.0, 22.0, ATLAS
o, 23.9, nan, 353.4826, -23.72858, 60657.063948, -21.465, 2.414, -9.0, 23.0, ATLAS
o, 23.9, nan, 353.4826, -23.72858, 60657.069423, 20.841, 1.264, 17.0, 21.0, ATLAS
o, 23.9, nan, 353.4826, -23.72858, 60657.081412, -20.268, 0.78, -28.0, 22.0, ATLAS
o, 23.9, nan, 353.4826, -23.72858, 60658.061984, -21.173, 3.571, -12.0, 44.0, ATLAS
o, 23.9, nan, 353.4826, -23.72858, 60658.065158, 18.363, 0.279, 164.0, 46.0, ATLAS
o, 23.9, nan, 353.4826, -23.72858, 60658.067436, -20.015, 0.902, -36.0, 32.0, ATLAS
o, 23.9, nan, 353.4826, -23.72858, 60658.077565, -19.765, 0.588, -45.0, 26.0, ATLAS
o, 23.9, nan, 353.4826, -23.72858, 60658.078935, 19.608, 0.91, 52.0, 47.0, ATLAS
o, 23.9, nan, 353.4826, -23.72858, 60658.081684, 18.989, 0.461, 92.0, 42.0, ATLAS
o, 23.9, nan, 353.4826, -23.72858, 60658.086243, 19.265, 0.496, 72.0, 36.0, ATLAS
o, 23.9, nan, 353.4826, -23.72858, 60658.096831, -19.839, 1.246, -42.0, 52.0, ATLAS
o, 23.9, nan, 353.4826, -23.72858, 60658.82987, 21.512, 3.612, 9.0, 33.0, ATLAS
o, 23.9, nan, 353.4826, -23.72858, 60658.832657, -21.572, 3.953, -8.0, 34.0, ATLAS
o, 23.9, nan, 353.4826, -23.72858, 60658.833562, -20.29, 1.22, -28.0, 34.0, ATLAS
o, 23.9, nan, 353.4826, -23.72858, 60658.838687, 20.828, 2.06, 17.0, 35.0, ATLAS
o, 23.9, nan, 353.4826, -23.72858, 60658.852668, 19.407, 0.611, 63.0, 38.0, ATLAS
o, 23.9, nan, 353.4826, -23.72858, 60661.083265, 20.253, 0.968, 29.0, 28.0, ATLAS
o, 23.9, nan, 353.4826, -23.72858, 60661.086569, 19.181, 0.314, 77.0, 24.0, ATLAS
o, 23.9, nan, 353.4826, -23.72858, 60661.099953, -20.505, 1.02, -23.0, 23.0, ATLAS
o, 23.9, nan, 353.4826, -23.72858, 60661.107558, 20.275, 0.876, 28.0, 25.0, ATLAS
o, 23.9, nan, 353.4826, -23.72858, 60662.058838, -25.374, 90.0, 0.0, 23.0, ATLAS
o, 23.9, nan, 353.4826, -23.72858, 60662.062055, -21.758, 3.207, -7.0, 23.0, ATLAS
o, 23.9, nan, 353.4826, -23.72858, 60662.066181, 19.588, 0.423, 53.0, 22.0, ATLAS
o, 23.9, nan, 353.4826, -23.72858, 60662.068005, -19.534, 0.362, -56.0, 20.0, ATLAS
o, 23.9, nan, 353.4826, -23.72858, 60662.078667, -20.504, 0.938, -23.0, 21.0, ATLAS
o, 23.9, nan, 353.4826, -23.72858, 60662.808077, -21.199, 1.348, -12.0, 16.0, ATLAS
o, 23.9, nan, 353.4826, -23.72858, 60662.811235, -20.718, 0.84, -19.0, 16.0, ATLAS
o, 23.9, nan, 353.4826, -23.72858, 60662.827275, -22.424, 4.833, -4.0, 19.0, ATLAS
o, 23.9, nan, 353.4826, -23.72858, 60662.833203, -22.837, 6.643, -3.0, 18.0, ATLAS
o, 23.9, nan, 353.4826, -23.72858, 60662.840191, 22.532, 4.842, 4.0, 17.0, ATLAS
o, 23.9, nan, 353.4826, -23.72858, 60662.843356, 23.723, 15.5, 1.0, 18.0, ATLAS
o, 23.9, nan, 353.4826, -23.72858, 60662.865336, -20.416, 0.857, -25.0, 21.0, ATLAS
o, 23.9, nan, 353.4826, -23.72858, 60662.87136, -21.488, 2.326, -9.0, 22.0, ATLAS
o, 23.9, nan, 353.4826, -23.72858, 60663.806987, 21.359, 1.365, 10.0, 14.0, ATLAS
o, 23.9, nan, 353.4826, -23.72858, 60663.810195, 20.768, 0.887, 18.0, 16.0, ATLAS
o, 23.9, nan, 353.4826, -23.72858, 60663.843576, 20.59, 0.775, 21.0, 16.0, ATLAS
o, 23.9, nan, 353.4826, -23.72858, 60663.851525, -23.76, 14.429, -1.0, 16.0, ATLAS
o, 23.9, nan, 353.4826, -23.72858, 60665.053087, 21.63, 2.148, 8.0, 17.0, ATLAS
o, 23.9, nan, 353.4826, -23.72858, 60665.056418, 20.3, 0.628, 28.0, 17.0, ATLAS
o, 23.9, nan, 353.4826, -23.72858, 60665.076081, 21.91, 3.049, 6.0, 19.0, ATLAS
o, 23.9, nan, 353.4826, -23.72858, 60665.08117, 20.206, 0.643, 30.0, 19.0, ATLAS
o, 23.9, nan, 353.4826, -23.72858, 60666.057868, 22.343, 3.276, 4.0, 14.0, ATLAS
o, 23.9, nan, 353.4826, -23.72858, 60666.060625, -21.859, 1.652, -7.0, 11.0, ATLAS
o, 23.9, nan, 353.4826, -23.72858, 60666.066179, -22.874, 4.684, -3.0, 12.0, ATLAS
o, 23.9, nan, 353.4826, -23.72858, 60666.086031, 20.015, 0.377, 36.0, 14.0, ATLAS
c, 23.9, nan, 353.4826, -23.72858, 60666.813323, -21.102, 0.817, -13.0, 11.0, ATLAS
c, 23.9, nan, 353.4826, -23.72858, 60666.817008, -21.352, 1.091, -10.0, 11.0, ATLAS
c, 23.9, nan, 353.4826, -23.72858, 60666.822925, -20.856, 0.716, -16.0, 12.0, ATLAS
c, 23.9, nan, 353.4826, -23.72858, 60666.833411, -20.933, 0.718, -15.0, 11.0, ATLAS
c, 23.9, nan, 353.4826, -23.72858, 60667.799812, -19.796, 0.352, -44.0, 15.0, ATLAS
c, 23.9, nan, 353.4826, -23.72858, 60667.803004, -20.692, 0.69, -19.0, 13.0, ATLAS
c, 23.9, nan, 353.4826, -23.72858, 60667.80951, -19.529, 0.224, -56.0, 13.0, ATLAS
c, 23.9, nan, 353.4826, -23.72858, 60667.8308, 20.095, 0.481, 33.0, 16.0, ATLAS
o, 23.9, nan, 353.4826, -23.72858, 60669.049212, -22.32, 3.767, -4.0, 16.0, ATLAS
o, 23.9, nan, 353.4826, -23.72858, 60669.052488, 21.465, 1.912, 9.0, 18.0, ATLAS
o, 23.9, nan, 353.4826, -23.72858, 60669.059099, 20.615, 0.694, 21.0, 14.0, ATLAS
o, 23.9, nan, 353.4826, -23.72858, 60669.07848, -22.978, 7.471, -2.0, 18.0, ATLAS
o, 23.9, nan, 353.4826, -23.72858, 60670.064613, 21.219, 2.222, 12.0, 26.0, ATLAS
o, 23.9, nan, 353.4826, -23.72858, 60670.066558, -24.386, 27.5, -1.0, 18.0, ATLAS
o, 23.9, nan, 353.4826, -23.72858, 60670.068008, 20.845, 1.764, 17.0, 29.0, ATLAS
o, 23.9, nan, 353.4826, -23.72858, 60670.069489, -20.266, 0.694, -28.0, 20.0, ATLAS
o, 23.9, nan, 353.4826, -23.72858, 60670.074327, 20.469, 0.871, 24.0, 20.0, ATLAS
o, 23.9, nan, 353.4826, -23.72858, 60670.075808, -20.094, 0.467, -33.0, 16.0, ATLAS
o, 23.9, nan, 353.4826, -23.72858, 60670.086245, -21.73, 2.173, -7.0, 16.0, ATLAS
o, 23.9, nan, 353.4826, -23.72858, 60674.041515, 20.529, 1.374, 22.0, 31.0, ATLAS
o, 23.9, nan, 353.4826, -23.72858, 60674.045215, -20.546, 1.027, -22.0, 22.0, ATLAS
o, 23.9, nan, 353.4826, -23.72858, 60674.050773, 20.816, 0.954, 17.0, 16.0, ATLAS
o, 23.9, nan, 353.4826, -23.72858, 60674.061002, 20.939, 1.095, 15.0, 17.0, ATLAS
c, 23.9, nan, 353.4826, -23.72858, 60675.791513, -22.086, 3.438, -5.0, 18.0, ATLAS
c, 23.9, nan, 353.4826, -23.72858, 60675.794685, -21.117, 1.3, -13.0, 17.0, ATLAS
c, 23.9, nan, 353.4826, -23.72858, 60675.800114, -20.375, 0.553, -26.0, 14.0, ATLAS
c, 23.9, nan, 353.4826, -23.72858, 60675.8194, -19.741, 0.306, -46.0, 14.0, ATLAS
o, 23.9, nan, 353.4826, -23.72858, 60681.058185, -19.683, 0.826, -49.0, 40.0, ATLAS
o, 23.9, nan, 353.4826, -23.72858, 60681.05909, 21.049, 1.948, 14.0, 27.0, ATLAS
o, 23.9, nan, 353.4826, -23.72858, 60681.061388, 19.338, 0.675, 67.0, 45.0, ATLAS
o, 23.9, nan, 353.4826, -23.72858, 60681.062289, 20.59, 1.281, 21.0, 27.0, ATLAS
o, 23.9, nan, 353.4826, -23.72858, 60681.066841, -21.885, 5.185, -6.0, 33.0, ATLAS
o, 23.9, nan, 353.4826, -23.72858, 60681.069553, 22.511, 9.45, 4.0, 34.0, ATLAS
o, 23.9, nan, 353.4826, -23.72858, 60681.078217, 23.319, 20.571, 2.0, 35.0, ATLAS
o, 23.9, nan, 353.4826, -23.72858, 60681.079673, -22.236, 9.36, -5.0, 43.0, ATLAS
o, 23.9, nan, 353.4826, -23.72858, 60682.036071, 20.274, 2.076, 28.0, 59.0, ATLAS
o, 23.9, nan, 353.4826, -23.72858, 60682.039243, -19.641, 0.844, -50.0, 43.0, ATLAS
o, 23.9, nan, 353.4826, -23.72858, 60682.046587, 19.629, 0.569, 51.0, 29.0, ATLAS
o, 23.9, nan, 353.4826, -23.72858, 60682.056411, 21.03, 2.071, 14.0, 29.0, ATLAS
o, 23.9, nan, 353.4826, -23.72858, 60682.786228, -20.665, 2.28, -20.0, 45.0, ATLAS
o, 23.9, nan, 353.4826, -23.72858, 60682.789391, 19.514, 0.709, 57.0, 40.0, ATLAS
o, 23.9, nan, 353.4826, -23.72858, 60682.796662, -20.276, 0.946, -28.0, 27.0, ATLAS
o, 23.9, nan, 353.4826, -23.72858, 60682.806783, 20.158, 0.757, 31.0, 24.0, ATLAS
o, 23.9, nan, 353.4826, -23.72858, 60683.793378, -19.899, 0.812, -40.0, 32.0, ATLAS
o, 23.9, nan, 353.4826, -23.72858, 60683.800713, -20.614, 1.293, -21.0, 27.0, ATLAS
o, 23.9, nan, 353.4826, -23.72858, 60683.803445, 20.94, 1.655, 15.0, 25.0, ATLAS
o, 23.9, nan, 353.4826, -23.72858, 60683.814384, -20.793, 1.55, -18.0, 27.0, ATLAS
o, 23.9, nan, 353.4826, -23.72858, 60685.03594, 21.212, 4.825, 12.0, 57.0, ATLAS
o, 23.9, nan, 353.4826, -23.72858, 60685.039119, -21.103, 2.667, -13.0, 35.0, ATLAS
o, 23.9, nan, 353.4826, -23.72858, 60685.046435, 22.851, 10.5, 3.0, 28.0, ATLAS
o, 23.9, nan, 353.4826, -23.72858, 60685.056258, -21.193, 2.407, -12.0, 29.0, ATLAS
o, 23.9, nan, 353.4826, -23.72858, 60686.035796, 18.503, 0.464, 144.0, 67.0, ATLAS
o, 23.9, nan, 353.4826, -23.72858, 60686.038976, 25.058, 139.0, 0.0, 48.0, ATLAS
o, 23.9, nan, 353.4826, -23.72858, 60686.04634, 20.49, 1.449, 23.0, 34.0, ATLAS
ZTF_g, 26.2062, nan, 353.4826041666666, -23.728577777777776, 60518.441701400094, 21.707986338244588, 0.9549213784621093, 62.9920097551111, 55.4024232808428, ZTF
ZTF_g, 26.1665, nan, 353.4826041666666, -23.728577777777776, 60521.46061340021, nan, 12.29472331420242, -4.08310718734251, 46.2365286434417, ZTF
ZTF_r, 26.3026, nan, 353.4826041666666, -23.728577777777776, 60526.39739579987, nan, 0.7184253398959853, -50.2309308774549, 33.2375151816037, ZTF
ZTF_r, 26.2293, nan, 353.4826041666666, -23.728577777777776, 60528.4151157001, nan, 2.3818252876945825, -15.6523277583059, 34.3371713152531, ZTF
ZTF_g, 26.1001, nan, 353.4826041666666, -23.728577777777776, 60530.39674769994, 21.55187370369765, 0.5983944791369867, 65.9614992931377, 36.3541317306784, ZTF
ZTF_r, 26.3242, nan, 353.4826041666666, -23.728577777777776, 60535.416134300176, nan, 2.771857942197068, -14.5660835088598, 37.1868544898193, ZTF
ZTF_g, 26.2356, nan, 353.4826041666666, -23.728577777777776, 60537.375717599876, 22.527200305334016, 1.2868813811179725, 30.4340589757533, 36.0723200313658, ZTF
ZTF_r, 26.3399, nan, 353.4826041666666, -23.728577777777776, 60537.4192476999, nan, 1.5177847118991128, -29.7179684902568, 41.5436807260027, ZTF
ZTF_r, 26.2658, nan, 353.4826041666666, -23.728577777777776, 60539.36689809989, 22.64024961161412, 2.759136156022256, 28.1981200626945, 71.6587070190176, ZTF
ZTF_g, 26.1942, nan, 353.4826041666666, -23.728577777777776, 60539.41260420019, 22.09909305614173, 1.4454066687349192, 43.455302507315, 57.8506857932867, ZTF
ZTF_g, 26.2694, nan, 353.4826041666666, -23.728577777777776, 60544.37680559978, 21.853967136052756, 2.111312833327594, 58.3677759959825, 113.501450879911, ZTF
ZTF_g, 26.2265, nan, 353.4826041666666, -23.728577777777776, 60547.33449070016, 22.236358771107, 1.586115547619377, 39.4508615084116, 57.6324382765722, ZTF
ZTF_r, 26.3135, nan, 353.4826041666666, -23.728577777777776, 60547.39909720002, 24.724964136039915, 11.412804448449934, 4.31930970948114, 45.4027754167929, ZTF
ZTF_r, 26.3262, nan, 353.4826041666666, -23.728577777777776, 60549.375972200185, nan, 1.2688508638778562, -35.5784534967691, 41.5789316566012, ZTF
ZTF_g, 26.2395, nan, 353.4826041666666, -23.728577777777776, 60551.335486100055, nan, 0.9997829256540005, -38.7622255672163, 35.6935792622097, ZTF
ZTF_g, 26.216, nan, 353.4826041666666, -23.728577777777776, 60553.35626159981, nan, 1.0336358281073763, -36.8042100195269, 35.0381150914836, ZTF
ZTF_r, 26.2826, nan, 353.4826041666666, -23.728577777777776, 60553.434733800124, 22.397726745098485, 1.4701686023364027, 35.805463659996, 48.4832947766158, ZTF
ZTF_g, 26.1028, nan, 353.4826041666666, -23.728577777777776, 60556.433252300136, 25.813618436976824, 39.7546539442405, 1.30518665666576, 47.789917699076, ZTF
ZTF_g, 26.1684, nan, 353.4826041666666, -23.728577777777776, 60558.37725690007, 23.372449774745753, 3.541089433656221, 13.1334882568034, 42.8343977932419, ZTF
ZTF_r, 21.9647, nan, 353.4826041666666, -23.728577777777776, 60560.33560189977, nan, 0.8402644371763348, -76.6276816851627, 59.3030936437671, ZTF
ZTF_g, 25.7677, nan, 353.4826041666666, -23.728577777777776, 60562.29372690013, nan, 24.242492692329247, -1.5527118149365, 34.6691992602494, ZTF
ZTF_r, 26.0908, nan, 353.4826041666666, -23.728577777777776, 60562.37736110017, nan, 2.49705618572139, -16.7181510943278, 38.4496366805268, ZTF
ZTF_r, 26.3263, nan, 353.4826041666666, -23.728577777777776, 60564.3472684999, 26.43126604318727, 55.47518571629678, 0.907848923054525, 46.3861179059811, ZTF
ZTF_g, 26.216, nan, 353.4826041666666, -23.728577777777776, 60564.37736110017, 22.415750982435835, 1.3838954338822116, 33.1207076324673, 42.2161440859855, ZTF
ZTF_r, 25.9375, nan, 353.4826041666666, -23.728577777777776, 60566.35672450019, nan, 7.299218365426035, -6.2098324572807, 41.7476389934159, ZTF
ZTF_g, 26.2471, nan, 353.4826041666666, -23.728577777777776, 60569.27197920019, 20.427553131058836, 0.6758478765958261, 212.725105432071, 132.416889272536, ZTF
ZTF_r, 26.3438, nan, 353.4826041666666, -23.728577777777776, 60569.33415509993, 20.956098872587283, 0.7638109240366028, 142.915867876644, 100.540721239449, ZTF
ZTF_g, 26.2163, nan, 353.4826041666666, -23.728577777777776, 60575.29039350012, nan, 2.3668297808220484, -29.7073846558298, 64.760042453679, ZTF
ZTF_r, 26.3001, nan, 353.4826041666666, -23.728577777777776, 60575.35300929984, 21.848843408437045, 0.9840354052129677, 60.3257370323471, 54.6750313981826, ZTF
ZTF_i, 25.7523, nan, 353.4826041666666, -23.728577777777776, 60575.37732640002, 23.400230192343468, 6.535277570981378, 8.72625546624731, 52.5251910889586, ZTF
ZTF_g, 26.1188, nan, 353.4826041666666, -23.728577777777776, 60576.37270830013, 20.72505617490559, 0.44076642981382375, 143.71348799185, 58.3420546727201, ZTF
ZTF_r, 26.2543, nan, 353.4826041666666, -23.728577777777776, 60576.37934029987, 21.16831654328177, 0.560988270680832, 108.241395482259, 55.9271699713606, ZTF
ZTF_r, 26.3061, nan, 353.4826041666666, -23.728577777777776, 60577.269594899844, 20.742105585614105, 0.2603476678250504, 168.111632588334, 40.3113309538289, ZTF
ZTF_i, 25.777, nan, 353.4826041666666, -23.728577777777776, 60577.342523099855, 20.504512849510085, 0.4510628649070645, 128.52714488766, 53.395863504587, ZTF
ZTF_g, 26.14, nan, 353.4826041666666, -23.728577777777776, 60577.37061339989, 20.731086951889168, 0.42690630333299734, 145.735454339769, 57.3024863719067, ZTF
ZTF_g, 26.2109, nan, 353.4826041666666, -23.728577777777776, 60578.29391200002, 20.260288530600555, 0.17560899716147724, 240.018428414701, 38.821027915797, ZTF
ZTF_r, 26.3133, nan, 353.4826041666666, -23.728577777777776, 60578.335532399826, 20.201642201898956, 0.1637196610874757, 278.396082186509, 41.9797295363577, ZTF
ZTF_r, 26.3273, nan, 353.4826041666666, -23.728577777777776, 60582.352233800106, 19.28462805171728, 0.07358501754133942, 656.249188402619, 44.4768331648026, ZTF
ZTF_g, 26.2246, nan, 353.4826041666666, -23.728577777777776, 60592.20975690009, 19.681050815945113, 0.09401257506752257, 414.399930234099, 35.8823850381973, ZTF
ZTF_r, 26.3435, nan, 353.4826041666666, -23.728577777777776, 60594.22907410003, 18.880088757141365, 0.08638356071988475, 966.862012005905, 76.925668459517, ZTF
ZTF_g, 26.2405, nan, 353.4826041666666, -23.728577777777776, 60594.23144679982, 19.956582100302597, 0.30224533634429934, 326.262500162315, 90.8243813421408, ZTF
ZTF_g, 26.2032, nan, 353.4826041666666, -23.728577777777776, 60595.29928239994, 20.16027304624471, 0.32754990540038154, 261.318875995844, 78.8358836488218, ZTF
ZTF_g, 26.2565, nan, 353.4826041666666, -23.728577777777776, 60596.23527779989, 20.343258414932187, 0.3343839910105291, 231.897802933772, 71.4196620796196, ZTF
ZTF_g, 26.226, nan, 353.4826041666666, -23.728577777777776, 60600.27260420006, 20.690399478443723, 1.1293639814974574, 163.772209635848, 170.353013855573, ZTF
ZTF_r, 26.3407, nan, 353.4826041666666, -23.728577777777776, 60603.2237383998, 20.052602251336182, 0.26211799678328956, 327.520960890102, 79.0699783213257, ZTF
ZTF_g, 26.2354, nan, 353.4826041666666, -23.728577777777776, 60603.26626159996, 20.505910298202707, 0.4746173977083266, 195.792422888705, 85.5884604704571, ZTF
ZTF_r, 26.3488, nan, 353.4826041666666, -23.728577777777776, 60604.22569439979, 19.695494804697354, 0.1338377158756266, 458.481776381452, 56.5166321731505, ZTF
ZTF_g, 26.2304, nan, 353.4826041666666, -23.728577777777776, 60604.26984950015, 20.979234523398723, 0.5201536689128767, 126.027752282232, 60.377278980889, ZTF
ZTF_g, 26.2456, nan, 353.4826041666666, -23.728577777777776, 60606.25193289993, 21.378064444119477, 0.5858994461451744, 88.5144596227393, 47.765352800652, ZTF
ZTF_r, 26.3332, nan, 353.4826041666666, -23.728577777777776, 60606.27199070016, 19.98719112088088, 0.1515001440330463, 345.464600093726, 48.2050211119997, ZTF
ZTF_g, 26.2327, nan, 353.4826041666666, -23.728577777777776, 60608.25173609983, 20.906612456480744, 0.3166441471557034, 135.031476791019, 39.3805849157611, ZTF
ZTF_g, 24.92, nan, 353.4826041666666, -23.728577777777776, 60610.25111109996, nan, 4.884599950487211, -13.0366281990096, 58.6502625372786, ZTF
ZTF_r, 25.178, nan, 353.4826041666666, -23.728577777777776, 60610.29594910005, 19.97796961275814, 0.8334524890759158, 120.229808368543, 92.2929829608407, ZTF
ZTF_r, 26.3239, nan, 353.4826041666666, -23.728577777777776, 60614.19184029987, 20.367108501004765, 0.1780170417078905, 241.388513109613, 39.5780013760694, ZTF
ZTF_g, 26.2118, nan, 353.4826041666666, -23.728577777777776, 60614.231250000186, 21.619258037858323, 0.683817077432556, 68.7094994733729, 43.2745347495541, ZTF
ZTF_r, 26.3207, nan, 353.4826041666666, -23.728577777777776, 60619.14699070016, 20.480110650817103, 0.3085436060589189, 216.888107711719, 61.6350809444191, ZTF
ZTF_g, 26.0604, nan, 353.4826041666666, -23.728577777777776, 60619.19396989979, 20.960842794855466, 0.5432931990489342, 109.603111156394, 54.8444683200335, ZTF
ZTF_g, 25.8502, nan, 353.4826041666666, -23.728577777777776, 60620.189375000075, nan, 1.0521804724827137, -58.9961480856118, 57.1728148101137, ZTF
ZTF_r, 26.2775, nan, 353.4826041666666, -23.728577777777776, 60621.19037039997, 20.596322349466554, 0.6295511042505844, 187.271228820198, 108.586973871964, ZTF
ZTF_g, 26.2529, nan, 353.4826041666666, -23.728577777777776, 60622.20881940005, 21.68742416598172, 1.225793893735481, 67.0178256936726, 75.6629843847676, ZTF
ZTF_r, 26.3408, nan, 353.4826041666666, -23.728577777777776, 60623.164166700095, 20.582003314950995, 0.427555905318393, 201.149368759131, 79.2113223147461, ZTF
ZTF_r, 26.3405, nan, 353.4826041666666, -23.728577777777776, 60626.169027800206, 19.597764246106323, 0.32245404825422597, 497.84517403044, 147.8556126858, ZTF
ZTF_g, 26.23, nan, 353.4826041666666, -23.728577777777776, 60626.21084489999, nan, 10.407645833268171, -12.1530393009275, 116.49655624204, ZTF
ZTF_g, 26.2416, nan, 353.4826041666666, -23.728577777777776, 60628.191666699946, 20.563854204093836, 0.6179025656547824, 186.680226163637, 106.241451835001, ZTF
ZTF_g, 26.2437, nan, 353.4826041666666, -23.728577777777776, 60629.19040510012, 20.837005333613625, 0.8206119649287088, 145.437990912626, 109.923713490309, ZTF
ZTF_r, 24.225, nan, 353.4826041666666, -23.728577777777776, 60634.21289349999, nan, 8.139071852483786, -12.8959302154067, 96.6725638950331, ZTF
ZTF_r, 26.3203, nan, 353.4826041666666, -23.728577777777776, 60637.1864467999, 20.756367904229645, 0.3764482053733807, 168.101983666711, 58.2845904867168, ZTF
ZTF_g, 26.1848, nan, 353.4826041666666, -23.728577777777776, 60637.21146989986, 24.080092387419242, 7.449584991674885, 6.94837173598259, 47.6750112725548, ZTF
ZTF_r, 26.2921, nan, 353.4826041666666, -23.728577777777776, 60639.168310199864, 21.10046469487, 0.5167330104890069, 119.30375748875, 56.7800811095172, ZTF
ZTF_r, 26.3296, nan, 353.4826041666666, -23.728577777777776, 60640.16560189985, 21.412255023992763, 0.48455376511334614, 92.6697497864051, 41.3576299420172, ZTF
ZTF_r, 26.3334, nan, 353.4826041666666, -23.728577777777776, 60644.10893520014, 21.271939091464738, 0.5265113470698278, 105.824046341057, 51.3177703268411, ZTF
ZTF_g, 26.2395, nan, 353.4826041666666, -23.728577777777776, 60646.105428200215, 21.665612396048534, 0.703175618351431, 67.5390646178755, 43.7415859555405, ZTF
ZTF_r, 26.2951, nan, 353.4826041666666, -23.728577777777776, 60648.15416669985, 21.711544946037915, 0.6450464930680273, 68.1431211448256, 40.4844944181407, ZTF
ZTF_g, 26.1515, nan, 353.4826041666666, -23.728577777777776, 60648.16918980004, 22.33318640074903, 1.2767574815335132, 33.6763829700029, 39.6013080520266, ZTF
ZTF_g, 26.1381, nan, 353.4826041666666, -23.728577777777776, 60649.19035879988, 21.774090252192735, 0.8837710191595654, 55.6677796016434, 45.3126368055208, ZTF
ZTF_g, 26.2186, nan, 353.4826041666666, -23.728577777777776, 60651.086111099925, 22.150246333128983, 1.4310328512795873, 42.3976188959223, 55.8813321229428, ZTF
ZTF_r, 26.3221, nan, 353.4826041666666, -23.728577777777776, 60651.1473495001, 21.154805536392892, 0.6710659482254482, 116.658875388959, 72.1038853531748, ZTF
ZTF_r, 26.3283, nan, 353.4826041666666, -23.728577777777776, 60653.10567130009, 23.325218974086482, 5.757696062130755, 15.8939707838462, 84.2862682413738, ZTF
ZTF_g, 26.2511, nan, 353.4826041666666, -23.728577777777776, 60653.12792820018, 21.613244889862855, 1.238227992749057, 71.6377676489001, 81.699301222555, ZTF
ZTF_g, 26.231, nan, 353.4826041666666, -23.728577777777776, 60654.1073264, 20.667663023915615, 0.6574334543722314, 168.009867932848, 101.733098113027, ZTF
ZTF_g, 26.2234, nan, 353.4826041666666, -23.728577777777776, 60660.11921299994, 20.961210660362475, 0.7983648388447003, 127.313874727491, 93.6165899542566, ZTF
ZTF_r, 26.1908, nan, 353.4826041666666, -23.728577777777776, 60660.14751160005, 21.568761184865338, 1.4449049048308629, 70.6017597614108, 93.9572877110628, ZTF
ZTF_g, 26.2014, nan, 353.4826041666666, -23.728577777777776, 60664.111597199924, 22.120245965251062, 1.3108243640067303, 42.9004269050087, 51.7942798322783, ZTF
ZTF_r, 26.3138, nan, 353.4826041666666, -23.728577777777776, 60664.12825229997, 21.58080017070428, 0.7938979841899519, 78.1987717441897, 57.1794944127938, ZTF
ZTF_g, 26.2256, nan, 353.4826041666666, -23.728577777777776, 60666.10754630016, 22.454173485835796, 2.1492216411232654, 32.2530363221749, 63.8450881085575, ZTF
ZTF_r, 26.219, nan, 353.4826041666666, -23.728577777777776, 60666.13105319999, 21.40868121392345, 0.7941324660355257, 83.9706498927097, 61.4180672814937, ZTF
ZTF_g, 24.3739, nan, 353.4826041666666, -23.728577777777776, 60668.112152799964, 19.70809203387934, 0.984515513803892, 73.5060670584393, 66.6532653700532, ZTF
ZTF_g, 25.8897, nan, 353.4826041666666, -23.728577777777776, 60671.126863399986, 21.22182519836742, 1.026955189683643, 73.6461283781265, 69.6589773892112, ZTF
