combined_91bg,2024luo,2024luo,10.073999999999996,2.7566301660280965,0.017,0.015846099079076966,60480.0
++++++++++++++++++++++++++++++++++++++++++++++++++++++++++++++++
mu,35.26336154907204,0.07531625675386054
hostMass,9.94823443519893,0.0014830329374277173
t0,60490.177799596306,0.18988815826378413
x0,0.0008288797313510664,2.6167248932952575e-05
x1,-2.4599992871614873,0.0714911872857269
c,0.6909495839442519,0.022203628756405608
++++++++++++++++++++++++++++++++++++++++++++++++++++++++++++++++
0.0360575762436839,-2.307391886956128e-06,-0.0016955906544675165,0.0010255482077361274
-2.307391886956128e-06,6.847249167191077e-10,-1.891167413278217e-08,-5.246135732964022e-07
-0.0016955906544675165,-1.891167413278217e-08,0.005111449458064632,-0.0002623782118124157
0.0010255482077361274,-5.246135732964022e-07,-0.0002623782118124157,0.000493001129952282
++++++++++++++++++++++++++++++++++++++++++++++++++++++++++++++++
zp,23.9,23.9,23.9,23.9,23.9,23.9,23.9,23.9,23.9,23.9,23.9,23.9,23.9,23.9,23.9,23.9,23.9,23.9,23.9,23.9,23.9,23.9,23.9,23.9,23.9,23.9,23.9,23.9,23.9,23.9,23.9,23.9,23.9,23.9,23.9,23.9,23.9,23.9,23.9,23.9,23.9,23.9,23.9,23.9,23.9,23.9,23.9,23.9,23.9,23.9,23.9,23.9,23.9,23.9,23.9,23.9,23.9,23.9,23.9,23.9,23.9,26.1756,26.2413,26.1218,26.1581,26.1301,26.2041,26.2307,26.3377,26.1888,26.2024,26.2503,26.2817,26.1845,26.2003,26.1676,26.937,26.9467,26.9052,26.947,26.846,26.2735,26.3198,26.293,26.2768,26.2557,26.2922
filter,o,o,o,o,o,o,o,o,o,c,c,c,c,o,o,o,o,o,o,o,o,o,o,o,o,o,o,o,o,o,c,c,c,o,o,c,c,c,o,o,o,o,o,o,o,o,o,o,o,o,c,c,c,o,o,o,o,o,c,c,c,ZTF_g,ZTF_r,ZTF_r,ZTF_g,ZTF_g,ZTF_r,ZTF_r,ZTF_g,ZTF_r,ZTF_g,ZTF_r,ZTF_g,ZTF_g,ZTF_r,ZTF_g,ZTF_r,ZTF_g,ZTF_r,ZTF_g,ZTF_g,ZTF_r,ZTF_g,ZTF_r,ZTF_r,ZTF_r,ZTF_g
mjd,60479.400978,60479.404164,60511.353017,60511.357533,60512.591038,60513.067394,60514.567562,60514.569477,60514.588389,60519.207551,60519.21076,60519.213019,60519.215297,60520.551051,60524.601245,60524.626386,60525.055168,60526.449979,60526.487647,60526.491181,60528.436422,60528.469164,60528.474755,60529.013476,60529.015285,60529.045669,60530.450791,60530.45709,60530.490875,60530.504555,60532.590883,60532.601713,60532.627121,60534.525408,60534.536811,60536.530053,60536.535479,60536.55773,60537.04663,60537.048434,60538.512856,60538.51584,60538.52677,60540.491561,60540.954954,60540.965006,60546.439896,60546.619243,60552.112445,60555.235788,60557.07511,60557.093439,60560.951563,60564.960728,60567.247693,60568.911909,60575.227569,60575.23272,60580.413291,60580.415098,60580.418263,60494.44081019983,60494.484548599925,60507.39405089989,60507.41958330013,60509.4469792,60513.47310189996,60519.3895370001,60519.4749305998,60522.41343750013,60522.43649310013,60526.39976850012,60526.435705999844,60528.41809030017,60528.43787040003,60530.415034700185,60532.39583329996,60532.4265509001,60533.37877310021,60533.42518519983,60534.40182870021,60535.401759299915,60535.432175899856,60538.40850690007,60547.40053239977,60549.36590280011,60549.46418979997
flux,84.0,91.0,139.0,289.0,90.0,69.0,82.0,132.0,62.0,37.0,61.0,40.0,46.0,57.0,48.0,61.0,32.0,32.0,58.0,67.0,16.0,32.0,20.0,38.0,61.0,33.0,33.0,23.0,33.0,30.0,44.0,13.0,67.0,34.0,40.0,26.0,52.0,49.0,55.0,56.0,37.0,18.0,24.0,63.0,65.0,56.0,33.0,34.0,16.0,26.0,46.0,53.0,19.0,37.0,37.0,121.0,37.0,40.0,20.0,44.0,32.0,1403.82593880195,4576.92552650307,1382.31144287716,486.157912549641,359.27284215203,1091.74027980078,762.901011885609,318.525534271417,605.741146914849,259.424521918233,555.059210185253,311.757745946754,283.132675324915,540.005516895031,222.577191005869,815.306452164931,506.564223840988,772.789862045991,446.21977270566,465.384405441074,331.70364837482,302.669572496793,277.906443096326,269.403298310156,218.463075730097,235.41938801806
dflux,22.0,23.0,28.0,70.0,24.0,50.0,30.0,29.0,25.0,13.0,14.0,13.0,14.0,13.0,12.0,21.0,13.0,14.0,14.0,13.0,15.0,16.0,13.0,16.0,16.0,16.0,13.0,12.0,12.0,13.0,11.0,10.0,15.0,12.0,12.0,11.0,12.0,11.0,16.0,15.0,13.0,14.0,11.0,24.0,36.0,34.0,18.0,23.0,16.0,13.0,14.0,18.0,11.0,20.0,18.0,66.0,24.0,22.0,13.0,11.0,12.0,39.8106417365998,62.5594270116196,36.6316435872905,27.6566247367334,26.8487054344339,61.564074077915,46.4288097471864,36.9943576651205,33.304409865893,31.6567090966468,31.9357166116719,28.6911540198921,26.1664582339326,31.4210885114581,27.2083485030127,44.0801536174426,36.5746277418183,38.7325214498397,33.8137288365436,43.6113343148853,29.6061843591981,30.3892962387714,28.4116382211456,35.7669245379315,31.4120687289464,28.7762930776552
mag,19.087,19.001,18.543,17.747,19.012,19.302,19.113,18.596,19.427,19.973,19.438,19.902,19.736,19.504,19.692,19.429,20.122,20.127,19.487,19.338,20.908,20.135,20.667,19.959,19.437,20.117,20.105,20.511,20.092,20.188,19.794,21.144,19.337,20.056,19.901,20.35,19.599,19.674,19.544,19.535,19.978,20.733,20.428,19.399,19.361,19.533,20.107,20.055,20.862,20.368,19.748,19.588,20.681,19.987,19.983,18.695,19.969,19.909,20.632,19.787,20.132,18.3073168432365,17.089865385357303,18.270285242106738,19.441156603543607,19.741539025936902,18.608801665216067,19.024529522677533,20.079839367908086,19.233082311214382,20.167372437337356,19.389451716584567,20.04715686803862,20.0545250184415,19.3693045081054,20.298898357054377,19.65869780186643,20.185113713905597,19.685046459773215,20.3231279733717,20.17647043393156,19.97162437923311,20.1173780916534,20.183253460613756,20.20079272876039,20.407254890575782,20.362594433993472
dmag,0.256,0.254,0.201,0.242,0.266,0.718,0.363,0.216,0.402,0.36,0.229,0.336,0.293,0.231,0.246,0.34,0.4,0.447,0.239,0.198,0.971,0.486,0.643,0.421,0.256,0.492,0.392,0.538,0.37,0.431,0.25,0.833,0.222,0.343,0.306,0.409,0.219,0.226,0.286,0.268,0.339,0.735,0.455,0.374,0.544,0.612,0.563,0.661,0.966,0.496,0.308,0.333,0.556,0.535,0.49,0.543,0.629,0.567,0.619,0.245,0.382,0.0307900387601072,0.01484031900065712,0.02877231602727908,0.06176552515756154,0.08113780982300374,0.06122549966839758,0.06607599007090156,0.12610013693481867,0.05969514165206491,0.13248876758311182,0.062468585538243825,0.09992061169528292,0.10034119524466287,0.063175305293205,0.1327228945066051,0.05870114061621369,0.07839163455683917,0.054417511027378795,0.08227512956936915,0.10174471694788778,0.09690730385714005,0.10901247486303106,0.11099974476859692,0.14414613758382155,0.1561143464242089,0.1327140618970516
