combined_91bg,2021twa,2021twa,32.76211249999999,36.481725000000004,0.012129,0.013224184687504121,59415.0
++++++++++++++++++++++++++++++++++++++++++++++++++++++++++++++++
mu,36.47672253845015,0.05845984204100071
hostMass,9.602107064206646,0.0012216131463648687
t0,59419.81182250652,0.08928878763254033
x0,0.0007450154737493734,1.6480272343672362e-05
x1,-2.7792726017717166,0.1416504794378517
c,0.3062535305222933,0.01633999478669257
++++++++++++++++++++++++++++++++++++++++++++++++++++++++++++++++
0.007972490569428838,-3.791601996018913e-07,0.0020764052717804236,0.00030726126038375115
-3.791601996018913e-07,2.715993765216121e-10,-1.3111038292546686e-06,-2.495908285261829e-07
0.0020764052717804236,-1.3111038292546686e-06,0.02007263127431376,0.0010550981871285893
0.00030726126038375115,-2.495908285261829e-07,0.0010550981871285893,0.0002669954296291403
++++++++++++++++++++++++++++++++++++++++++++++++++++++++++++++++
zp,25.7691,25.9944,26.0961,26.2212,25.8683,26.1844,26.2796,25.9865,26.163,26.273,25.5019,26.0489,25.6557,25.4816,26.1903,26.2705,26.2889,26.2179,25.509,25.4919,26.2799,26.2121,25.3945,26.1614,26.132,26.1715,26.1212,25.9998,26.3177,26.2544,26.3506,26.3025,26.3728
filter,ZTF_g,ZTF_r,ZTF_r,ZTF_g,ZTF_r,ZTF_r,ZTF_g,ZTF_r,ZTF_r,ZTF_g,ZTF_i,ZTF_g,ZTF_r,ZTF_i,ZTF_r,ZTF_g,ZTF_g,ZTF_r,ZTF_i,ZTF_i,ZTF_g,ZTF_r,ZTF_i,ZTF_g,ZTF_r,ZTF_g,ZTF_r,ZTF_r,ZTF_g,ZTF_r,ZTF_g,ZTF_g,ZTF_g
mjd,59411.408125000075,59411.4637616002,59415.41371530015,59415.46119209984,59418.41449069977,59422.42410880001,59422.4521643999,59423.44247689983,59424.40533560002,59424.45394679997,59424.46878470015,59425.42775460007,59425.4637616002,59427.411284700036,59427.44884259999,59427.468645799905,59429.42728010006,59429.466261600144,59430.444618099835,59434.4009953998,59434.452673600055,59434.4740394,59438.43097219989,59438.44795140019,59438.47388890013,59440.45631940011,59440.47366899997,59443.46812500013,59459.3426620001,59461.39327549981,59461.42679399997,59467.44189810008,59520.359490700066
flux,501.661533605151,527.802534282543,1462.11169750961,1375.56861056483,1466.11375547579,1963.98772814785,1611.50057652467,1220.70113263986,1988.08766066675,1386.04864204573,546.955451206468,1178.25086903308,1275.36036056979,515.520564472586,1616.66477017222,962.865125276602,814.143752329702,1471.73667260776,483.574403885462,403.252071815976,416.235044449391,946.268258054577,283.427406566495,215.610293800942,565.447501667063,199.774109477543,546.082883477577,436.165647634265,185.241313374458,269.028114812353,171.468531859509,149.741062884543,155.577665151472
dflux,27.3893098229911,28.38440677449,32.7326292273879,33.1202530292342,71.6739130339391,53.4455993764308,53.7818065063225,63.1069262623353,49.9293167009658,50.66451506779,33.3809522351358,51.0169788901119,68.4241940396425,29.2047490267435,43.2924550972744,43.3414817454737,32.9393253258894,36.8947423691664,25.4476661448868,24.4260197858829,24.9947644973871,32.879437671792,25.1580230146202,24.5616142262761,25.9244012062286,21.7417888899557,33.4826934444279,27.9276658044745,26.2110483679496,28.0176617143299,27.8745522825777,24.3491550836283,25.3411656582335
mag,19.018072996301893,19.18822132203546,18.18364862084095,18.37499435752129,17.952880828911898,17.951553075504957,18.261523836949955,18.26997663115587,17.916911175469856,18.418553820772715,18.657020112334113,18.37080557812274,17.891617713576032,18.700985014317638,18.16875006395982,18.81158635760518,19.012147263785728,18.29832472068878,18.797841737195114,18.977958481571406,19.73155339410318,18.77206431946718,19.263395392762774,20.327226271581665,19.251019276115453,20.420151991471513,19.278053589643275,19.40067135600824,20.64835537121898,20.179905829084753,20.765138926571048,20.86414772127403,20.89293187629801
dmag,0.059278145335368806,0.05838921961144155,0.024306624924548083,0.026141813318847074,0.05307839315136443,0.029545918946659037,0.036235081347125636,0.05612960681535767,0.027267442927031763,0.03968713408536586,0.06626299877093647,0.047011194724538755,0.05825069293918827,0.06150802810690004,0.029074788267359944,0.04887228196730801,0.04392764541194081,0.027218155462905118,0.0571358869248447,0.0657658469063481,0.06519806802947528,0.037725450017531366,0.0963738008192588,0.12368349090714763,0.04977838065132928,0.1181626959359677,0.06657116273996604,0.06951963787799617,0.15362817105637283,0.11307290212840354,0.17650125230830663,0.1765498302225567,0.17684942757803412
