MJD,m,dm,uJy,duJy,F,err,chi/N,RA,Dec,x,y,maj,min,phi,apfit,mag5sig,Sky,Obs
59784.404353,21.776,1.466,7,10,o,0,1.04,50.55051,-42.88467,5879.71,6039.49,2.22,2.07,-63.7,-0.4,19.52,21.22,04a59784o0943o
59784.424275,21.015,0.882,14,13,o,0,0.64,50.55051,-42.88467,5873.25,6003.75,2.26,2.13,-58.3,-0.403,19.47,21.21,04a59784o0985o
59784.434791,22.049,3.947,6,22,o,0,1.19,50.55051,-42.88467,5940.52,6080.89,2.15,1.98,-62.2,-0.407,18.7,19.67,04a59784o1007o
59784.440276,19.722,0.675,47,32,o,0,0.95,50.55051,-42.88467,5961.92,5965.74,2.21,2.04,-47.6,-0.381,18.36,18.9,04a59784o1019o
59786.109551,22.795,3.688,3,10,c,0,0.93,50.55051,-42.88467,494.18,9569.89,2.76,2.56,-44.7,-0.394,19.7,21.8,03a59786o0822c
59786.113156,-22.198,2.071,-5,10,c,0,0.89,50.55051,-42.88467,474.62,9528.43,2.78,2.54,-44.1,-0.392,19.68,21.81,03a59786o0829c
59786.118464,23.19,6.385,2,12,c,0,1.61,50.55051,-42.88467,531.97,9609.0,2.61,2.34,-44.7,-0.393,19.78,21.82,03a59786o0840c
59786.129505,23.917,9.167,1,9,c,0,0.94,50.55051,-42.88467,553.24,9491.46,2.72,2.49,-44.8,-0.391,19.72,21.85,03a59786o0863c
59796.34635,20.96,0.585,15,9,c,0,1.16,50.55051,-42.88467,3475.53,1668.72,2.19,1.92,39.4,-0.401,19.78,21.89,04a59796o0655c
59796.349102,23.858,8.0,1,8,c,0,1.05,50.55051,-42.88467,3457.6,1629.06,2.16,1.91,41.7,-0.408,19.82,21.93,04a59796o0661c
59796.373712,-22.147,1.638,-5,8,c,0,1.03,50.55051,-42.88467,3527.5,1707.45,2.23,1.95,39.1,-0.395,19.8,21.93,04a59796o0714c
59796.38481,21.666,1.191,8,9,c,0,0.78,50.55051,-42.88467,3552.47,1596.7,2.28,2.06,43.1,-0.395,19.77,21.93,04a59796o0737c
59798.117279,21.701,0.963,8,7,c,0,1.21,50.55051,-42.88467,6707.8,3500.61,2.41,2.39,20.2,-0.421,19.84,21.92,03a59798o0844c
59798.120363,-21.153,0.706,-13,9,c,0,1.06,50.55051,-42.88467,6687.93,3462.32,2.48,2.45,14.8,-0.417,19.8,21.92,03a59798o0850c
59798.126517,-20.908,0.509,-16,8,c,0,1.04,50.55051,-42.88467,6742.27,3541.09,2.52,2.45,-5.4,-0.414,19.82,21.9,03a59798o0863c
59798.137009,21.856,1.304,7,9,c,0,1.21,50.55051,-42.88467,6764.23,3425.28,2.44,2.42,27.4,-0.421,19.79,21.87,03a59798o0883c
59800.348498,23.1,7.727,2,16,o,0,0.72,50.55051,-42.88467,3481.59,1666.42,2.03,1.78,47.9,-0.433,19.23,20.1,04a59800o0835o
59800.3512,20.117,0.412,33,14,o,0,1.4,50.55051,-42.88467,3464.27,1627.24,2.1,1.87,33.4,-0.418,19.22,20.23,04a59800o0841o
59800.356451,-22.243,2.848,-5,13,o,0,1.08,50.55051,-42.88467,3522.31,1706.53,2.06,1.87,36.2,-0.417,19.23,20.26,04a59800o0852o
59800.373872,22.343,2.927,4,12,o,0,1.13,50.55051,-42.88467,3552.06,1594.56,2.07,1.9,50.7,-0.428,19.32,20.44,04a59800o0888o
59801.339476,-20.096,1.418,-33,47,o,0,1.14,50.55051,-42.88467,1316.45,7719.03,2.59,1.98,-88.0,-0.365,17.99,18.26,04a59801o0810o
59801.358884,-17.38,0.64,-406,259,o,0,0.88,50.55051,-42.88467,1307.4,7679.97,2.57,1.93,-85.9,-0.379,16.05,15.99,04a59801o0849o
59801.360981,-18.382,1.36,-161,219,o,0,1.43,50.55051,-42.88467,1368.22,7759.72,2.49,1.95,-84.9,-0.385,16.05,15.83,04a59801o0853o
59801.366982,20.811,3.589,17,62,o,0,0.98,50.55051,-42.88467,1391.23,7643.65,2.55,1.93,-86.7,-0.368,17.72,17.9,04a59801o0865o
59802.080532,15.898,0.629,1588,998,o,0,1.0,50.55051,-42.88467,6680.15,9975.6,2.72,2.28,-38.3,-0.416,14.74,14.09,03a59802o0470o
59802.08345,14.337,0.425,6684,2840,o,0,1.13,50.55051,-42.88467,6661.64,9935.12,2.71,2.26,-39.2,-0.45,14.04,13.41,03a59802o0476o
59802.304436,-19.526,1.774,-56,100,o,0,1.0,50.55051,-42.88467,1308.77,7717.05,2.6,2.05,86.6,-0.364,17.12,17.02,04a59802o0738o
59802.307244,18.771,0.815,113,92,o,0,1.11,50.55051,-42.88467,1287.96,7678.52,2.53,2.06,86.1,-0.366,17.29,17.2,04a59802o0744o
59802.312731,17.507,0.502,361,181,o,0,1.16,50.55051,-42.88467,1349.36,7758.29,2.72,2.15,-89.7,-0.365,16.52,16.43,04a59802o0756o
59802.333707,19.77,1.42,45,64,o,0,1.25,50.55051,-42.88467,1378.1,7643.1,2.56,1.95,89.8,-0.366,17.51,17.37,04a59802o0801o
59804.312418,19.882,0.745,40,30,o,0,0.84,50.55051,-42.88467,1315.17,7721.69,2.68,2.17,83.1,-0.352,18.63,19.21,04a59804o0765o
59804.315256,-23.212,13.467,-2,25,o,0,0.82,50.55051,-42.88467,1296.72,7682.5,2.49,2.01,87.4,-0.368,18.68,19.21,04a59804o0771o
59804.320682,-20.672,0.988,-20,19,o,0,1.56,50.55051,-42.88467,1356.16,7762.42,2.47,1.96,87.6,-0.371,18.67,19.22,04a59804o0783o
59804.330368,21.554,2.273,9,20,o,0,1.76,50.55051,-42.88467,1381.16,7646.83,2.6,2.05,86.9,-0.359,18.68,19.27,04a59804o0804o
59805.311333,-19.756,0.478,-45,22,o,0,1.5,50.55051,-42.88467,1315.16,7716.29,2.81,2.22,86.2,-0.344,18.69,19.4,04a59805o0727o
59805.314676,19.889,0.596,40,24,o,0,1.05,50.55051,-42.88467,1296.82,7677.03,2.83,2.26,81.5,-0.344,18.67,19.39,04a59805o0734o
59805.336844,19.862,0.556,41,23,o,0,1.24,50.55051,-42.88467,1367.19,7758.08,2.83,2.27,-90.0,-0.352,18.75,19.47,04a59805o0777o
59805.34471,-22.593,5.818,-3,19,o,0,1.61,50.55051,-42.88467,1390.5,7641.72,2.83,2.24,89.1,-0.317,18.73,19.49,04a59805o0794o
59812.196496,21.581,1.32,8,11,c,0,1.14,50.55051,-42.88467,7233.47,1455.16,2.31,2.14,-24.4,-0.398,19.35,21.39,04a59812o0419c
59812.220057,-21.652,1.871,-8,15,c,0,1.07,50.55051,-42.88467,7206.3,1416.68,2.5,2.19,-22.0,-0.389,19.1,21.2,04a59812o0470c
59812.223217,19.293,1.123,70,78,c,0,0.83,50.55051,-42.88467,7261.24,1493.71,2.41,2.14,-17.2,-0.39,18.06,20.08,04a59812o0477c
59812.226373,21.141,5.308,13,67,c,0,1.19,50.55051,-42.88467,7280.34,1376.33,2.46,2.19,-28.1,-0.38,17.36,19.35,04a59812o0484c
59813.271036,-21.589,0.95,-8,8,c,0,1.12,50.55051,-42.88467,7221.1,1461.89,2.58,2.14,-30.6,-0.382,19.71,21.79,04a59813o0582c
59813.274205,22.461,2.37,4,9,c,0,0.87,50.55051,-42.88467,7203.87,1423.45,2.52,2.17,-24.2,-0.389,19.7,21.82,04a59813o0589c
59813.279697,22.083,1.3,5,7,c,0,1.24,50.55051,-42.88467,7262.8,1500.72,2.48,2.13,-23.0,-0.39,19.75,21.83,04a59813o0601c
59813.297275,22.26,1.622,4,7,c,0,1.14,50.55051,-42.88467,7285.7,1385.44,2.42,2.02,-24.5,-0.397,19.78,21.83,04a59813o0637c
59814.090345,-24.327,19.0,-1,13,o,0,0.95,50.55051,-42.88467,5712.95,5986.65,2.18,2.06,-46.6,-0.442,19.43,20.84,03a59814o0811o
59814.093049,21.234,1.05,12,12,o,0,0.76,50.55051,-42.88467,5692.5,5949.28,2.19,2.07,-48.1,-0.436,19.65,21.08,03a59814o0817o
59814.096204,22.399,2.778,4,11,o,0,0.98,50.55051,-42.88467,5747.31,6028.41,2.14,2.0,-48.6,-0.445,19.67,21.06,03a59814o0824o
59814.10209,-21.059,2.295,-14,31,o,0,0.71,50.55051,-42.88467,5768.15,5913.88,2.15,2.04,-53.9,-0.441,18.53,19.84,03a59814o0837o
59820.239714,-20.94,0.634,-15,10,c,0,0.87,50.55051,-42.88467,5383.51,8061.02,2.45,1.93,-80.5,-0.403,19.76,21.7,04a59820o0601c
59820.242451,-23.791,9.333,-1,10,c,0,0.71,50.55051,-42.88467,5363.47,8022.26,2.41,1.93,-75.5,-0.405,19.75,21.75,04a59820o0607c
59820.256568,21.694,1.25,8,10,c,0,0.97,50.55051,-42.88467,5424.57,8101.65,2.53,1.92,-76.5,-0.417,19.77,21.83,04a59820o0637c
59820.25973,20.896,0.586,16,9,c,0,0.77,50.55051,-42.88467,5444.18,7985.97,2.47,1.88,-74.5,-0.41,19.77,21.82,04a59820o0644c
59825.95906,-22.885,5.05,-2,13,o,0,0.77,50.55051,-42.88467,3448.15,1566.12,2.34,2.15,-49.9,-0.408,19.47,20.84,03a59826o0529o
59825.96137,22.263,2.657,4,12,o,0,0.91,50.55051,-42.88467,3430.48,1526.09,2.35,2.19,-47.3,-0.407,19.46,20.83,03a59826o0534o
59825.982219,20.962,0.619,15,9,o,0,1.55,50.55051,-42.88467,3485.86,1605.76,2.35,2.17,-46.4,-0.41,19.56,21.11,03a59826o0578o
59825.987692,21.889,1.635,6,10,o,0,0.89,50.55051,-42.88467,3508.31,1488.47,2.3,2.13,-48.7,-0.413,19.62,21.23,03a59826o0590o
59828.25646,23.681,9.8,1,12,o,0,1.34,50.55051,-42.88467,2965.39,3695.53,1.83,1.68,72.5,-0.435,19.28,20.28,04a59828o0621o
59828.258713,20.278,0.497,28,14,o,0,1.09,50.55051,-42.88467,2945.82,3656.57,1.87,1.71,71.5,-0.432,19.28,20.28,04a59828o0626o
59828.261872,-21.387,1.2,-10,12,o,0,1.2,50.55051,-42.88467,3006.32,3734.94,1.87,1.69,86.5,-0.474,19.29,20.22,04a59828o0633o
59830.100101,-21.522,1.616,-9,14,o,0,1.41,50.55051,-42.88467,3427.08,1568.69,2.1,1.95,-48.1,-0.42,19.16,19.84,03a59830o0823o
59830.103297,-21.08,0.992,-13,13,o,0,1.42,50.55051,-42.88467,3408.41,1529.42,2.1,1.93,-53.9,-0.416,19.17,19.87,03a59830o0830o
59830.125615,-21.342,1.59,-10,17,o,0,0.98,50.55051,-42.88467,6942.03,8890.61,2.38,2.11,-47.0,-0.43,19.2,19.99,03a59830o0877o
59830.133251,20.379,0.605,26,16,o,0,1.07,50.55051,-42.88467,6918.69,9007.7,2.35,2.14,-54.4,-0.432,19.22,20.12,03a59830o0892o
59830.995908,21.938,3.185,6,19,o,0,1.49,50.55051,-42.88467,3444.74,1562.27,2.22,2.0,-58.5,-0.415,18.79,19.19,03a59831o0595o
59830.997713,22.315,5.605,4,24,o,0,0.74,50.55051,-42.88467,3427.06,1521.46,2.22,2.02,-52.8,-0.409,18.81,19.18,03a59831o0599o
59831.002242,19.86,0.531,41,22,o,0,1.31,50.55051,-42.88467,3480.58,1601.7,2.22,2.0,-54.0,-0.407,18.8,19.21,03a59831o0609o
59831.029664,21.955,3.423,6,20,o,0,1.13,50.55051,-42.88467,3500.2,1486.28,2.25,2.05,-53.6,-0.409,18.83,19.26,03a59831o0658o
59831.154359,-21.175,2.119,-12,26,o,0,1.08,50.55051,-42.88467,6956.23,8958.19,2.63,2.17,-38.5,-0.415,18.63,19.3,03a59831o0914o
59831.967372,20.366,1.261,26,33,o,0,1.37,50.55051,-42.88467,1137.19,7550.79,2.76,2.4,-51.4,-0.379,18.39,18.6,03a59832o0528o
59831.969626,20.946,2.186,15,33,o,0,0.66,50.55051,-42.88467,1119.39,7509.5,2.64,2.26,-50.1,-0.39,18.43,18.62,03a59832o0533o
59831.979715,-20.143,1.04,-32,33,o,0,0.89,50.55051,-42.88467,1171.8,7591.51,2.54,2.2,-50.3,-0.397,18.47,18.64,03a59832o0553o
59831.986765,-19.544,0.573,-55,32,o,0,0.93,50.55051,-42.88467,1199.36,7469.55,2.5,2.19,-53.6,-0.395,18.52,18.66,03a59832o0564o
59832.245552,19.99,0.575,37,21,o,0,2.05,50.55051,-42.88467,2966.34,3692.35,2.04,1.86,70.6,-0.403,18.47,18.67,04a59832o0611o
59838.042486,20.781,0.91,18,16,o,0,1.17,50.55051,-42.88467,1107.48,7541.73,2.43,2.09,-58.7,-0.403,19.2,20.08,03a59838o0665o
59838.065021,20.827,0.95,17,16,o,0,0.87,50.55051,-42.88467,1082.1,7501.75,2.35,2.0,-57.6,-0.402,19.29,20.17,03a59838o0713o
59838.068176,23.56,11.273,1,15,o,0,0.94,50.55051,-42.88467,1138.71,7583.34,2.34,2.05,-62.6,-0.411,19.28,20.18,03a59838o0720o
59838.07863,20.867,1.033,16,17,o,0,0.94,50.55051,-42.88467,9249.68,3027.22,2.12,1.89,-49.9,-0.445,19.31,20.21,03a59838o0741o
59841.932994,20.97,0.649,15,10,c,0,0.91,50.55051,-42.88467,7208.77,1465.28,2.37,2.14,-38.9,-0.412,19.77,21.8,03a59842o0454c
59841.935277,-22.169,1.816,-5,9,c,0,0.85,50.55051,-42.88467,7191.03,1426.31,2.37,2.13,-44.5,-0.417,19.76,21.79,03a59842o0459c
59841.938447,-22.387,2.167,-4,9,c,0,1.47,50.55051,-42.88467,7246.64,1503.5,2.43,2.17,-47.7,-0.413,19.76,21.8,03a59842o0466c
59841.943869,-21.391,0.727,-10,7,c,0,1.07,50.55051,-42.88467,7269.32,1385.96,2.38,2.17,-41.9,-0.415,19.75,21.81,03a59842o0478c
59842.951374,23.083,5.278,2,11,o,0,0.75,50.55051,-42.88467,7204.78,1460.35,2.24,2.01,-42.8,-0.444,19.64,21.23,03a59843o0281o
59842.961227,-21.563,1.258,-9,11,o,0,0.86,50.55051,-42.88467,7188.62,1420.33,2.38,2.15,-39.6,-0.43,19.61,21.22,03a59843o0302o
59842.965999,22.062,2.149,5,12,o,0,0.89,50.55051,-42.88467,7244.61,1498.32,2.24,2.01,-44.5,-0.442,19.66,21.24,03a59843o0312o
59842.982718,20.869,0.69,16,11,o,0,0.88,50.55051,-42.88467,7266.61,1382.99,2.33,2.15,-38.1,-0.434,19.61,21.24,03a59843o0348o
59844.091159,19.746,0.376,46,17,o,0,1.11,50.55051,-42.88467,5362.96,1574.43,2.46,2.19,-17.9,-0.385,18.85,20.07,04a59844o0265o
59844.094835,21.4,1.721,10,17,o,0,1.3,50.55051,-42.88467,5341.61,1536.87,2.3,2.17,-15.4,-0.394,18.92,20.15,04a59844o0273o
59844.130966,21.974,2.488,6,15,o,0,1.11,50.55051,-42.88467,5383.15,1614.71,2.29,2.12,-8.0,-0.407,19.12,20.47,04a59844o0349o
59844.150635,21.879,1.897,6,12,o,0,1.3,50.55051,-42.88467,5396.55,1502.74,2.06,1.96,-35.7,-0.414,19.35,20.65,04a59844o0389o
59846.084854,-25.391,31.0,0,8,c,0,0.78,50.55051,-42.88467,3226.7,9031.41,2.42,2.21,-71.0,-0.391,19.89,22.01,03a59846o0534c
59846.089045,-21.464,0.984,-9,9,c,0,1.01,50.55051,-42.88467,3242.21,9069.65,2.47,2.22,-50.4,-0.387,19.74,21.81,03a59846o0541c
59846.124382,20.175,0.653,31,20,c,0,1.15,50.55051,-42.88467,3181.55,8994.54,2.48,2.22,-50.7,-0.379,18.85,20.73,03a59846o0616c
59848.292827,20.381,0.855,26,22,o,0,0.64,50.55051,-42.88467,5411.77,1590.5,2.1,1.98,-10.1,-0.453,18.61,20.01,04a59848o0338o
59848.295079,20.488,1.634,23,38,o,0,0.8,50.55051,-42.88467,5395.46,1551.46,2.07,1.92,-12.0,-0.448,18.43,19.83,04a59848o0343o
59848.317598,-21.373,2.6,-10,27,o,0,0.89,50.55051,-42.88467,5477.17,1631.57,2.01,1.91,2.5,-0.449,18.94,20.33,04a59848o0392o
59848.322621,-19.566,0.523,-54,28,o,0,0.87,50.55051,-42.88467,5501.91,1514.88,2.03,1.87,-5.1,-0.448,18.43,19.76,04a59848o0403o
59850.065458,-22.152,1.293,-5,6,c,0,1.2,50.55051,-42.88467,5253.72,2501.3,2.33,2.18,-46.3,-0.404,19.87,21.87,03a59850o0588c
59850.06872,22.805,2.708,3,7,c,0,1.2,50.55051,-42.88467,5271.0,2538.73,2.27,2.08,-52.9,-0.406,19.89,21.89,03a59850o0594c
59850.095853,23.415,5.25,2,8,c,0,0.84,50.55051,-42.88467,5208.48,2463.32,2.39,2.24,-60.4,-0.404,19.81,21.85,03a59850o0651c
59850.12398,21.848,1.189,7,8,c,0,1.24,50.55051,-42.88467,5183.0,2582.8,2.35,2.22,-53.0,-0.402,19.82,21.82,03a59850o0711c
59852.14354,22.127,2.429,5,12,o,0,1.04,50.55051,-42.88467,7791.67,5902.56,2.04,1.81,-31.0,-0.441,19.54,20.98,04a59852o0368o
59852.146733,20.704,0.554,19,10,o,0,1.02,50.55051,-42.88467,7772.21,5864.31,2.07,1.84,-31.1,-0.438,19.56,20.96,04a59852o0375o
59852.151739,-22.245,2.209,-5,10,o,0,1.13,50.55051,-42.88467,7829.97,5941.3,2.05,1.79,-28.6,-0.451,19.61,20.99,04a59852o0386o
59852.172111,20.361,0.432,26,11,o,0,1.25,50.55051,-42.88467,7849.95,5828.53,2.01,1.79,-33.2,-0.457,19.63,21.04,04a59852o0430o
59853.891848,23.382,8.333,2,13,o,0,1.17,50.55051,-42.88467,5189.03,7995.53,2.42,2.1,-42.2,-0.397,19.41,20.62,03a59854o0361o
59853.916826,21.444,1.162,10,11,o,0,0.91,50.55051,-42.88467,5166.68,7957.56,2.43,2.05,-45.8,-0.4,19.46,20.74,03a59854o0414o
59853.918691,20.262,0.434,28,12,o,0,0.74,50.55051,-42.88467,5224.62,8034.82,2.41,2.06,-44.9,-0.404,19.46,20.75,03a59854o0418o
59853.942018,22.559,3.393,3,12,o,0,0.99,50.55051,-42.88467,5241.52,7917.92,2.37,2.04,-44.9,-0.405,19.58,20.92,03a59854o0467o
59853.953472,-22.465,2.839,-4,11,o,0,0.89,50.55051,-42.88467,5203.29,7969.51,2.32,2.02,-43.0,-0.416,19.62,20.96,03a59854o0489o
59856.1898,-20.592,0.711,-21,15,o,0,1.01,50.55051,-42.88467,7803.47,5909.12,2.49,2.23,-34.1,-0.395,19.11,20.33,04a59856o0446o
59856.191601,20.683,0.78,19,15,o,0,1.04,50.55051,-42.88467,7784.73,5870.8,2.44,2.19,-28.9,-0.397,19.11,20.34,04a59856o0450o
59856.19619,-22.681,5.714,-3,18,o,0,0.89,50.55051,-42.88467,7844.91,5947.2,2.54,2.26,-38.8,-0.396,19.12,20.35,04a59856o0460o
59856.201604,21.258,1.364,11,16,o,0,1.13,50.55051,-42.88467,7866.53,5831.78,2.77,2.5,-31.6,-0.379,19.04,20.42,04a59856o0472o
59857.891523,-20.325,0.623,-27,17,o,0,1.05,50.55051,-42.88467,2884.81,3574.95,2.46,2.1,-59.4,-0.414,19.01,19.83,03a59858o0345o
59857.894701,0.0,20.825,0,17,o,0,1.02,50.55051,-42.88467,2866.5,3535.0,2.48,2.13,-60.6,-0.405,19.02,19.84,03a59858o0352o
59857.920114,22.144,2.784,5,14,o,0,1.61,50.55051,-42.88467,2922.7,3611.16,2.51,2.18,-62.8,-0.404,19.06,19.94,03a59858o0406o
59857.923273,-22.288,3.743,-4,16,o,0,1.12,50.55051,-42.88467,2944.95,3494.64,2.39,2.09,-61.6,-0.417,19.11,19.95,03a59858o0413o
59858.888848,16.501,0.74,911,674,o,0,0.79,50.55051,-42.88467,2886.98,3574.13,2.56,2.25,-58.8,-0.397,15.43,15.05,03a59859o0327o
59858.891116,17.313,2.332,431,1006,o,0,0.86,50.55051,-42.88467,2869.73,3533.77,2.65,2.24,-60.2,-0.413,14.78,14.29,03a59859o0332o
59858.902371,-17.011,0.803,-570,458,o,0,1.05,50.55051,-42.88467,2925.01,3613.01,2.64,2.3,-58.3,-0.393,15.23,14.81,03a59859o0353o
59858.90554,-18.522,5.934,-142,841,o,0,0.93,50.55051,-42.88467,2945.58,3497.32,2.51,2.2,-57.6,-0.415,14.84,14.32,03a59859o0360o
59860.038508,-21.008,1.5,-14,22,o,0,0.77,50.55051,-42.88467,7545.04,6934.76,2.22,1.95,-50.3,-0.436,18.95,19.44,03a59860o0649o
59860.066866,20.321,0.682,27,18,o,0,1.21,50.55051,-42.88467,7557.39,6978.2,2.23,1.98,-51.5,-0.435,18.95,19.45,03a59860o0706o
59860.091619,19.568,0.332,54,18,o,0,1.06,50.55051,-42.88467,7498.98,6901.84,2.3,1.97,-47.3,-0.425,18.92,19.47,03a59860o0758o
59860.117022,21.353,1.648,10,17,o,0,1.06,50.55051,-42.88467,7475.57,7015.97,2.28,1.97,-46.5,-0.43,19.06,19.67,03a59860o0809o
59860.130356,19.941,0.636,38,24,o,0,1.27,50.55051,-42.88467,7512.24,6957.57,2.28,1.97,-45.2,-0.431,18.6,18.78,03a59860o0834o
59864.33707,-20.103,0.654,-33,22,o,0,0.73,50.55051,-42.88467,1780.09,708.29,1.95,1.74,45.4,-0.475,19.0,19.58,04a59864o0637o
59864.344205,23.243,13.588,2,25,o,0,0.69,50.55051,-42.88467,1800.2,742.99,2.25,1.7,45.7,-0.469,18.98,19.59,04a59864o0652o
59864.347917,-20.482,0.811,-23,19,o,0,0.86,50.55051,-42.88467,1736.5,662.31,2.23,1.65,45.3,-0.47,18.97,19.59,04a59864o0660o
59864.365769,-19.305,0.724,-69,50,o,0,2.57,50.55051,-42.88467,1707.7,769.59,2.2,1.67,47.2,-0.479,19.01,19.6,04a59864o0699o
59865.859193,-23.685,11.25,-1,14,o,0,1.49,50.55051,-42.88467,4779.52,3541.41,2.5,2.16,-60.1,-0.408,19.17,20.49,03a59866o0275o
59865.861907,21.111,1.205,13,16,o,0,0.99,50.55051,-42.88467,4761.78,3501.2,2.5,2.13,-59.4,-0.403,19.13,20.41,03a59866o0281o
59865.867391,-23.899,14.571,-1,15,o,0,1.17,50.55051,-42.88467,4820.46,3577.21,2.44,2.08,-58.3,-0.416,19.12,20.22,03a59866o0293o
59865.891123,-20.428,0.75,-24,18,o,0,1.33,50.55051,-42.88467,4842.51,3466.68,2.55,2.21,-56.7,-0.407,18.88,19.8,03a59866o0343o
59868.137158,-22.153,1.75,-5,9,c,0,1.53,50.55051,-42.88467,7351.17,7945.52,2.49,2.14,-69.8,-0.412,19.69,21.63,04a59868o0289c
59868.139923,22.938,3.105,2,8,c,0,1.56,50.55051,-42.88467,7333.5,7906.82,2.41,2.0,-68.3,-0.43,19.75,21.63,04a59868o0295c
59868.1431,22.53,3.037,4,11,c,0,0.85,50.55051,-42.88467,7392.76,7984.72,2.45,2.03,-70.6,-0.424,19.74,21.67,04a59868o0302c
59868.169552,-22.129,1.872,-5,10,c,0,0.81,50.55051,-42.88467,7419.55,7875.89,2.44,2.09,-64.5,-0.417,19.78,21.74,04a59868o0357c
59870.042138,-21.015,1.025,-14,15,o,0,0.74,50.55051,-42.88467,5633.84,6959.71,2.24,1.99,-51.8,-0.42,19.48,20.69,03a59870o0663o
59870.045852,-22.182,2.341,-5,11,o,0,1.18,50.55051,-42.88467,5649.5,6998.37,2.24,1.95,-52.8,-0.439,19.48,20.68,03a59870o0671o
59870.050956,-20.791,0.586,-18,10,o,0,1.76,50.55051,-42.88467,5593.55,6919.11,2.26,1.97,-52.6,-0.425,19.43,20.62,03a59870o0682o
59870.061021,-21.265,1.662,-11,19,o,0,0.86,50.55051,-42.88467,5573.53,7040.03,2.2,2.1,18.4,-0.447,19.03,20.26,03a59870o0702o
59872.23009,-21.722,1.25,-7,9,c,0,1.06,50.55051,-42.88467,7425.47,7965.18,2.59,2.27,-48.6,-0.399,19.67,21.63,04a59872o0455c
59872.232354,-23.465,5.727,-2,8,c,0,1.23,50.55051,-42.88467,7407.97,7926.67,2.5,2.19,-42.9,-0.403,19.68,21.63,04a59872o0460c
59872.235721,21.673,1.113,8,9,c,0,1.5,50.55051,-42.88467,7471.54,8003.78,2.6,2.33,-46.3,-0.391,19.67,21.65,04a59872o0467c
59872.241582,22.566,2.8,3,10,c,0,0.88,50.55051,-42.88467,7495.88,7888.33,2.52,2.21,-40.6,-0.404,19.69,21.65,04a59872o0480c
59873.905786,19.922,0.335,39,13,o,0,0.94,50.55051,-42.88467,5309.67,1505.55,2.5,2.33,-29.8,-0.409,19.36,20.82,03a59874o0360o
59873.917569,-21.181,0.922,-12,11,o,0,1.19,50.55051,-42.88467,5288.61,1477.58,2.6,2.35,-57.9,-0.41,19.36,20.88,03a59874o0384o
59873.920316,-21.661,1.612,-8,13,o,0,0.94,50.55051,-42.88467,5342.88,1558.18,2.6,2.37,-53.5,-0.414,19.35,20.87,03a59874o0390o
59873.925226,-23.431,8.364,-2,13,o,0,0.82,50.55051,-42.88467,5367.13,1436.45,2.42,2.23,-41.3,-0.413,19.38,20.86,03a59874o0400o
59876.12333,22.594,2.778,3,9,c,0,1.21,50.55051,-42.88467,9340.02,7802.95,2.81,2.59,-41.0,-0.399,19.64,21.73,04a59876o0300c
59876.125137,21.973,1.774,6,10,c,0,0.93,50.55051,-42.88467,9320.66,7764.99,2.89,2.65,-47.9,-0.378,19.59,21.71,04a59876o0304c
59876.127935,-20.273,0.296,-28,8,c,0,1.61,50.55051,-42.88467,9381.4,7841.81,2.77,2.53,-44.9,-0.393,19.65,21.7,04a59876o0310c
59876.158194,-21.95,1.639,-6,10,c,0,0.88,50.55051,-42.88467,9415.26,7728.89,2.72,2.4,-41.0,-0.425,19.71,21.75,04a59876o0375c
59878.006526,21.184,1.051,12,13,o,0,1.33,50.55051,-42.88467,5108.57,8974.31,2.89,2.46,-34.0,-0.377,19.21,20.75,03a59878o0568o
59878.009229,20.364,0.703,26,18,o,0,0.95,50.55051,-42.88467,5125.51,9014.16,2.92,2.55,-42.8,-0.37,19.13,20.66,03a59878o0574o
59878.01682,20.128,0.384,32,12,o,0,1.03,50.55051,-42.88467,5070.6,8935.4,2.75,2.4,-38.6,-0.377,19.4,20.89,03a59878o0590o
59878.04614,19.895,0.338,40,14,o,0,0.98,50.55051,-42.88467,5040.54,9057.96,2.73,2.39,-42.7,-0.375,19.34,20.75,03a59878o0639o
59880.125625,18.107,0.052,208,11,c,0,1.83,50.55051,-42.88467,9347.36,7806.13,2.79,2.49,-44.8,-0.408,19.65,21.68,04a59880o0297c
59880.127427,18.317,0.067,171,12,c,0,1.29,50.55051,-42.88467,9327.83,7767.85,2.89,2.56,-35.3,-0.385,19.62,21.69,04a59880o0301c
59880.13023,18.118,0.055,206,11,c,0,1.28,50.55051,-42.88467,9390.07,7844.09,2.84,2.54,-38.1,-0.392,19.62,21.69,04a59880o0307c
59880.135675,18.149,0.06,200,12,c,0,1.27,50.55051,-42.88467,9410.71,7726.71,2.83,2.52,-43.2,-0.4,19.63,21.73,04a59880o0319c
59881.226572,18.046,0.052,220,12,c,0,1.06,50.55051,-42.88467,9117.78,8949.76,2.7,2.33,-52.4,-0.387,19.82,21.81,04a59881o0501c
59881.232267,18.101,0.05,209,10,c,0,1.35,50.55051,-42.88467,9136.0,8983.71,2.71,2.39,-55.3,-0.387,19.79,21.82,04a59881o0513c
59881.237556,18.051,0.049,218,11,c,0,1.36,50.55051,-42.88467,9078.16,8899.3,2.7,2.36,-55.8,-0.395,19.79,21.79,04a59881o0522c
59881.270168,18.203,0.052,190,10,c,0,1.87,50.55051,-42.88467,9054.66,8987.35,2.5,2.38,-51.8,-0.421,19.79,21.67,04a59881o0591c
59881.89664,18.397,0.073,159,12,o,0,1.35,50.55051,-42.88467,7636.04,5893.85,2.58,2.19,-52.6,-0.412,19.42,20.81,03a59882o0335o
59881.899465,18.426,0.083,155,13,o,0,1.04,50.55051,-42.88467,7617.56,5855.32,2.47,2.1,-52.0,-0.42,19.41,20.77,03a59882o0341o
59881.902635,18.337,0.084,168,14,o,0,0.91,50.55051,-42.88467,7673.51,5933.62,2.46,2.08,-51.3,-0.42,19.46,20.81,03a59882o0348o
59881.907706,18.287,0.074,176,13,o,0,0.99,50.55051,-42.88467,7695.63,5818.11,2.44,2.08,-51.2,-0.423,19.52,20.87,03a59882o0359o
59884.122532,18.807,0.183,109,20,o,0,0.74,50.55051,-42.88467,1578.99,1707.25,2.69,2.13,48.1,-0.408,19.14,20.27,04a59884o0290o
59884.12532,18.591,0.126,133,17,o,0,1.24,50.55051,-42.88467,1561.62,1667.69,2.69,2.06,43.4,-0.404,19.16,20.3,04a59884o0296o
59884.128491,18.676,0.121,123,15,o,0,1.21,50.55051,-42.88467,1620.72,1747.91,2.52,2.0,45.8,-0.41,19.21,20.26,04a59884o0303o
59884.13398,18.772,0.156,112,18,o,0,0.84,50.55051,-42.88467,1642.35,1630.95,2.55,2.02,45.0,-0.43,19.19,20.27,04a59884o0315o
59885.192331,18.744,0.121,116,14,o,0,0.96,50.55051,-42.88467,1638.3,1707.78,2.4,1.85,45.1,-0.426,19.25,20.32,04a59885o0402o
59885.195504,18.569,0.11,136,15,o,0,1.21,50.55051,-42.88467,1623.01,1667.44,2.34,1.82,42.8,-0.429,19.3,20.33,04a59885o0409o
59885.229238,18.883,0.161,102,16,o,0,0.87,50.55051,-42.88467,9081.08,8895.24,2.37,2.19,-42.3,-0.429,19.3,20.36,04a59885o0475o
59885.257963,18.648,0.144,126,18,o,0,1.02,50.55051,-42.88467,9058.26,8987.79,2.34,2.23,-61.6,-0.453,19.41,20.58,04a59885o0536o
59886.18239,18.882,0.15,102,15,o,0,1.02,50.55051,-42.88467,1629.5,1704.42,2.35,1.84,47.7,-0.431,19.23,20.18,04a59886o0240o
59886.185331,18.736,0.137,116,16,o,0,1.26,50.55051,-42.88467,1613.55,1664.68,2.31,1.8,47.6,-0.44,19.28,20.18,04a59886o0246o
59886.188136,18.77,0.145,113,16,o,0,0.74,50.55051,-42.88467,1673.05,1744.87,2.34,1.86,44.5,-0.42,19.21,20.19,04a59886o0252o
59886.22441,18.662,0.132,125,16,o,0,0.94,50.55051,-42.88467,1736.15,1632.13,2.37,1.76,42.8,-0.426,19.22,20.05,04a59886o0321o
59888.211371,18.621,0.178,129,23,o,0,1.05,50.55051,-42.88467,9124.22,8940.77,2.48,2.23,-53.1,-0.409,18.98,19.69,04a59888o0475o
59888.214556,18.649,0.166,126,21,o,0,0.82,50.55051,-42.88467,9142.69,8977.65,2.5,2.26,-53.1,-0.404,18.96,19.69,04a59888o0482o
59888.247829,18.592,0.183,133,24,o,0,0.9,50.55051,-42.88467,9079.24,8870.88,2.44,2.22,6.9,-0.429,18.99,19.7,04a59888o0553o
59888.254625,18.477,0.139,148,20,o,0,0.96,50.55051,-42.88467,9058.38,8980.43,2.34,2.31,-29.8,-0.425,18.98,19.69,04a59888o0568o
59892.227612,17.985,0.571,232,133,o,0,0.75,50.55051,-42.88467,6805.91,4502.23,2.4,2.12,-25.1,-0.397,17.3,17.51,04a59892o0501o
59892.230318,18.569,0.491,136,67,o,0,0.84,50.55051,-42.88467,6824.61,4538.91,2.33,2.09,-23.5,-0.391,17.33,17.56,04a59892o0507o
59892.283175,16.31,1.096,1086,1190,o,0,1.09,50.55051,-42.88467,6731.94,4542.16,2.19,2.01,-29.1,-0.42,14.51,14.01,04a59892o0620o
59893.978049,18.207,0.094,189,18,o,0,0.96,50.55051,-42.88467,1751.84,612.86,2.38,2.21,-52.5,-0.428,19.02,19.83,03a59894o0502o
59893.981666,18.15,0.102,199,20,o,0,1.04,50.55051,-42.88467,1770.15,650.62,2.47,2.27,-74.6,-0.408,19.0,19.84,03a59894o0510o
59894.016496,18.246,0.114,183,21,o,0,1.14,50.55051,-42.88467,1705.7,581.3,2.58,2.37,-63.7,-0.409,18.9,19.76,03a59894o0582o
59894.021949,18.1,0.087,209,18,o,0,1.29,50.55051,-42.88467,1678.87,693.22,2.58,2.37,-79.4,-0.407,18.92,19.73,03a59894o0594o
59896.280678,18.304,0.092,173,16,o,0,1.1,50.55051,-42.88467,6785.82,4458.81,2.33,2.17,-29.0,-0.401,19.09,20.3,04a59896o0139o
59896.315294,18.123,0.072,205,15,o,0,1.64,50.55051,-42.88467,6789.04,4485.27,2.12,1.9,-25.3,-0.413,19.1,20.18,04a59896o0213o
59896.341319,18.079,0.075,213,16,o,0,0.98,50.55051,-42.88467,6719.47,4406.73,2.17,1.98,-31.3,-0.406,19.0,20.05,04a59896o0268o
59896.359049,18.136,0.104,202,21,o,0,0.99,50.55051,-42.88467,6692.35,4524.1,2.23,2.08,-36.2,-0.399,18.82,19.7,04a59896o0305o
59897.908177,18.198,0.052,191,10,c,0,0.88,50.55051,-42.88467,7122.99,7924.41,2.54,2.21,-54.7,-0.396,19.85,21.98,03a59898o0338c
59897.910461,18.247,0.054,183,10,c,0,0.87,50.55051,-42.88467,7103.7,7885.81,2.53,2.19,-53.7,-0.397,19.87,21.97,03a59898o0343c
59897.914375,18.365,0.056,164,9,c,0,1.09,50.55051,-42.88467,7161.35,7963.04,2.58,2.26,-57.0,-0.397,19.87,22.01,03a59898o0350c
59897.92025,18.288,0.052,176,9,c,0,1.63,50.55051,-42.88467,7181.3,7849.05,2.57,2.24,-52.6,-0.391,19.77,21.89,03a59898o0361c
59900.143651,18.187,0.067,193,13,o,0,1.12,50.55051,-42.88467,2791.23,9702.22,2.9,2.13,-79.2,-0.376,19.47,20.96,04a59900o0310o
59900.146989,18.2,0.082,190,16,o,0,0.87,50.55051,-42.88467,2774.4,9662.69,2.95,2.29,-78.4,-0.369,19.51,20.96,04a59900o0316o
59900.150596,18.3,0.074,174,13,o,0,1.3,50.55051,-42.88467,2836.85,9743.08,2.9,2.17,-83.6,-0.378,19.49,20.96,04a59900o0324o
59900.156027,18.268,0.075,179,13,o,0,1.02,50.55051,-42.88467,2864.09,9626.34,2.71,2.09,-77.4,-0.387,19.52,20.99,04a59900o0336o
59902.001243,18.519,0.151,142,21,c,0,1.46,50.55051,-42.88467,3268.95,2579.18,2.79,2.57,-22.6,-0.435,18.81,21.04,03a59902o0384c
59902.004405,18.076,2.111,214,451,c,0,0.92,50.55051,-42.88467,3286.79,2618.28,4.28,3.52,-6.8,-0.427,15.92,18.45,03a59902o0391c
59902.094945,17.379,0.557,406,226,o,0,0.76,50.55051,-42.88467,3199.55,2649.29,2.5,2.26,-49.1,-0.415,16.35,16.91,03a59902o0437o
59904.177373,18.271,0.073,178,13,o,0,1.1,50.55051,-42.88467,7999.67,943.44,2.45,2.0,-23.7,-0.424,19.55,21.15,04a59904o0381o
59904.180604,18.113,0.067,206,14,o,0,1.34,50.55051,-42.88467,8018.85,980.46,2.25,1.95,-28.4,-0.466,19.62,21.17,04a59904o0388o
59904.186213,18.259,0.066,180,12,o,0,1.12,50.55051,-42.88467,7957.81,896.11,2.01,1.88,-40.7,-0.502,19.69,21.24,04a59904o0400o
59904.197084,18.279,0.078,177,14,o,0,0.71,50.55051,-42.88467,7933.04,1003.92,2.21,1.97,-30.9,-0.458,19.64,21.27,04a59904o0423o
59905.895176,18.685,0.068,122,8,c,0,1.2,50.55051,-42.88467,9115.93,7828.33,2.54,2.16,-55.0,-0.398,19.91,21.98,03a59906o0304c
59905.898399,18.705,0.072,120,9,c,0,0.84,50.55051,-42.88467,9094.65,7792.31,2.58,2.18,-54.3,-0.394,19.9,21.97,03a59906o0311c
59905.903849,18.773,0.075,112,8,c,0,1.96,50.55051,-42.88467,9150.89,7871.85,2.55,2.17,-54.2,-0.398,19.9,21.98,03a59906o0323c
59905.908883,18.657,0.081,125,10,c,0,0.78,50.55051,-42.88467,9171.87,7757.04,2.46,2.16,-55.7,-0.401,19.94,22.0,03a59906o0334c
59908.169759,18.897,0.133,100,13,o,0,0.84,50.55051,-42.88467,959.29,4862.04,2.16,1.89,71.7,-0.408,19.46,20.77,04a59908o0347o
59908.172998,18.784,0.105,111,12,o,0,1.31,50.55051,-42.88467,978.57,4897.16,2.18,1.9,68.4,-0.405,19.48,20.77,04a59908o0354o
59908.204569,18.701,0.124,120,15,o,0,0.74,50.55051,-42.88467,916.19,4793.37,2.13,1.79,74.0,-0.417,19.54,20.79,04a59908o0422o
59908.210874,18.669,0.11,124,14,o,0,0.95,50.55051,-42.88467,893.91,4904.96,2.16,1.82,70.0,-0.408,19.48,20.79,04a59908o0436o
59909.934409,18.996,0.091,92,8,c,0,1.17,50.55051,-42.88467,1290.12,2662.81,2.92,2.74,-2.1,-0.369,19.7,22.1,03a59910o0383c
59909.960323,19.072,0.189,85,16,c,0,0.87,50.55051,-42.88467,1305.41,2706.51,2.71,2.54,-74.7,-0.389,19.16,21.4,03a59910o0438c
59909.963478,19.178,0.229,77,18,c,0,1.07,50.55051,-42.88467,1244.96,2626.95,2.65,2.49,-76.0,-0.385,18.85,21.02,03a59910o0445c
59912.158025,18.758,0.114,114,13,o,0,1.1,50.55051,-42.88467,961.92,4864.22,2.44,2.06,58.1,-0.389,19.4,20.83,04a59912o0328o
59912.190126,18.676,0.096,123,12,o,0,0.95,50.55051,-42.88467,978.45,4872.71,2.28,1.87,63.4,-0.4,19.53,21.0,04a59912o0397o
59912.192922,18.638,0.093,127,12,o,0,1.08,50.55051,-42.88467,918.12,4794.73,2.31,1.94,59.0,-0.398,19.53,20.99,04a59912o0403o
59912.198373,18.714,0.103,119,12,o,0,1.03,50.55051,-42.88467,895.95,4907.47,2.28,1.96,64.1,-0.387,19.56,20.98,04a59912o0415o
59913.887514,18.793,0.12,110,13,o,0,1.03,50.55051,-42.88467,8870.99,8967.84,2.58,2.06,-50.3,-0.416,19.31,20.45,03a59914o0278o
59913.890393,18.849,0.145,105,15,o,0,1.08,50.55051,-42.88467,8888.27,9008.47,2.59,2.07,-49.3,-0.418,19.31,20.43,03a59914o0284o
59913.921149,18.861,0.156,104,16,o,0,1.02,50.55051,-42.88467,8825.62,8932.43,2.77,2.27,-51.9,-0.398,19.25,20.43,03a59914o0350o
59913.927987,18.551,0.131,138,18,o,0,0.68,50.55051,-42.88467,8800.56,9047.16,2.64,2.14,-51.3,-0.411,19.33,20.48,03a59914o0365o
59914.812532,18.997,0.177,92,16,o,0,1.06,50.55051,-42.88467,1528.25,1527.6,2.56,2.26,-67.4,-0.395,19.09,20.01,03a59915o0112o
59914.814332,18.994,0.184,92,17,o,0,0.96,50.55051,-42.88467,1509.48,1487.02,2.53,2.25,-66.9,-0.4,19.08,20.06,03a59915o0116o
59914.817936,18.86,0.137,104,14,o,0,1.13,50.55051,-42.88467,1564.9,1567.88,2.64,2.32,-73.7,-0.39,19.11,20.17,03a59915o0124o
59914.834791,18.818,0.151,108,16,o,0,1.13,50.55051,-42.88467,1585.6,1451.2,2.6,2.38,-53.2,-0.385,19.11,20.18,03a59915o0160o
59915.917089,18.477,0.228,148,34,o,0,0.87,50.55051,-42.88467,8870.7,8976.15,3.11,2.31,-41.8,-0.46,18.61,19.79,03a59916o0338o
59915.920399,19.048,0.211,87,18,o,0,1.2,50.55051,-42.88467,8887.03,9016.32,2.92,2.23,-39.6,-0.427,19.15,20.17,03a59916o0345o
59915.925876,18.715,0.138,119,16,o,0,1.37,50.55051,-42.88467,8829.96,8934.4,2.82,2.2,-44.3,-0.407,19.17,20.12,03a59916o0357o
59915.936802,19.182,0.213,77,16,o,0,1.48,50.55051,-42.88467,8808.23,9050.74,2.89,2.32,-42.2,-0.417,19.09,20.13,03a59916o0380o
59916.161287,18.641,0.148,127,19,o,0,1.18,50.55051,-42.88467,2014.59,7241.21,2.37,1.86,-86.5,-0.386,18.95,19.73,04a59916o0325o
59916.166021,18.94,0.196,96,19,o,0,1.15,50.55051,-42.88467,2032.83,7274.69,2.33,1.85,-85.5,-0.386,18.95,19.71,04a59916o0335o
59916.200182,18.62,0.147,129,19,o,0,0.81,50.55051,-42.88467,1968.31,7171.63,2.33,1.82,-86.8,-0.381,19.0,19.75,04a59916o0407o
59916.227975,19.07,0.206,86,18,o,0,0.96,50.55051,-42.88467,1940.28,7272.43,2.25,1.74,-85.4,-0.4,19.04,19.8,04a59916o0466o
59917.915909,-20.058,122.333,-34,4212,o,0,1.47,50.55051,-42.88467,8860.97,8970.12,3.17,2.58,-43.5,-0.467,13.01,12.65,03a59918o0334o
59917.919072,14.429,1.221,6144,7504,o,0,1.18,50.55051,-42.88467,8878.17,9009.79,3.09,2.47,-48.2,-0.468,12.4,12.04,03a59918o0341o
59917.976096,18.537,0.362,140,50,o,0,0.97,50.55051,-42.88467,8824.48,8934.29,2.71,2.24,-43.1,-0.398,17.96,18.2,03a59918o0346o
59917.994704,18.442,0.176,152,27,o,0,1.01,50.55051,-42.88467,8799.42,9040.94,3.04,2.38,-42.7,-0.403,18.6,19.26,03a59918o0386o
59920.181436,18.548,0.172,138,24,o,0,1.14,50.55051,-42.88467,2007.48,7213.28,2.32,1.86,-87.1,-0.391,18.66,19.14,04a59920o0357o
59920.184601,19.089,0.252,84,21,o,0,1.48,50.55051,-42.88467,2025.65,7249.33,2.33,1.81,-83.9,-0.385,18.72,19.15,04a59920o0364o
59920.190905,19.057,0.267,86,23,o,0,0.77,50.55051,-42.88467,1965.84,7169.71,2.29,1.81,-85.1,-0.39,18.73,19.14,04a59920o0378o
59920.202719,19.517,0.406,57,23,o,0,1.46,50.55051,-42.88467,1943.07,7278.99,2.38,1.94,-77.5,-0.388,18.67,19.12,04a59920o0404o
59921.881716,18.745,0.203,115,23,o,0,1.21,50.55051,-42.88467,6660.85,4508.6,2.35,2.19,-37.7,-0.416,18.72,19.27,03a59922o0255o
59921.885341,19.268,0.325,71,23,o,0,1.07,50.55051,-42.88467,6678.61,4548.8,2.32,2.07,-53.7,-0.424,18.73,19.27,03a59922o0263o
59921.893529,18.762,0.171,114,19,o,0,1.39,50.55051,-42.88467,6620.31,4469.79,2.27,2.04,-56.2,-0.432,18.76,19.25,03a59922o0281o
59921.904067,20.148,0.855,32,27,o,0,0.78,50.55051,-42.88467,6593.91,4584.56,2.41,2.18,-57.4,-0.417,18.65,19.1,03a59922o0304o
59924.133971,19.282,0.232,70,16,o,0,1.44,50.55051,-42.88467,5835.57,517.18,2.36,2.22,-2.3,-0.416,19.04,20.09,04a59924o0258o
59924.137187,18.835,0.176,106,19,o,0,0.85,50.55051,-42.88467,5855.38,554.0,2.32,2.22,1.7,-0.414,19.02,20.05,04a59924o0265o
59924.143113,18.895,0.188,100,19,o,0,1.06,50.55051,-42.88467,5795.55,469.49,2.35,2.23,12.7,-0.406,19.0,19.98,04a59924o0278o
59924.178431,19.296,0.274,69,19,o,0,1.03,50.55051,-42.88467,5766.89,561.99,2.36,2.3,49.3,-0.403,18.89,19.84,04a59924o0355o
59928.142221,20.136,0.254,32,8,c,0,1.04,50.55051,-42.88467,5835.35,498.01,2.41,2.24,21.7,-0.391,19.77,21.9,04a59928o0270c
59928.145837,20.037,0.241,35,8,c,0,0.96,50.55051,-42.88467,5855.26,534.34,2.39,2.21,0.7,-0.385,19.76,21.88,04a59928o0278c
59928.151268,20.112,0.234,33,8,c,0,1.09,50.55051,-42.88467,5793.47,452.96,2.39,2.22,21.8,-0.39,19.77,21.89,04a59928o0290c
59928.16165,21.443,0.904,10,9,c,0,1.14,50.55051,-42.88467,5768.99,563.41,2.36,2.22,8.2,-0.39,19.8,21.87,04a59928o0313c
59932.122283,19.996,0.245,36,9,c,0,1.04,50.55051,-42.88467,1515.64,8807.88,3.07,2.27,-82.7,-0.345,19.71,22.0,04a59932o0225c
59932.125436,20.324,0.358,27,10,c,0,0.96,50.55051,-42.88467,1533.02,8842.99,3.03,2.3,-82.7,-0.349,19.7,21.99,04a59932o0232c
59932.131756,20.676,0.456,20,9,c,0,1.22,50.55051,-42.88467,1475.91,8761.38,3.03,2.33,-81.8,-0.342,19.72,22.01,04a59932o0246c
59932.142623,20.551,0.402,22,9,c,0,1.09,50.55051,-42.88467,1454.14,8870.69,3.14,2.36,-82.6,-0.339,19.7,21.98,04a59932o0270c
59933.880601,20.046,0.315,35,11,o,0,1.4,50.55051,-42.88467,6060.89,7022.61,2.58,2.22,-53.2,-0.407,19.52,21.13,03a59934o0229o
59933.884234,19.822,0.257,43,11,o,0,1.11,50.55051,-42.88467,6077.73,7051.63,2.57,2.24,-53.4,-0.407,19.52,21.09,03a59934o0237o
59933.889649,19.729,0.226,47,10,o,0,1.53,50.55051,-42.88467,6025.22,6958.01,2.6,2.26,-54.5,-0.408,19.48,21.12,03a59934o0249o
59933.901004,19.653,0.216,50,11,o,0,1.07,50.55051,-42.88467,6003.63,7041.83,2.62,2.21,-54.4,-0.405,19.52,21.18,03a59934o0274o
59936.132845,20.627,0.413,20,8,c,0,1.09,50.55051,-42.88467,1513.28,8789.38,2.93,2.32,-86.1,-0.34,19.77,21.99,04a59936o0243c
59936.136052,20.236,0.293,29,9,c,0,1.1,50.55051,-42.88467,1531.25,8824.07,3.03,2.26,-86.5,-0.343,19.77,22.0,04a59936o0250c
59936.142258,21.104,0.689,13,9,c,0,0.86,50.55051,-42.88467,1475.17,8745.05,2.85,2.11,-81.2,-0.364,19.76,21.9,04a59936o0263c
59936.152879,20.79,0.495,18,9,c,0,0.91,50.55051,-42.88467,1449.98,8853.49,3.01,2.24,-85.7,-0.348,19.73,21.98,04a59936o0286c
59937.877524,-19.148,1.72,-80,137,o,0,1.12,50.55051,-42.88467,3478.09,668.71,2.64,2.41,-76.4,-0.387,16.84,18.32,03a59938o0099o
59937.880712,-19.744,1.78,-46,82,o,0,1.24,50.55051,-42.88467,3497.33,697.75,2.56,2.26,-71.4,-0.388,16.97,18.39,03a59938o0106o
59937.886132,20.066,1.233,34,42,o,0,0.76,50.55051,-42.88467,3440.23,603.76,2.59,2.26,-73.4,-0.384,18.33,19.78,03a59938o0118o
59937.898378,19.554,0.384,55,21,o,0,1.12,50.55051,-42.88467,3421.93,687.11,2.54,2.23,-68.9,-0.389,18.76,20.24,03a59938o0145o
59940.100772,20.444,0.343,24,8,c,0,1.05,50.55051,-42.88467,7321.13,2474.81,2.57,2.15,-16.9,-0.38,19.66,21.83,04a59940o0171c
59940.103936,20.81,0.427,17,7,c,0,1.39,50.55051,-42.88467,7339.14,2512.46,2.51,2.17,-15.0,-0.383,19.67,21.84,04a59940o0178c
59940.109809,20.828,0.526,17,9,c,0,0.71,50.55051,-42.88467,7278.28,2429.83,2.4,2.03,-15.4,-0.396,19.75,21.86,04a59940o0191c
59940.119725,20.899,0.488,16,8,c,0,1.09,50.55051,-42.88467,7254.98,2538.49,2.45,2.09,-18.4,-0.39,19.73,21.93,04a59940o0213c
59941.858855,20.32,0.456,27,12,o,0,0.96,50.55051,-42.88467,3477.11,688.26,2.41,2.17,-75.5,-0.38,19.36,20.64,03a59942o0186o
59941.862485,20.545,0.518,22,11,o,0,1.67,50.55051,-42.88467,3494.73,717.71,2.46,2.16,-71.9,-0.389,19.4,20.69,03a59942o0194o
59941.869269,20.502,0.471,23,11,o,0,1.37,50.55051,-42.88467,3437.34,619.84,2.47,2.19,-73.4,-0.38,19.35,20.69,03a59942o0209o
59941.881039,21.224,0.944,12,11,o,0,1.23,50.55051,-42.88467,3416.25,704.44,2.41,2.17,-78.7,-0.386,19.37,20.7,03a59942o0235o
59944.106232,20.082,0.543,34,18,o,0,1.28,50.55051,-42.88467,7316.34,2461.84,2.7,2.45,-3.3,-0.394,18.86,20.07,04a59944o0181o
59944.109439,20.044,0.5,35,17,o,0,1.03,50.55051,-42.88467,7336.67,2497.14,2.6,2.24,-19.1,-0.395,18.91,20.07,04a59944o0188o
59944.114856,20.052,0.515,35,18,o,0,1.06,50.55051,-42.88467,7276.47,2415.12,2.51,2.17,-19.5,-0.393,18.95,20.07,04a59944o0200o
59944.125369,20.498,0.748,23,17,o,0,0.95,50.55051,-42.88467,7251.22,2524.98,2.46,2.12,-22.3,-0.385,18.97,20.06,04a59944o0222o
59945.848948,19.935,0.449,39,17,o,0,0.6,50.55051,-42.88467,4483.56,3126.41,2.21,1.9,-64.0,-0.422,19.14,19.98,03a59946o0163o
59945.852152,20.376,0.676,26,17,o,0,0.99,50.55051,-42.88467,4500.23,3156.4,2.22,1.92,-63.3,-0.419,19.15,19.95,03a59946o0170o
59945.857592,19.666,0.37,49,18,o,0,0.73,50.55051,-42.88467,4445.34,3063.24,2.22,1.91,-62.5,-0.423,19.13,19.98,03a59946o0182o
59948.08375,19.791,0.587,44,26,o,0,1.26,50.55051,-42.88467,9650.84,6891.83,2.77,2.32,-9.7,-0.419,18.73,19.5,04a59948o0132o
59948.086922,20.095,0.742,33,25,o,0,1.27,50.55051,-42.88467,9668.39,6929.65,2.8,2.22,-7.8,-0.429,18.75,19.51,04a59948o0139o
59948.092824,19.492,0.384,58,22,o,0,1.28,50.55051,-42.88467,9610.35,6845.4,2.72,2.3,-12.0,-0.416,18.72,19.48,04a59948o0152o
59948.1037,19.731,0.489,46,23,o,0,1.3,50.55051,-42.88467,9586.56,6954.44,2.6,2.25,-12.3,-0.42,18.82,19.49,04a59948o0176o
59949.842914,20.332,0.785,27,21,o,0,1.43,50.55051,-42.88467,4490.3,3120.49,2.59,2.3,-64.8,-0.419,18.79,19.55,03a59950o0033o
59949.846158,21.537,2.431,9,21,o,0,1.08,50.55051,-42.88467,4508.15,3146.85,2.62,2.24,-71.8,-0.422,18.77,19.53,03a59950o0040o
59949.85131,18.95,1.647,96,157,o,0,1.07,50.55051,-42.88467,4452.97,3054.68,2.8,2.42,-65.3,-0.403,16.46,16.53,03a59950o0051o
59952.122462,19.554,0.393,55,22,o,0,1.27,50.55051,-42.88467,9636.94,6862.17,2.57,2.24,-21.1,-0.44,18.76,19.47,04a59952o0215o
59952.125182,20.882,1.739,16,28,o,0,0.79,50.55051,-42.88467,9654.1,6900.59,2.67,2.3,-22.5,-0.427,18.72,19.45,04a59952o0221o
59952.149407,20.398,1.164,25,29,o,0,0.81,50.55051,-42.88467,9588.22,6811.59,2.55,2.02,-14.8,-0.455,18.71,19.34,04a59952o0274o
59952.168215,20.665,1.109,20,22,o,0,1.96,50.55051,-42.88467,9561.08,6922.98,2.54,2.22,-24.7,-0.425,18.6,19.22,04a59952o0315o
59953.832927,20.97,0.7,15,10,o,0,1.17,50.55051,-42.88467,4020.56,6579.59,2.37,2.08,-65.0,-0.396,19.4,20.63,03a59954o0116o
59953.836872,20.851,0.597,17,10,o,0,1.38,50.55051,-42.88467,4038.39,6609.46,2.46,2.08,-55.2,-0.393,19.38,20.53,03a59954o0124o
59953.843074,20.031,0.49,35,17,o,0,0.55,50.55051,-42.88467,3984.44,6513.34,2.6,2.19,-56.2,-0.373,19.25,20.42,03a59954o0137o
59953.853559,20.484,0.582,23,14,o,0,1.13,50.55051,-42.88467,3967.07,6599.9,2.43,2.09,-57.2,-0.391,19.25,20.28,03a59954o0160o
59956.076738,20.597,0.89,21,19,o,0,1.0,50.55051,-42.88467,10024.39,869.34,3.66,2.22,77.7,-0.471,19.02,20.84,04a59956o0114o
59956.07989,20.119,0.449,33,15,o,0,1.36,50.55051,-42.88467,10042.88,907.54,3.65,2.35,73.9,-0.428,19.08,20.86,04a59956o0121o
59956.086221,20.901,1.015,16,16,o,0,1.12,50.55051,-42.88467,9980.84,823.82,3.42,2.29,71.7,-0.452,19.16,20.92,04a59956o0135o
59956.095573,-23.92,18.5,-1,18,o,0,0.94,50.55051,-42.88467,9954.08,936.65,3.62,2.26,75.0,-0.44,19.07,20.89,04a59956o0155o
59957.82892,-21.256,4.0,-11,46,c,0,1.04,50.55051,-42.88467,4016.66,6567.74,2.48,2.13,-56.7,-0.377,17.9,19.83,03a59958o0122c
59957.832127,19.037,0.463,88,41,c,0,1.08,50.55051,-42.88467,4035.08,6598.41,2.46,2.12,-56.7,-0.374,18.05,20.04,03a59958o0129c
59960.078023,-20.61,0.654,-21,14,o,0,1.03,50.55051,-42.88467,10015.77,854.05,3.56,2.24,-30.1,-0.381,19.47,21.14,04a59960o0118o
59960.081177,19.495,0.292,58,17,o,0,0.79,50.55051,-42.88467,10034.6,892.24,3.58,2.26,-31.3,-0.38,19.44,21.1,04a59960o0125o
59960.087054,19.608,0.319,52,17,o,0,0.86,50.55051,-42.88467,9970.55,809.1,3.72,2.36,-32.6,-0.376,19.42,21.13,04a59960o0138o
59960.098381,21.884,2.138,6,14,o,0,1.24,50.55051,-42.88467,9945.41,919.96,3.66,2.29,-33.6,-0.372,19.42,21.17,04a59960o0162o
59961.910191,-26.039,66.0,0,9,c,0,1.37,50.55051,-42.88467,4031.49,4402.17,2.41,2.11,-49.3,-0.389,19.63,21.5,03a59962o0095c
59961.914268,21.832,1.553,7,10,c,0,0.96,50.55051,-42.88467,4055.76,4432.14,2.46,2.16,-46.8,-0.383,19.61,21.51,03a59962o0103c
59961.936177,20.273,0.408,28,12,c,0,0.81,50.55051,-42.88467,4039.13,4310.79,2.44,2.16,-48.7,-0.389,19.55,21.41,03a59962o0150c
59961.954511,21.338,1.028,11,11,c,0,0.83,50.55051,-42.88467,4051.43,4391.81,2.38,2.15,-55.2,-0.384,19.53,21.26,03a59962o0189c
59964.082076,20.744,0.653,18,12,o,0,1.07,50.55051,-42.88467,3914.84,7063.55,2.89,2.45,-80.9,-0.381,19.18,20.83,04a59964o0123o
59964.085269,20.266,0.52,28,15,o,0,1.14,50.55051,-42.88467,3931.97,7099.43,2.89,2.47,-85.0,-0.375,19.17,20.81,04a59964o0130o
59964.090712,21.353,1.116,10,12,o,0,1.27,50.55051,-42.88467,3873.33,7019.17,2.62,2.15,-80.7,-0.403,19.24,20.8,04a59964o0142o
59964.102023,22.545,3.52,4,12,o,0,0.91,50.55051,-42.88467,3849.51,7129.75,2.49,2.08,-81.6,-0.402,19.32,20.81,04a59964o0167o
59965.817475,20.82,0.46,17,8,c,0,1.45,50.55051,-42.88467,1331.77,8658.84,2.52,2.24,-43.6,-0.396,19.89,21.92,03a59966o0103c
59965.820692,21.851,1.061,7,7,c,0,1.41,50.55051,-42.88467,1349.32,8697.41,2.53,2.21,-40.9,-0.399,19.91,21.93,03a59966o0110c
59965.827081,21.019,0.529,14,8,c,0,1.3,50.55051,-42.88467,1294.82,8618.92,2.52,2.25,-45.0,-0.396,19.87,21.9,03a59966o0124c
59965.83752,20.551,0.353,22,8,c,0,1.23,50.55051,-42.88467,1273.98,8739.18,2.54,2.27,-40.0,-0.395,19.87,21.86,03a59966o0146c
59968.085481,20.463,0.447,24,11,o,0,1.36,50.55051,-42.88467,3915.35,7056.27,2.33,1.87,-82.6,-0.413,19.44,20.88,04a59968o0078o
59968.088211,20.439,0.477,24,12,o,0,1.29,50.55051,-42.88467,3931.96,7092.99,2.35,1.92,-80.7,-0.412,19.43,20.85,04a59968o0084o
59968.094229,21.287,1.189,11,13,o,0,0.86,50.55051,-42.88467,3873.55,7013.39,2.27,1.85,-82.6,-0.417,19.42,20.78,04a59968o0097o
59968.104477,21.332,1.169,11,12,o,0,0.98,50.55051,-42.88467,3850.79,7125.19,2.29,1.88,-82.2,-0.414,19.4,20.78,04a59968o0119o
59969.787791,20.292,0.438,28,12,c,0,0.73,50.55051,-42.88467,7277.12,2498.17,2.44,2.13,-56.1,-0.411,19.44,20.82,03a59970o0038c
59969.790603,-22.586,2.923,-3,10,c,0,1.39,50.55051,-42.88467,7294.29,2535.7,2.45,2.17,-58.5,-0.406,19.53,21.06,03a59970o0044c
59969.796041,-21.39,0.949,-10,10,c,0,0.72,50.55051,-42.88467,7235.5,2454.12,2.43,2.14,-58.2,-0.412,19.64,21.27,03a59970o0056c
59969.806775,20.882,0.605,16,10,c,0,1.03,50.55051,-42.88467,7213.15,2570.92,2.53,2.28,-54.7,-0.41,19.61,21.4,03a59970o0079c
59972.04663,20.449,0.53,24,13,o,0,1.41,50.55051,-42.88467,3808.22,576.84,2.07,2.05,-82.2,-0.439,19.17,20.29,04a59972o0062o
59972.050252,20.013,0.408,36,15,o,0,1.17,50.55051,-42.88467,3827.44,613.58,2.17,1.99,56.1,-0.411,19.22,20.41,04a59972o0070o
59972.056147,-25.05,37.667,0,13,o,0,0.94,50.55051,-42.88467,3765.66,531.61,2.07,1.99,76.0,-0.437,19.26,20.53,04a59972o0083o
59973.793736,20.404,0.571,25,14,o,0,1.09,50.55051,-42.88467,7281.54,2496.33,2.51,2.18,-57.3,-0.424,19.15,20.28,03a59974o0059o
59973.79736,21.33,1.367,11,15,o,0,0.92,50.55051,-42.88467,7298.68,2535.57,2.38,2.15,-53.8,-0.433,19.24,20.34,03a59974o0067o
59973.807154,21.729,2.02,7,15,o,0,1.05,50.55051,-42.88467,7241.64,2455.96,2.52,2.26,-54.0,-0.434,19.19,20.37,03a59974o0088o
59973.827463,21.265,1.508,11,17,o,0,0.95,50.55051,-42.88467,7217.36,2571.54,2.74,2.46,-59.9,-0.425,19.09,20.29,03a59974o0132o
59976.05139,19.836,0.574,42,24,o,0,0.9,50.55051,-42.88467,3806.18,563.71,2.35,2.23,56.6,-0.414,18.6,19.59,04a59976o0075o
59976.055021,22.862,8.667,3,22,o,0,1.59,50.55051,-42.88467,3825.88,601.51,2.38,2.25,-70.7,-0.424,18.59,19.44,04a59976o0083o
59976.061349,20.382,0.761,26,19,o,0,0.94,50.55051,-42.88467,3759.98,520.49,2.33,2.11,58.3,-0.398,18.84,19.8,04a59976o0097o
59976.072136,21.745,3.75,7,27,o,0,0.72,50.55051,-42.88467,3738.72,634.05,2.49,2.28,53.5,-0.397,18.73,19.7,04a59976o0120o
59977.77948,20.186,1.077,31,33,o,0,0.8,50.55051,-42.88467,9496.18,6974.39,2.64,1.97,-56.4,-0.375,18.42,18.51,03a59978o0033o
59977.782644,21.163,1.862,12,23,o,0,0.67,50.55051,-42.88467,9514.18,7013.74,2.61,1.98,-56.3,-0.39,18.73,19.09,03a59978o0040o
59977.789889,21.104,1.49,13,20,o,0,0.91,50.55051,-42.88467,9456.29,6931.62,2.57,1.97,-56.8,-0.383,19.03,19.73,03a59978o0056o
59977.805614,21.137,1.384,13,18,o,0,1.1,50.55051,-42.88467,9434.39,7044.24,2.69,2.16,-56.5,-0.38,19.04,19.87,03a59978o0090o
59980.029504,-20.319,1.528,-27,41,o,0,1.06,50.55051,-42.88467,4847.94,4545.18,2.89,2.71,-65.6,-0.391,18.0,18.53,04a59980o0033o
59980.032658,-22.191,6.923,-5,33,o,0,1.23,50.55051,-42.88467,4866.73,4581.73,2.62,2.42,-72.6,-0.43,18.31,18.98,04a59980o0040o
59980.039879,19.705,0.498,48,24,o,0,0.93,50.55051,-42.88467,4806.2,4500.53,2.52,2.24,-66.2,-0.428,18.53,19.34,04a59980o0056o
