# Combination of '2020uye' data from 'ATLAS', 'ZTF' (sourced from HSF)
filter, zp, z, ra, dec, mjd, mag, dmag, flux, dflux, source
c, 23.9, 0.05842350001828025, 24.3304499277, 4.80194699624, 59106.45632, nan, 1.520030686664, -5.0, 7.0, ATLAS
c, 23.9, 0.05842350001828025, 24.3304499277, 4.80194699624, 59106.459078, 21.95462187404089, 1.4476482730133333, 6.0, 8.0, ATLAS
c, 23.9, 0.05842350001828025, 24.3304499277, 4.80194699624, 59106.466449, 22.394850021680092, 1.6286043071400003, 4.0, 6.0, ATLAS
c, 23.9, 0.05842350001828025, 24.3304499277, 4.80194699624, 59106.476266, 21.202046884880936, 0.7238241365066667, 12.0, 8.0, ATLAS
c, 23.9, 0.05842350001828025, 24.3304499277, 4.80194699624, 59110.404138, nan, 1.7371779276160002, -5.0, 8.0, ATLAS
c, 23.9, 0.05842350001828025, 24.3304499277, 4.80194699624, 59110.431867, nan, 0.6979732744885715, -14.0, 9.0, ATLAS
c, 23.9, 0.05842350001828025, 24.3304499277, 4.80194699624, 59110.441691, nan, 0.7516635263723077, -13.0, 9.0, ATLAS
c, 23.9, 0.05842350001828025, 24.3304499277, 4.80194699624, 59110.443522, nan, 0.6681453567753847, -13.0, 8.0, ATLAS
c, 23.9, 0.05842350001828025, 24.3304499277, 4.80194699624, 59114.457054, nan, 0.9047801706333335, -12.0, 10.0, ATLAS
c, 23.9, 0.05842350001828025, 24.3304499277, 4.80194699624, 59114.480478, nan, 2.17147240952, -4.0, 8.0, ATLAS
c, 23.9, 0.05842350001828025, 24.3304499277, 4.80194699624, 59114.483686, nan, 0.45239008531666675, -24.0, 10.0, ATLAS
c, 23.9, 0.05842350001828025, 24.3304499277, 4.80194699624, 59114.488264, 20.647425010840045, 0.4885812921420001, 20.0, 9.0, ATLAS
c, 23.9, 0.05842350001828025, 24.3304499277, 4.80194699624, 59138.434852, 18.574165578762482, 0.16889229851822224, 135.0, 21.0, ATLAS
c, 23.9, 0.05842350001828025, 24.3304499277, 4.80194699624, 59138.440897, 18.889196565543394, 0.3117460389904951, 101.0, 29.0, ATLAS
c, 23.9, 0.05842350001828025, 24.3304499277, 4.80194699624, 59138.444563, 18.631975075880327, 0.135717025595, 128.0, 16.0, ATLAS
c, 23.9, 0.05842350001828025, 24.3304499277, 4.80194699624, 59138.454342, 18.489117860538904, 0.23796957912547947, 146.0, 32.0, ATLAS
c, 23.9, 0.05842350001828025, 24.3304499277, 4.80194699624, 59139.44449, 18.58223800408798, 0.06482007192597015, 134.0, 8.0, ATLAS
c, 23.9, 0.05842350001828025, 24.3304499277, 4.80194699624, 59139.447857, 18.566152729074453, 0.09580025336117648, 136.0, 12.0, ATLAS
c, 23.9, 0.05842350001828025, 24.3304499277, 4.80194699624, 59139.463691, 18.519279139042357, 0.07646029610985916, 142.0, 10.0, ATLAS
c, 23.9, 0.05842350001828025, 24.3304499277, 4.80194699624, 59139.482113, 18.623525724251877, 0.08416559726821705, 129.0, 10.0, ATLAS
c, 23.9, 0.05842350001828025, 24.3304499277, 4.80194699624, 59142.339225, 18.80643375514844, 0.10956970873724772, 109.0, 11.0, ATLAS
c, 23.9, 0.05842350001828025, 24.3304499277, 4.80194699624, 59142.344268, 18.889196565543394, 0.10749863413465348, 101.0, 10.0, ATLAS
c, 23.9, 0.05842350001828025, 24.3304499277, 4.80194699624, 59142.348495, 19.076452685714266, 0.14050703826305885, 85.0, 11.0, ATLAS
c, 23.9, 0.05842350001828025, 24.3304499277, 4.80194699624, 59142.383734, 19.128787452803373, 0.14744565743654323, 81.0, 11.0, ATLAS
c, 23.9, 0.05842350001828025, 24.3304499277, 4.80194699624, 59146.451799, 19.816328861051034, 0.2524967918046512, 43.0, 10.0, ATLAS
c, 23.9, 0.05842350001828025, 24.3304499277, 4.80194699624, 59146.455027, 19.14227503252014, 0.135717025595, 80.0, 10.0, ATLAS
c, 23.9, 0.05842350001828025, 24.3304499277, 4.80194699624, 59146.46236, 19.089301784845293, 0.10340344807238096, 84.0, 8.0, ATLAS
c, 23.9, 0.05842350001828025, 24.3304499277, 4.80194699624, 59146.476732, 19.226920700672558, 0.1467211087513514, 74.0, 10.0, ATLAS
c, 23.9, 0.05842350001828025, 24.3304499277, 4.80194699624, 59163.459232, 21.034679910804403, 0.7755258605428572, 14.0, 10.0, ATLAS
c, 23.9, 0.05842350001828025, 24.3304499277, 4.80194699624, 59163.464753, 20.889700043360186, 0.7464436407725, 16.0, 11.0, ATLAS
c, 23.9, 0.05842350001828025, 24.3304499277, 4.80194699624, 59163.479064, 19.894850021680092, 0.29857745630900007, 40.0, 11.0, ATLAS
c, 23.9, 0.05842350001828025, 24.3304499277, 4.80194699624, 59163.486898, 21.64227503252014, 1.492887281545, 8.0, 11.0, ATLAS
c, 23.9, 0.05842350001828025, 24.3304499277, 4.80194699624, 59163.495941, 20.405149978319905, 0.47772393009440006, 25.0, 11.0, ATLAS
c, 23.9, 0.05842350001828025, 24.3304499277, 4.80194699624, 59170.350486, 20.362566630072955, 0.41759084798461543, 26.0, 10.0, ATLAS
c, 23.9, 0.05842350001828025, 24.3304499277, 4.80194699624, 59170.353719, 21.4, 1.08573620476, 10.0, 10.0, ATLAS
c, 23.9, 0.05842350001828025, 24.3304499277, 4.80194699624, 59170.407596, 21.202046884880936, 0.8143021535700001, 12.0, 9.0, ATLAS
c, 23.9, 0.05842350001828025, 24.3304499277, 4.80194699624, 59170.420559, 22.394850021680092, 2.44290646071, 4.0, 9.0, ATLAS
o, 23.9, 0.05842350001828025, 24.3304499277, 4.80194699624, 59100.531174, nan, 1.492887281545, -8.0, 11.0, ATLAS
o, 23.9, 0.05842350001828025, 24.3304499277, 4.80194699624, 59100.534972, nan, 1.327010916928889, -9.0, 11.0, ATLAS
o, 23.9, 0.05842350001828025, 24.3304499277, 4.80194699624, 59100.570478, nan, 0.5066768955546668, -30.0, 14.0, ATLAS
o, 23.9, 0.05842350001828025, 24.3304499277, 4.80194699624, 59100.598805, 20.761818737241732, 0.8444614925911113, 18.0, 14.0, ATLAS
o, 23.9, 0.05842350001828025, 24.3304499277, 4.80194699624, 59102.497909, nan, 6.514417228560001, -2.0, 12.0, ATLAS
o, 23.9, 0.05842350001828025, 24.3304499277, 4.80194699624, 59102.499739, nan, 0.3392925639875, -32.0, 10.0, ATLAS
o, 23.9, 0.05842350001828025, 24.3304499277, 4.80194699624, 59102.502962, nan, 0.36191206825333333, -36.0, 12.0, ATLAS
o, 23.9, 0.05842350001828025, 24.3304499277, 4.80194699624, 59102.508907, nan, 1.4476482730133333, -9.0, 12.0, ATLAS
o, 23.9, 0.05842350001828025, 24.3304499277, 4.80194699624, 59104.44592, nan, 0.8143021535700001, -8.0, 6.0, ATLAS
o, 23.9, 0.05842350001828025, 24.3304499277, 4.80194699624, 59104.451485, 23.9, 8.68588963808, 1.0, 8.0, ATLAS
o, 23.9, 0.05842350001828025, 24.3304499277, 4.80194699624, 59104.454271, nan, 0.8685889638080001, -10.0, 8.0, ATLAS
o, 23.9, 0.05842350001828025, 24.3304499277, 4.80194699624, 59104.465363, 21.787254899964356, 1.2408413768685715, 7.0, 8.0, ATLAS
o, 23.9, 0.05842350001828025, 24.3304499277, 4.80194699624, 59108.442495, 20.889700043360186, 0.6107266151775, 16.0, 9.0, ATLAS
o, 23.9, 0.05842350001828025, 24.3304499277, 4.80194699624, 59108.447198, 21.296518287104437, 0.9870329134181819, 11.0, 10.0, ATLAS
o, 23.9, 0.05842350001828025, 24.3304499277, 4.80194699624, 59108.454635, 20.761818737241732, 0.54286810238, 18.0, 9.0, ATLAS
o, 23.9, 0.05842350001828025, 24.3304499277, 4.80194699624, 59108.459723, nan, 0.4885812921420001, -20.0, 9.0, ATLAS
o, 23.9, 0.05842350001828025, 24.3304499277, 4.80194699624, 59112.461379, nan, 1.6286043071400003, -6.0, 9.0, ATLAS
o, 23.9, 0.05842350001828025, 24.3304499277, 4.80194699624, 59112.464147, nan, 0.34743558552320003, -25.0, 8.0, ATLAS
o, 23.9, 0.05842350001828025, 24.3304499277, 4.80194699624, 59112.471532, nan, 0.6979732744885715, -14.0, 9.0, ATLAS
o, 23.9, 0.05842350001828025, 24.3304499277, 4.80194699624, 59112.477066, nan, 0.760015343332, -10.0, 7.0, ATLAS
o, 23.9, 0.05842350001828025, 24.3304499277, 4.80194699624, 59120.392438, 19.816328861051034, 0.3787451877069768, 43.0, 15.0, ATLAS
o, 23.9, 0.05842350001828025, 24.3304499277, 4.80194699624, 59120.395668, 20.10371515030528, 0.5593186509369698, 33.0, 17.0, ATLAS
o, 23.9, 0.05842350001828025, 24.3304499277, 4.80194699624, 59120.399352, 22.394850021680092, 3.8000767166600005, 4.0, 14.0, ATLAS
o, 23.9, 0.05842350001828025, 24.3304499277, 4.80194699624, 59120.417559, 20.761818737241732, 0.8444614925911113, 18.0, 14.0, ATLAS
o, 23.9, 0.05842350001828025, 24.3304499277, 4.80194699624, 59121.522798, 20.362566630072955, 0.8351816959692309, 26.0, 20.0, ATLAS
o, 23.9, 0.05842350001828025, 24.3304499277, 4.80194699624, 59121.529098, 20.10371515030528, 0.658021942278788, 33.0, 20.0, ATLAS
o, 23.9, 0.05842350001828025, 24.3304499277, 4.80194699624, 59121.532558, 20.889700043360186, 1.1535947175575, 16.0, 17.0, ATLAS
o, 23.9, 0.05842350001828025, 24.3304499277, 4.80194699624, 59121.56819, 20.07130270739436, 0.6706017735282354, 34.0, 21.0, ATLAS
o, 23.9, 0.05842350001828025, 24.3304499277, 4.80194699624, 59128.540002, 18.826540555786973, 0.1623530773472897, 107.0, 16.0, ATLAS
o, 23.9, 0.05842350001828025, 24.3304499277, 4.80194699624, 59128.543686, 18.826540555786973, 0.17250014468149533, 107.0, 17.0, ATLAS
o, 23.9, 0.05842350001828025, 24.3304499277, 4.80194699624, 59128.550215, 18.675237221401503, 0.15888822508682926, 123.0, 18.0, ATLAS
o, 23.9, 0.05842350001828025, 24.3304499277, 4.80194699624, 59128.563682, 18.64907363720609, 0.14648821810253967, 126.0, 17.0, ATLAS
o, 23.9, 0.05842350001828025, 24.3304499277, 4.80194699624, 59130.479446, 18.631975075880327, 0.11027008329593752, 128.0, 13.0, ATLAS
o, 23.9, 0.05842350001828025, 24.3304499277, 4.80194699624, 59130.48269, 18.58223800408798, 0.11343512587044777, 134.0, 14.0, ATLAS
o, 23.9, 0.05842350001828025, 24.3304499277, 4.80194699624, 59130.489596, 18.606821760860587, 0.12432093947633588, 131.0, 15.0, ATLAS
o, 23.9, 0.05842350001828025, 24.3304499277, 4.80194699624, 59130.500279, 18.657724967479858, 0.1302883445712, 125.0, 15.0, ATLAS
o, 23.9, 0.05842350001828025, 24.3304499277, 4.80194699624, 59132.417064, 18.640490697610105, 0.07694193577039371, 127.0, 9.0, ATLAS
o, 23.9, 0.05842350001828025, 24.3304499277, 4.80194699624, 59132.421556, 18.511659906337343, 0.07592560872447554, 143.0, 10.0, ATLAS
o, 23.9, 0.05842350001828025, 24.3304499277, 4.80194699624, 59132.43054, 18.640490697610105, 0.09404014371937008, 127.0, 11.0, ATLAS
o, 23.9, 0.05842350001828025, 24.3304499277, 4.80194699624, 59132.450215, 18.64907363720609, 0.1120204020784127, 126.0, 13.0, ATLAS
o, 23.9, 0.05842350001828025, 24.3304499277, 4.80194699624, 59134.549209, 18.720294981734686, 0.12881615988677966, 118.0, 14.0, ATLAS
o, 23.9, 0.05842350001828025, 24.3304499277, 4.80194699624, 59134.552867, 18.467034328969312, 0.08744184199409397, 149.0, 12.0, ATLAS
o, 23.9, 0.05842350001828025, 24.3304499277, 4.80194699624, 59134.56023, 18.615141619232908, 0.10857362047600001, 130.0, 13.0, ATLAS
o, 23.9, 0.05842350001828025, 24.3304499277, 4.80194699624, 59134.577261, 18.702046884880936, 0.1266692238886667, 120.0, 14.0, ATLAS
o, 23.9, 0.05842350001828025, 24.3304499277, 4.80194699624, 59136.439117, 18.675237221401503, 0.09709835977528457, 123.0, 11.0, ATLAS
o, 23.9, 0.05842350001828025, 24.3304499277, 4.80194699624, 59136.448879, 18.684100423313126, 0.10679372505836067, 122.0, 12.0, ATLAS
o, 23.9, 0.05842350001828025, 24.3304499277, 4.80194699624, 59136.452098, 18.729535345634595, 0.09279796621880343, 117.0, 10.0, ATLAS
o, 23.9, 0.05842350001828025, 24.3304499277, 4.80194699624, 59136.462748, 18.631975075880327, 0.0933054550965625, 128.0, 11.0, ATLAS
o, 23.9, 0.05842350001828025, 24.3304499277, 4.80194699624, 59140.441947, 18.836735336838075, 0.10242794384528303, 106.0, 10.0, ATLAS
o, 23.9, 0.05842350001828025, 24.3304499277, 4.80194699624, 59140.447073, 18.85741665175305, 0.10439771199615386, 104.0, 10.0, ATLAS
o, 23.9, 0.05842350001828025, 24.3304499277, 4.80194699624, 59140.449969, 18.776954943324544, 0.08724665931107144, 112.0, 9.0, ATLAS
o, 23.9, 0.05842350001828025, 24.3304499277, 4.80194699624, 59140.482233, 18.684100423313126, 0.07119581670557378, 122.0, 8.0, ATLAS
o, 23.9, 0.05842350001828025, 24.3304499277, 4.80194699624, 59144.333949, 18.99053043163611, 0.1534192463247826, 92.0, 13.0, ATLAS
o, 23.9, 0.05842350001828025, 24.3304499277, 4.80194699624, 59144.350131, 19.1697634932738, 0.2505545087907693, 78.0, 18.0, ATLAS
o, 23.9, 0.05842350001828025, 24.3304499277, 4.80194699624, 59144.353817, 19.631074559755156, 0.3406231230619608, 51.0, 16.0, ATLAS
o, 23.9, 0.05842350001828025, 24.3304499277, 4.80194699624, 59144.381989, 19.351140161145327, 0.1974065826836364, 66.0, 12.0, ATLAS
o, 23.9, 0.05842350001828025, 24.3304499277, 4.80194699624, 59147.455884, 20.03982988912431, 0.34123137863885716, 35.0, 11.0, ATLAS
o, 23.9, 0.05842350001828025, 24.3304499277, 4.80194699624, 59147.461825, 19.318727718234406, 0.19160050672235296, 68.0, 12.0, ATLAS
o, 23.9, 0.05842350001828025, 24.3304499277, 4.80194699624, 59147.466265, 19.79136830878453, 0.2961098740254546, 44.0, 12.0, ATLAS
o, 23.9, 0.05842350001828025, 24.3304499277, 4.80194699624, 59147.476796, 19.226920700672558, 0.1613932196264865, 74.0, 11.0, ATLAS
o, 23.9, 0.05842350001828025, 24.3304499277, 4.80194699624, 59148.306556, 19.038793319624578, 0.9623570905827273, 88.0, 78.0, ATLAS
o, 23.9, 0.05842350001828025, 24.3304499277, 4.80194699624, 59148.321703, 17.405762035186218, 0.7622087498062626, 396.0, 278.0, ATLAS
o, 23.9, 0.05842350001828025, 24.3304499277, 4.80194699624, 59155.500841, nan, 3.239696740009678, -62.0, 185.0, ATLAS
o, 23.9, 0.05842350001828025, 24.3304499277, 4.80194699624, 59155.50734, nan, 3.6520217796472734, -22.0, 74.0, ATLAS
o, 23.9, 0.05842350001828025, 24.3304499277, 4.80194699624, 59156.394325, 19.419020776254364, 0.3152137368658065, 62.0, 18.0, ATLAS
o, 23.9, 0.05842350001828025, 24.3304499277, 4.80194699624, 59156.400773, 19.334812993247933, 0.2430752697223881, 67.0, 15.0, ATLAS
o, 23.9, 0.05842350001828025, 24.3304499277, 4.80194699624, 59156.404457, 18.796518287104437, 0.17766592441527274, 110.0, 18.0, ATLAS
o, 23.9, 0.05842350001828025, 24.3304499277, 4.80194699624, 59156.40584, 19.256668758921826, 0.19603570363722223, 72.0, 13.0, ATLAS
o, 23.9, 0.05842350001828025, 24.3304499277, 4.80194699624, 59156.409094, 19.1697634932738, 0.1948757290594872, 78.0, 14.0, ATLAS
o, 23.9, 0.05842350001828025, 24.3304499277, 4.80194699624, 59156.415555, 19.30287727315686, 0.18882368778434783, 69.0, 12.0, ATLAS
o, 23.9, 0.05842350001828025, 24.3304499277, 4.80194699624, 59156.4174, 19.256668758921826, 0.2412747121688889, 72.0, 16.0, ATLAS
o, 23.9, 0.05842350001828025, 24.3304499277, 4.80194699624, 59156.425704, 19.115465369040706, 0.18536959593463417, 82.0, 14.0, ATLAS
o, 23.9, 0.05842350001828025, 24.3304499277, 4.80194699624, 59157.417296, 19.351140161145327, 0.2632087769115152, 66.0, 16.0, ATLAS
o, 23.9, 0.05842350001828025, 24.3304499277, 4.80194699624, 59157.419597, 19.894850021680092, 0.27143405119, 40.0, 10.0, ATLAS
o, 23.9, 0.05842350001828025, 24.3304499277, 4.80194699624, 59157.420524, 19.30287727315686, 0.2517649170457971, 69.0, 16.0, ATLAS
o, 23.9, 0.05842350001828025, 24.3304499277, 4.80194699624, 59157.422845, 19.226920700672558, 0.17606533050162165, 74.0, 12.0, ATLAS
o, 23.9, 0.05842350001828025, 24.3304499277, 4.80194699624, 59157.430366, 19.128787452803373, 0.20106226014074075, 81.0, 15.0, ATLAS
o, 23.9, 0.05842350001828025, 24.3304499277, 4.80194699624, 59157.431754, 19.155932271773896, 0.19240894767898736, 79.0, 14.0, ATLAS
o, 23.9, 0.05842350001828025, 24.3304499277, 4.80194699624, 59157.442435, 19.47286997089464, 0.2760346283288136, 59.0, 15.0, ATLAS
o, 23.9, 0.05842350001828025, 24.3304499277, 4.80194699624, 59157.45594, 19.65257498915995, 0.34743558552320003, 50.0, 16.0, ATLAS
o, 23.9, 0.05842350001828025, 24.3304499277, 4.80194699624, 59158.352829, 20.00924374808178, 0.45239008531666675, 36.0, 15.0, ATLAS
o, 23.9, 0.05842350001828025, 24.3304499277, 4.80194699624, 59158.354659, 19.183773187068795, 0.2115070528753247, 77.0, 15.0, ATLAS
o, 23.9, 0.05842350001828025, 24.3304499277, 4.80194699624, 59158.359831, 19.79136830878453, 0.32078569686090913, 44.0, 13.0, ATLAS
o, 23.9, 0.05842350001828025, 24.3304499277, 4.80194699624, 59158.365319, 19.65257498915995, 0.3040061373328001, 50.0, 14.0, ATLAS
o, 23.9, 0.05842350001828025, 24.3304499277, 4.80194699624, 59160.39878, 19.841876774005247, 0.28435948219904766, 42.0, 11.0, ATLAS
o, 23.9, 0.05842350001828025, 24.3304499277, 4.80194699624, 59160.408919, 19.569015600442576, 0.18095603412666666, 54.0, 9.0, ATLAS
o, 23.9, 0.05842350001828025, 24.3304499277, 4.80194699624, 59160.414033, 20.207196863200842, 0.4704856887293334, 30.0, 13.0, ATLAS
o, 23.9, 0.05842350001828025, 24.3304499277, 4.80194699624, 59160.416799, 20.10371515030528, 0.5593186509369698, 33.0, 17.0, ATLAS
o, 23.9, 0.05842350001828025, 24.3304499277, 4.80194699624, 59160.418657, 19.54909327626439, 0.21714724095200003, 55.0, 11.0, ATLAS
ZTF_g, 23.9, 0.05842350001828025, 24.3304499277, 4.80194699624, 59120.45679400023, 20.4927, 0.2621223517260382, 23.06322309318905, 5.568006527796784, ZTF
ZTF_g, 23.9, 0.05842350001828025, 24.3304499277, 4.80194699624, 59129.35707180016, 18.584667, 0.07487846601838291, 133.70055190562468, 9.220740902452759, ZTF
ZTF_g, 23.9, 0.05842350001828025, 24.3304499277, 4.80194699624, 59131.333784699906, 18.513062, 0.07622392385837724, 142.81545241971318, 10.02633431888387, ZTF
ZTF_g, 23.9, 0.05842350001828025, 24.3304499277, 4.80194699624, 59134.28751160018, 18.45357, 0.07156938823141641, 150.85926935491852, 9.944317569438168, ZTF
ZTF_g, 23.9, 0.05842350001828025, 24.3304499277, 4.80194699624, 59136.394791699946, 18.49292, 0.06181445759198566, 145.48961679776875, 8.283192278374733, ZTF
ZTF_g, 23.9, 0.05842350001828025, 24.3304499277, 4.80194699624, 59138.36229170021, 18.74261, 0.08183704406660283, 115.59951180654936, 8.713278879634986, ZTF
ZTF_g, 23.9, 0.05842350001828025, 24.3304499277, 4.80194699624, 59140.302511599846, 18.857443, 0.06999744450065593, 103.99747619686808, 6.704720296130947, ZTF
ZTF_g, 23.9, 0.05842350001828025, 24.3304499277, 4.80194699624, 59142.38567129988, 19.027264, 0.1026756407073606, 88.93944192064963, 8.410803787625722, ZTF
ZTF_g, 23.9, 0.05842350001828025, 24.3304499277, 4.80194699624, 59144.35953699984, 19.248152, 0.10621748943635809, 72.56700513996142, 7.099224533629519, ZTF
ZTF_g, 23.9, 0.05842350001828025, 24.3304499277, 4.80194699624, 59146.370243099984, 19.3766, 0.43203643588673724, 64.47034585263947, 25.654056961945578, ZTF
ZTF_r, 23.9, 0.05842350001828025, 24.3304499277, 4.80194699624, 59121.44784720009, 19.904121, 0.22537096393658357, 39.65989864628402, 8.232376841035714, ZTF
ZTF_r, 23.9, 0.05842350001828025, 24.3304499277, 4.80194699624, 59127.38571760012, 18.578007, 0.14746571454547494, 134.5232032089247, 18.271068236630523, ZTF
ZTF_r, 23.9, 0.05842350001828025, 24.3304499277, 4.80194699624, 59129.2678704001, 18.47878, 0.050951645517474296, 147.39678131753672, 6.917065599528298, ZTF
ZTF_r, 23.9, 0.05842350001828025, 24.3304499277, 4.80194699624, 59131.42302080011, 18.339458, 0.0640869910268462, 167.57792169943164, 9.891504692544512, ZTF
ZTF_r, 23.9, 0.05842350001828025, 24.3304499277, 4.80194699624, 59134.3303704001, 18.328407, 0.06470441127354631, 169.2922979179054, 10.088968592831653, ZTF
ZTF_r, 23.9, 0.05842350001828025, 24.3304499277, 4.80194699624, 59136.33115739981, 18.38416, 0.05010992866972869, 160.81849740402174, 7.4222480546919005, ZTF
ZTF_r, 23.9, 0.05842350001828025, 24.3304499277, 4.80194699624, 59138.31965279998, 18.380148, 0.043660197587628666, 161.41385137056974, 6.490859025721637, ZTF
ZTF_r, 23.9, 0.05842350001828025, 24.3304499277, 4.80194699624, 59140.26384259993, 18.506489, 0.05401743760905261, 143.68267339901442, 7.148485803279242, ZTF
ZTF_r, 23.9, 0.05842350001828025, 24.3304499277, 4.80194699624, 59144.23738430021, 18.873753, 0.0641093568207989, 102.44689495941509, 6.049171534800063, ZTF
ZTF_r, 23.9, 0.05842350001828025, 24.3304499277, 4.80194699624, 59150.27598380018, 18.891626, 0.15039161327347123, 100.77425588139232, 13.958826142107238, ZTF
ZTF_r, 23.9, 0.05842350001828025, 24.3304499277, 4.80194699624, 59156.27826389996, 19.119, 0.0865658331943411, 81.73348179780704, 6.516616946807687, ZTF
ZTF_r, 23.9, 0.05842350001828025, 24.3304499277, 4.80194699624, 59158.21442130022, 19.331017, 0.12776668808026187, 67.23465798324604, 7.912004349737389, ZTF
ZTF_r, 23.9, 0.05842350001828025, 24.3304499277, 4.80194699624, 59164.28092590021, 19.874683, 0.1958883513765173, 40.74992370887217, 7.352094679217524, ZTF
ZTF_r, 23.9, 0.05842350001828025, 24.3304499277, 4.80194699624, 59166.2905323999, 19.8475, 0.13056047153899522, 41.783036664662134, 5.024436824850359, ZTF
ZTF_r, 23.9, 0.05842350001828025, 24.3304499277, 4.80194699624, 59168.28825230012, 19.95147, 0.20562154137962418, 37.96749985851875, 7.190453637829086, ZTF
