# Combination of '2022vnj' data from 'ATLAS', 'ZTF' (sourced from HSF)
filter, zp, z, ra, dec, mjd, mag, dmag, flux, dflux, source
c, 23.9, 0.04075486115131022, 0.31943735, 36.969959375, 59822.442029, nan, 1.2408413768685715, -7.0, 8.0, ATLAS
c, 23.9, 0.04075486115131022, 0.31943735, 36.969959375, 59822.458614, 21.296518287104437, 0.7896263307345456, 11.0, 8.0, ATLAS
c, 23.9, 0.04075486115131022, 0.31943735, 36.969959375, 59822.461777, 22.394850021680092, 2.7143405119, 4.0, 10.0, ATLAS
c, 23.9, 0.04075486115131022, 0.31943735, 36.969959375, 59822.462681, nan, 1.08573620476, -9.0, 9.0, ATLAS
c, 23.9, 0.04075486115131022, 0.31943735, 36.969959375, 59822.464489, 23.147425010840045, 4.34294481904, 2.0, 8.0, ATLAS
c, 23.9, 0.04075486115131022, 0.31943735, 36.969959375, 59822.46494, 20.889700043360186, 0.6107266151775, 16.0, 9.0, ATLAS
c, 23.9, 0.04075486115131022, 0.31943735, 36.969959375, 59822.467651, nan, 3.619120682533334, -3.0, 10.0, ATLAS
c, 23.9, 0.04075486115131022, 0.31943735, 36.969959375, 59822.480031, nan, 0.651441722856, -15.0, 9.0, ATLAS
c, 23.9, 0.04075486115131022, 0.31943735, 36.969959375, 59843.443146, 20.5944517631652, 0.46531551632571433, 21.0, 9.0, ATLAS
c, 23.9, 0.04075486115131022, 0.31943735, 36.969959375, 59843.445916, 20.10371515030528, 0.329010971139394, 33.0, 10.0, ATLAS
c, 23.9, 0.04075486115131022, 0.31943735, 36.969959375, 59843.456161, 20.28210492164445, 0.34898663724428575, 28.0, 9.0, ATLAS
c, 23.9, 0.04075486115131022, 0.31943735, 36.969959375, 59843.469743, 20.32159058960253, 0.32169961622518517, 27.0, 8.0, ATLAS
c, 23.9, 0.04075486115131022, 0.31943735, 36.969959375, 59844.410966, 20.07130270739436, 0.2554673422964706, 34.0, 8.0, ATLAS
c, 23.9, 0.04075486115131022, 0.31943735, 36.969959375, 59844.413741, 20.07130270739436, 0.2554673422964706, 34.0, 8.0, ATLAS
c, 23.9, 0.04075486115131022, 0.31943735, 36.969959375, 59844.427806, 20.207196863200842, 0.2533384477773334, 30.0, 7.0, ATLAS
c, 23.9, 0.04075486115131022, 0.31943735, 36.969959375, 59847.434187, 18.66644578709441, 0.0875593713516129, 124.0, 10.0, ATLAS
c, 23.9, 0.04075486115131022, 0.31943735, 36.969959375, 59847.460629, 18.631975075880327, 0.084823140996875, 128.0, 10.0, ATLAS
c, 23.9, 0.04075486115131022, 0.31943735, 36.969959375, 59848.526257, 18.323877696554312, 0.06386683557411765, 170.0, 10.0, ATLAS
c, 23.9, 0.04075486115131022, 0.31943735, 36.969959375, 59848.531467, 18.273949994227763, 0.05489677439797753, 178.0, 9.0, ATLAS
c, 23.9, 0.04075486115131022, 0.31943735, 36.969959375, 59848.566178, 18.33672679568534, 0.07755258605428572, 168.0, 12.0, ATLAS
c, 23.9, 0.04075486115131022, 0.31943735, 36.969959375, 59851.420373, 17.78988801020481, 0.03905525916402878, 278.0, 10.0, ATLAS
c, 23.9, 0.04075486115131022, 0.31943735, 36.969959375, 59851.432323, 17.770533911189272, 0.03836523691731449, 283.0, 10.0, ATLAS
c, 23.9, 0.04075486115131022, 0.31943735, 36.969959375, 59851.436035, 17.73654287137895, 0.037182746738356164, 292.0, 10.0, ATLAS
c, 23.9, 0.04075486115131022, 0.31943735, 36.969959375, 59852.406853, 17.668099027432906, 0.03491113198585209, 311.0, 10.0, ATLAS
c, 23.9, 0.04075486115131022, 0.31943735, 36.969959375, 59852.410614, 17.661139156133878, 0.03121925189405751, 313.0, 9.0, ATLAS
c, 23.9, 0.04075486115131022, 0.31943735, 36.969959375, 59852.417417, 17.664613514953892, 0.03479923733205128, 312.0, 10.0, ATLAS
c, 23.9, 0.04075486115131022, 0.31943735, 36.969959375, 59870.259322, 17.927084789088667, 0.062042068843428576, 245.0, 14.0, ATLAS
c, 23.9, 0.04075486115131022, 0.31943735, 36.969959375, 59870.262492, 17.918257616850834, 0.06153970391352227, 247.0, 14.0, ATLAS
c, 23.9, 0.04075486115131022, 0.31943735, 36.969959375, 59870.265659, 17.98628003777275, 0.05615876921172414, 232.0, 12.0, ATLAS
c, 23.9, 0.04075486115131022, 0.31943735, 36.969959375, 59870.271084, 17.981610197434954, 0.060577556488755374, 233.0, 13.0, ATLAS
c, 23.9, 0.04075486115131022, 0.31943735, 36.969959375, 59871.391085, 18.039019315787222, 0.05404116856271493, 221.0, 11.0, ATLAS
c, 23.9, 0.04075486115131022, 0.31943735, 36.969959375, 59871.394254, 17.98628003777275, 0.046798974343103455, 232.0, 10.0, ATLAS
c, 23.9, 0.04075486115131022, 0.31943735, 36.969959375, 59871.400136, 18.043943297944484, 0.0493516456709091, 220.0, 10.0, ATLAS
c, 23.9, 0.04075486115131022, 0.31943735, 36.969959375, 59871.412437, 17.976960356474642, 0.05103888142034189, 234.0, 11.0, ATLAS
c, 23.9, 0.04075486115131022, 0.31943735, 36.969959375, 59875.470463, 18.362890379880753, 0.07282376983146342, 164.0, 11.0, ATLAS
c, 23.9, 0.04075486115131022, 0.31943735, 36.969959375, 59875.483583, 18.19741658188068, 0.06252931022178011, 191.0, 11.0, ATLAS
c, 23.9, 0.04075486115131022, 0.31943735, 36.969959375, 59875.487568, 18.203115997617928, 0.06857281293221054, 190.0, 12.0, ATLAS
c, 23.9, 0.04075486115131022, 0.31943735, 36.969959375, 59875.49294, 18.317509724019615, 0.0761920143691228, 171.0, 12.0, ATLAS
c, 23.9, 0.04075486115131022, 0.31943735, 36.969959375, 59881.339853, 18.511659906337343, 0.1594437783213986, 143.0, 21.0, ATLAS
c, 23.9, 0.04075486115131022, 0.31943735, 36.969959375, 59881.351744, 18.64907363720609, 0.09478649406634922, 126.0, 11.0, ATLAS
c, 23.9, 0.04075486115131022, 0.31943735, 36.969959375, 59881.355361, 18.66644578709441, 0.0875593713516129, 124.0, 10.0, ATLAS
c, 23.9, 0.04075486115131022, 0.31943735, 36.969959375, 59881.360834, 18.66644578709441, 0.0963153084867742, 124.0, 11.0, ATLAS
c, 23.9, 0.04075486115131022, 0.31943735, 36.969959375, 59882.390975, 18.86790693823707, 0.10541128201553399, 103.0, 10.0, ATLAS
c, 23.9, 0.04075486115131022, 0.31943735, 36.969959375, 59882.393795, 18.80643375514844, 0.10956970873724772, 109.0, 11.0, ATLAS
c, 23.9, 0.04075486115131022, 0.31943735, 36.969959375, 59882.404251, 18.9, 0.15200306866640004, 100.0, 14.0, ATLAS
c, 23.9, 0.04075486115131022, 0.31943735, 36.969959375, 59882.43451, 18.826540555786973, 0.11161774067626169, 107.0, 11.0, ATLAS
c, 23.9, 0.04075486115131022, 0.31943735, 36.969959375, 59883.374318, 19.014393726401686, 0.1327010916928889, 90.0, 11.0, ATLAS
c, 23.9, 0.04075486115131022, 0.31943735, 36.969959375, 59883.377487, 18.75773787165882, 0.11428802155368421, 114.0, 12.0, ATLAS
c, 23.9, 0.04075486115131022, 0.31943735, 36.969959375, 59883.385204, 18.80643375514844, 0.10956970873724772, 109.0, 11.0, ATLAS
c, 23.9, 0.04075486115131022, 0.31943735, 36.969959375, 59883.4029, 18.85741665175305, 0.11483748319576924, 104.0, 11.0, ATLAS
c, 23.9, 0.04075486115131022, 0.31943735, 36.969959375, 59899.316778, 19.589310325998028, 0.16388471015245284, 53.0, 8.0, ATLAS
c, 23.9, 0.04075486115131022, 0.31943735, 36.969959375, 59899.328816, 19.743105420796063, 0.18882368778434783, 46.0, 8.0, ATLAS
c, 23.9, 0.04075486115131022, 0.31943735, 36.969959375, 59899.33206, 19.894850021680092, 0.21714724095200003, 40.0, 8.0, ATLAS
c, 23.9, 0.04075486115131022, 0.31943735, 36.969959375, 59899.338271, 19.92233848243375, 0.1948757290594872, 39.0, 7.0, ATLAS
c, 23.9, 0.04075486115131022, 0.31943735, 36.969959375, 59900.342381, 20.03982988912431, 0.27918930979542855, 35.0, 9.0, ATLAS
c, 23.9, 0.04075486115131022, 0.31943735, 36.969959375, 59900.345155, 19.79136830878453, 0.22208240551909095, 44.0, 9.0, ATLAS
c, 23.9, 0.04075486115131022, 0.31943735, 36.969959375, 59900.361554, 19.569015600442576, 0.20106226014074075, 54.0, 10.0, ATLAS
c, 23.9, 0.04075486115131022, 0.31943735, 36.969959375, 59900.36671, 19.97949568983251, 0.23475377400216219, 37.0, 8.0, ATLAS
c, 23.9, 0.04075486115131022, 0.31943735, 36.969959375, 59901.292088, 19.894850021680092, 0.21714724095200003, 40.0, 8.0, ATLAS
c, 23.9, 0.04075486115131022, 0.31943735, 36.969959375, 59901.294928, 20.07130270739436, 0.2554673422964706, 34.0, 8.0, ATLAS
c, 23.9, 0.04075486115131022, 0.31943735, 36.969959375, 59901.301473, 19.743105420796063, 0.18882368778434783, 46.0, 8.0, ATLAS
c, 23.9, 0.04075486115131022, 0.31943735, 36.969959375, 59901.311696, 19.950541008457975, 0.22857604310736843, 38.0, 8.0, ATLAS
o, 23.9, 0.04075486115131022, 0.31943735, 36.969959375, 59823.494789, 22.15257498915995, 2.8229141323760003, 5.0, 13.0, ATLAS
o, 23.9, 0.04075486115131022, 0.31943735, 36.969959375, 59823.498004, nan, 1.7643213327350002, -8.0, 13.0, ATLAS
o, 23.9, 0.04075486115131022, 0.31943735, 36.969959375, 59823.500512, 21.296518287104437, 1.3818460787854547, 11.0, 14.0, ATLAS
o, 23.9, 0.04075486115131022, 0.31943735, 36.969959375, 59823.53324, nan, 0.8821606663675001, -16.0, 13.0, ATLAS
o, 23.9, 0.04075486115131022, 0.31943735, 36.969959375, 59823.538925, 20.362566630072955, 0.5011090175815386, 26.0, 12.0, ATLAS
o, 23.9, 0.04075486115131022, 0.31943735, 36.969959375, 59824.495299, 23.9, 13.028834457120002, 1.0, 12.0, ATLAS
o, 23.9, 0.04075486115131022, 0.31943735, 36.969959375, 59824.501784, nan, 15.200306866640002, -1.0, 14.0, ATLAS
o, 23.9, 0.04075486115131022, 0.31943735, 36.969959375, 59824.504772, nan, 0.4704856887293334, -30.0, 13.0, ATLAS
o, 23.9, 0.04075486115131022, 0.31943735, 36.969959375, 59824.539575, 21.514393726401686, 1.5682856290977778, 9.0, 13.0, ATLAS
o, 23.9, 0.04075486115131022, 0.31943735, 36.969959375, 59827.47204, 20.889700043360186, 0.9500191791650001, 16.0, 14.0, ATLAS
o, 23.9, 0.04075486115131022, 0.31943735, 36.969959375, 59827.474846, 20.647425010840045, 0.5971549126180001, 20.0, 11.0, ATLAS
o, 23.9, 0.04075486115131022, 0.31943735, 36.969959375, 59827.481166, 21.115141619232908, 1.0022180351630772, 13.0, 12.0, ATLAS
o, 23.9, 0.04075486115131022, 0.31943735, 36.969959375, 59827.510236, nan, 2.3524284436466667, -6.0, 13.0, ATLAS
o, 23.9, 0.04075486115131022, 0.31943735, 36.969959375, 59828.470207, 20.137125054200233, 0.8482314099687501, 32.0, 25.0, ATLAS
o, 23.9, 0.04075486115131022, 0.31943735, 36.969959375, 59828.473146, 20.171595765414317, 0.6654512222722582, 31.0, 19.0, ATLAS
o, 23.9, 0.04075486115131022, 0.31943735, 36.969959375, 59828.500428, 21.4, 1.9543251685680003, 10.0, 18.0, ATLAS
o, 23.9, 0.04075486115131022, 0.31943735, 36.969959375, 59828.528626, 22.394850021680092, 3.8000767166600005, 4.0, 14.0, ATLAS
o, 23.9, 0.04075486115131022, 0.31943735, 36.969959375, 59829.41568, nan, 1.8819427549173335, -15.0, 26.0, ATLAS
o, 23.9, 0.04075486115131022, 0.31943735, 36.969959375, 59829.417501, 20.703115997617928, 1.6571763125284213, 19.0, 29.0, ATLAS
o, 23.9, 0.04075486115131022, 0.31943735, 36.969959375, 59829.42078, nan, 1.3442448249409527, -21.0, 26.0, ATLAS
o, 23.9, 0.04075486115131022, 0.31943735, 36.969959375, 59829.427607, 21.514393726401686, 3.377845970364445, 9.0, 28.0, ATLAS
o, 23.9, 0.04075486115131022, 0.31943735, 36.969959375, 59831.433474, 20.362566630072955, 0.8351816959692309, 26.0, 20.0, ATLAS
o, 23.9, 0.04075486115131022, 0.31943735, 36.969959375, 59831.437243, 20.00924374808178, 0.6333461194433334, 36.0, 21.0, ATLAS
o, 23.9, 0.04075486115131022, 0.31943735, 36.969959375, 59831.442928, 19.841876774005247, 0.6204206884342858, 42.0, 24.0, ATLAS
o, 23.9, 0.04075486115131022, 0.31943735, 36.969959375, 59831.448111, nan, 1.9000383583300002, -12.0, 21.0, ATLAS
o, 23.9, 0.04075486115131022, 0.31943735, 36.969959375, 59832.482709, nan, 1.1460548828022223, -18.0, 19.0, ATLAS
o, 23.9, 0.04075486115131022, 0.31943735, 36.969959375, 59832.48594, 21.296518287104437, 2.467582283545455, 11.0, 25.0, ATLAS
o, 23.9, 0.04075486115131022, 0.31943735, 36.969959375, 59832.491946, nan, 1.9740658268363638, -11.0, 20.0, ATLAS
o, 23.9, 0.04075486115131022, 0.31943735, 36.969959375, 59832.503767, 21.64227503252014, 2.7143405119, 8.0, 20.0, ATLAS
o, 23.9, 0.04075486115131022, 0.31943735, 36.969959375, 59833.470452, nan, 1.7766592441527276, -11.0, 18.0, ATLAS
o, 23.9, 0.04075486115131022, 0.31943735, 36.969959375, 59833.474608, nan, 0.5868844350054055, -37.0, 20.0, ATLAS
o, 23.9, 0.04075486115131022, 0.31943735, 36.969959375, 59833.481065, nan, 0.875593713516129, -31.0, 25.0, ATLAS
o, 23.9, 0.04075486115131022, 0.31943735, 36.969959375, 59833.489974, 19.06375387189108, 1.3887323549255817, 86.0, 110.0, ATLAS
o, 23.9, 0.04075486115131022, 0.31943735, 36.969959375, 59833.491058, nan, 0.7640365885348149, -27.0, 19.0, ATLAS
o, 23.9, 0.04075486115131022, 0.31943735, 36.969959375, 59833.493177, 18.142009856448777, 0.5509706113707463, 201.0, 102.0, ATLAS
o, 23.9, 0.04075486115131022, 0.31943735, 36.969959375, 59834.578979, nan, 0.4389146359668085, -141.0, 57.0, ATLAS
o, 23.9, 0.04075486115131022, 0.31943735, 36.969959375, 59835.487483, nan, 1.9543251685680003, -10.0, 18.0, ATLAS
o, 23.9, 0.04075486115131022, 0.31943735, 36.969959375, 59835.490717, 21.4, 1.6286043071400003, 10.0, 15.0, ATLAS
o, 23.9, 0.04075486115131022, 0.31943735, 36.969959375, 59835.503982, nan, 9.22875774046, -2.0, 17.0, ATLAS
o, 23.9, 0.04075486115131022, 0.31943735, 36.969959375, 59835.509524, 21.514393726401686, 2.412747121688889, 9.0, 20.0, ATLAS
o, 23.9, 0.04075486115131022, 0.31943735, 36.969959375, 59836.462471, 20.449471895720983, 0.5881071109116667, 24.0, 13.0, ATLAS
o, 23.9, 0.04075486115131022, 0.31943735, 36.969959375, 59836.465703, nan, 1.7643213327350002, -8.0, 13.0, ATLAS
o, 23.9, 0.04075486115131022, 0.31943735, 36.969959375, 59836.481123, 21.64227503252014, 2.17147240952, 8.0, 16.0, ATLAS
o, 23.9, 0.04075486115131022, 0.31943735, 36.969959375, 59836.494727, nan, 1.9301976973511112, -9.0, 16.0, ATLAS
o, 23.9, 0.04075486115131022, 0.31943735, 36.969959375, 59837.488814, nan, 2.5333844777733336, -6.0, 14.0, ATLAS
o, 23.9, 0.04075486115131022, 0.31943735, 36.969959375, 59837.491754, 21.4, 1.302883445712, 10.0, 12.0, ATLAS
o, 23.9, 0.04075486115131022, 0.31943735, 36.969959375, 59837.497432, nan, 0.9047801706333335, -18.0, 15.0, ATLAS
o, 23.9, 0.04075486115131022, 0.31943735, 36.969959375, 59837.516904, nan, 1.5033270527446154, -13.0, 18.0, ATLAS
o, 23.9, 0.04075486115131022, 0.31943735, 36.969959375, 59837.541675, nan, 0.4544942252483722, -43.0, 18.0, ATLAS
o, 23.9, 0.04075486115131022, 0.31943735, 36.969959375, 59837.544856, 21.034679910804403, 1.7061568931942859, 14.0, 22.0, ATLAS
o, 23.9, 0.04075486115131022, 0.31943735, 36.969959375, 59837.553845, 21.4, 2.17147240952, 10.0, 20.0, ATLAS
o, 23.9, 0.04075486115131022, 0.31943735, 36.969959375, 59837.567782, 20.761818737241732, 1.08573620476, 18.0, 18.0, ATLAS
o, 23.9, 0.04075486115131022, 0.31943735, 36.969959375, 59838.455265, nan, 0.7238241365066667, -21.0, 14.0, ATLAS
o, 23.9, 0.04075486115131022, 0.31943735, 36.969959375, 59838.462233, nan, 0.5603799766503226, -31.0, 16.0, ATLAS
o, 23.9, 0.04075486115131022, 0.31943735, 36.969959375, 59838.472006, 21.95462187404089, 2.8952965460266666, 6.0, 16.0, ATLAS
o, 23.9, 0.04075486115131022, 0.31943735, 36.969959375, 59838.477601, 21.296518287104437, 1.5792526614690912, 11.0, 16.0, ATLAS
o, 23.9, 0.04075486115131022, 0.31943735, 36.969959375, 59839.474342, 21.64227503252014, 1.221453230355, 8.0, 9.0, ATLAS
o, 23.9, 0.04075486115131022, 0.31943735, 36.969959375, 59839.481341, 20.405149978319905, 0.47772393009440006, 25.0, 11.0, ATLAS
o, 23.9, 0.04075486115131022, 0.31943735, 36.969959375, 59839.505293, nan, 3.619120682533334, -3.0, 10.0, ATLAS
o, 23.9, 0.04075486115131022, 0.31943735, 36.969959375, 59839.50862, nan, 11.94309825236, -1.0, 11.0, ATLAS
o, 23.9, 0.04075486115131022, 0.31943735, 36.969959375, 59840.421544, 21.202046884880936, 0.9047801706333335, 12.0, 10.0, ATLAS
o, 23.9, 0.04075486115131022, 0.31943735, 36.969959375, 59840.424327, 21.202046884880936, 0.8143021535700001, 12.0, 9.0, ATLAS
o, 23.9, 0.04075486115131022, 0.31943735, 36.969959375, 59840.427099, nan, 2.7143405119, -4.0, 10.0, ATLAS
o, 23.9, 0.04075486115131022, 0.31943735, 36.969959375, 59840.432174, 21.4, 1.1943098252360003, 10.0, 11.0, ATLAS
o, 23.9, 0.04075486115131022, 0.31943735, 36.969959375, 59841.451417, nan, 1.4476482730133333, -9.0, 12.0, ATLAS
o, 23.9, 0.04075486115131022, 0.31943735, 36.969959375, 59841.454581, 20.543943297944484, 0.6415713937218183, 22.0, 13.0, ATLAS
o, 23.9, 0.04075486115131022, 0.31943735, 36.969959375, 59841.462978, 22.15257498915995, 2.605766891424, 5.0, 12.0, ATLAS
o, 23.9, 0.04075486115131022, 0.31943735, 36.969959375, 59841.473374, 20.5944517631652, 0.6204206884342858, 21.0, 12.0, ATLAS
o, 23.9, 0.04075486115131022, 0.31943735, 36.969959375, 59842.437223, 21.95462187404089, 2.5333844777733336, 6.0, 14.0, ATLAS
o, 23.9, 0.04075486115131022, 0.31943735, 36.969959375, 59842.440389, 21.787254899964356, 2.17147240952, 7.0, 14.0, ATLAS
o, 23.9, 0.04075486115131022, 0.31943735, 36.969959375, 59842.445818, nan, 16.2860430714, -1.0, 15.0, ATLAS
o, 23.9, 0.04075486115131022, 0.31943735, 36.969959375, 59842.448987, 22.15257498915995, 3.2572086142800005, 5.0, 15.0, ATLAS
o, 23.9, 0.04075486115131022, 0.31943735, 36.969959375, 59842.452324, 22.707196863200842, 5.4286810238, 3.0, 15.0, ATLAS
o, 23.9, 0.04075486115131022, 0.31943735, 36.969959375, 59842.462543, 20.889700043360186, 0.8143021535700001, 16.0, 12.0, ATLAS
o, 23.9, 0.04075486115131022, 0.31943735, 36.969959375, 59842.462996, 19.79136830878453, 0.3701373425318182, 44.0, 15.0, ATLAS
o, 23.9, 0.04075486115131022, 0.31943735, 36.969959375, 59842.47239, 20.28210492164445, 0.5040918093528572, 28.0, 13.0, ATLAS
o, 23.9, 0.04075486115131022, 0.31943735, 36.969959375, 59845.429598, 19.36771660839286, 0.2672581427101539, 65.0, 16.0, ATLAS
o, 23.9, 0.04075486115131022, 0.31943735, 36.969959375, 59845.433214, 19.318727718234406, 0.3353008867641177, 68.0, 21.0, ATLAS
o, 23.9, 0.04075486115131022, 0.31943735, 36.969959375, 59845.43909, 19.36771660839286, 0.23385087487138465, 65.0, 14.0, ATLAS
o, 23.9, 0.04075486115131022, 0.31943735, 36.969959375, 59845.440445, 19.401648626366043, 0.32744425222920637, 63.0, 19.0, ATLAS
o, 23.9, 0.04075486115131022, 0.31943735, 36.969959375, 59845.443609, 19.743105420796063, 0.40125033654173914, 46.0, 17.0, ATLAS
o, 23.9, 0.04075486115131022, 0.31943735, 36.969959375, 59845.450721, 19.115465369040706, 0.25157302305414636, 82.0, 19.0, ATLAS
o, 23.9, 0.04075486115131022, 0.31943735, 36.969959375, 59845.452077, 18.955690986777878, 0.22857604310736843, 95.0, 20.0, ATLAS
o, 23.9, 0.04075486115131022, 0.31943735, 36.969959375, 59845.462201, 19.589310325998028, 0.4097117753811321, 53.0, 20.0, ATLAS
o, 23.9, 0.04075486115131022, 0.31943735, 36.969959375, 59846.399247, 18.933070664334387, 0.12312472425113404, 97.0, 11.0, ATLAS
o, 23.9, 0.04075486115131022, 0.31943735, 36.969959375, 59846.401055, 18.720294981734686, 0.12881615988677966, 118.0, 14.0, ATLAS
o, 23.9, 0.04075486115131022, 0.31943735, 36.969959375, 59846.429747, 18.720294981734686, 0.1472184684420339, 118.0, 16.0, ATLAS
o, 23.9, 0.04075486115131022, 0.31943735, 36.969959375, 59846.532253, 18.623525724251877, 0.1683311945364341, 129.0, 20.0, ATLAS
o, 23.9, 0.04075486115131022, 0.31943735, 36.969959375, 59846.534896, 18.566152729074453, 0.14370038004176472, 136.0, 18.0, ATLAS
o, 23.9, 0.04075486115131022, 0.31943735, 36.969959375, 59849.354833, 18.08416034767812, 0.08706375226849057, 212.0, 17.0, ATLAS
o, 23.9, 0.04075486115131022, 0.31943735, 36.969959375, 59849.375842, 18.099634284722363, 0.08311856112995215, 209.0, 16.0, ATLAS
o, 23.9, 0.04075486115131022, 0.31943735, 36.969959375, 59849.378554, 18.104841662593095, 0.07829828399711539, 208.0, 15.0, ATLAS
o, 23.9, 0.04075486115131022, 0.31943735, 36.969959375, 59849.465575, 18.13662157638344, 0.06987411218752476, 202.0, 13.0, ATLAS
o, 23.9, 0.04075486115131022, 0.31943735, 36.969959375, 59849.49708, 18.043943297944484, 0.06909230393927272, 220.0, 14.0, ATLAS
o, 23.9, 0.04075486115131022, 0.31943735, 36.969959375, 59849.525284, 17.98628003777275, 0.10295774355482759, 232.0, 22.0, ATLAS
o, 23.9, 0.04075486115131022, 0.31943735, 36.969959375, 59849.550395, 17.913870797934457, 0.10944921418951613, 248.0, 25.0, ATLAS
o, 23.9, 0.04075486115131022, 0.31943735, 36.969959375, 59850.419556, 17.96312913497474, 0.06413631589299579, 237.0, 14.0, ATLAS
o, 23.9, 0.04075486115131022, 0.31943735, 36.969959375, 59850.431037, 17.82159058960253, 0.0522761876365926, 270.0, 13.0, ATLAS
o, 23.9, 0.04075486115131022, 0.31943735, 36.969959375, 59850.434354, 18.039019315787222, 0.06386683557411765, 221.0, 13.0, ATLAS
o, 23.9, 0.04075486115131022, 0.31943735, 36.969959375, 59851.428668, 17.640523292357045, 0.04084274124489029, 319.0, 12.0, ATLAS
o, 23.9, 0.04075486115131022, 0.31943735, 36.969959375, 59851.431861, 17.718108876706967, 0.04752380694235691, 297.0, 13.0, ATLAS
o, 23.9, 0.04075486115131022, 0.31943735, 36.969959375, 59851.43729, 17.75908491717739, 0.0493516456709091, 286.0, 13.0, ATLAS
o, 23.9, 0.04075486115131022, 0.31943735, 36.969959375, 59851.447741, 17.83372184658856, 0.04879713279820225, 267.0, 12.0, ATLAS
o, 23.9, 0.04075486115131022, 0.31943735, 36.969959375, 59853.413854, 17.564934734859662, 0.04127067444994152, 342.0, 13.0, ATLAS
o, 23.9, 0.04075486115131022, 0.31943735, 36.969959375, 59853.433688, 17.640523292357045, 0.044246303015297805, 319.0, 13.0, ATLAS
o, 23.9, 0.04075486115131022, 0.31943735, 36.969959375, 59854.409256, 17.524429117362263, 0.036700942132732395, 355.0, 12.0, ATLAS
o, 23.9, 0.04075486115131022, 0.31943735, 36.969959375, 59854.440358, 17.53364334130467, 0.04318268996204546, 352.0, 14.0, ATLAS
o, 23.9, 0.04075486115131022, 0.31943735, 36.969959375, 59854.460936, 17.57770824930586, 0.04175908479846154, 338.0, 13.0, ATLAS
o, 23.9, 0.04075486115131022, 0.31943735, 36.969959375, 59855.366887, 17.57450075449229, 0.04163590165746313, 339.0, 13.0, ATLAS
o, 23.9, 0.04075486115131022, 0.31943735, 36.969959375, 59855.368737, 17.626993694172242, 0.04033694878365325, 323.0, 12.0, ATLAS
o, 23.9, 0.04075486115131022, 0.31943735, 36.969959375, 59855.393186, 17.57770824930586, 0.03854684750627219, 338.0, 12.0, ATLAS
o, 23.9, 0.04075486115131022, 0.31943735, 36.969959375, 59856.414364, 17.590633832971086, 0.04550990079832336, 334.0, 14.0, ATLAS
o, 23.9, 0.04075486115131022, 0.31943735, 36.969959375, 59856.418063, 17.568114052518755, 0.04139170282076247, 341.0, 13.0, ATLAS
o, 23.9, 0.04075486115131022, 0.31943735, 36.969959375, 59856.435413, 17.584151806525387, 0.03877629302714286, 336.0, 12.0, ATLAS
o, 23.9, 0.04075486115131022, 0.31943735, 36.969959375, 59856.446162, 17.515292433390314, 0.036393392338324025, 358.0, 12.0, ATLAS
o, 23.9, 0.04075486115131022, 0.31943735, 36.969959375, 59857.488336, 17.546051890133548, 0.040559111097356326, 348.0, 13.0, ATLAS
o, 23.9, 0.04075486115131022, 0.31943735, 36.969959375, 59857.492035, 17.56176469989307, 0.04115035178390671, 343.0, 13.0, ATLAS
o, 23.9, 0.04075486115131022, 0.31943735, 36.969959375, 59857.494806, 17.57450075449229, 0.04163590165746313, 339.0, 13.0, ATLAS
o, 23.9, 0.04075486115131022, 0.31943735, 36.969959375, 59857.499422, 17.587387982407886, 0.0421330467518806, 335.0, 13.0, ATLAS
o, 23.9, 0.04075486115131022, 0.31943735, 36.969959375, 59858.417124, 17.593889416234198, 0.06846985075063063, 333.0, 21.0, ATLAS
o, 23.9, 0.04075486115131022, 0.31943735, 36.969959375, 59858.443844, 17.476565225962382, 0.06438327898846362, 371.0, 22.0, ATLAS
o, 23.9, 0.04075486115131022, 0.31943735, 36.969959375, 59858.447027, 17.64735184445562, 0.06165063623242903, 317.0, 18.0, ATLAS
o, 23.9, 0.04075486115131022, 0.31943735, 36.969959375, 59858.454263, 17.491297286513973, 0.06526283198010929, 366.0, 22.0, ATLAS
o, 23.9, 0.04075486115131022, 0.31943735, 36.969959375, 59859.400959, 17.482434084602346, 0.052962741695609765, 369.0, 18.0, ATLAS
o, 23.9, 0.04075486115131022, 0.31943735, 36.969959375, 59859.411172, 17.637125054200233, 0.064465587157625, 320.0, 19.0, ATLAS
o, 23.9, 0.04075486115131022, 0.31943735, 36.969959375, 59859.413944, 17.53364334130467, 0.05860507923420455, 352.0, 19.0, ATLAS
o, 23.9, 0.04075486115131022, 0.31943735, 36.969959375, 59859.419499, 17.555452262316813, 0.050352983409159426, 345.0, 16.0, ATLAS
o, 23.9, 0.04075486115131022, 0.31943735, 36.969959375, 59859.439671, 17.564934734859662, 0.7492214746297077, 342.0, 236.0, ATLAS
o, 23.9, 0.04075486115131022, 0.31943735, 36.969959375, 59859.442835, 17.485380453316203, 0.5192651414069566, 368.0, 176.0, ATLAS
o, 23.9, 0.04075486115131022, 0.31943735, 36.969959375, 59859.450523, 17.52749184493553, 0.32204039971694914, 354.0, 105.0, ATLAS
o, 23.9, 0.04075486115131022, 0.31943735, 36.969959375, 59859.473727, 18.08416034767812, 1.0703720131832075, 212.0, 209.0, ATLAS
o, 23.9, 0.04075486115131022, 0.31943735, 36.969959375, 59860.417816, 17.63373741898782, 0.08794125022978193, 321.0, 26.0, ATLAS
o, 23.9, 0.04075486115131022, 0.31943735, 36.969959375, 59860.420638, 17.52749184493553, 0.0858774399245198, 354.0, 28.0, ATLAS
o, 23.9, 0.04075486115131022, 0.31943735, 36.969959375, 59860.427603, 17.47949568983251, 0.0645572878505946, 370.0, 22.0, ATLAS
o, 23.9, 0.04075486115131022, 0.31943735, 36.969959375, 59860.463127, 17.524429117362263, 0.08869394348743663, 355.0, 29.0, ATLAS
o, 23.9, 0.04075486115131022, 0.31943735, 36.969959375, 59861.371313, 17.7782342002373, 0.5834383164368684, 281.0, 151.0, ATLAS
o, 23.9, 0.04075486115131022, 0.31943735, 36.969959375, 59861.373168, 17.732830949114724, 0.5076650513724232, 293.0, 137.0, ATLAS
o, 23.9, 0.04075486115131022, 0.31943735, 36.969959375, 59861.407551, 17.231367617775113, 0.22415199066012906, 465.0, 96.0, ATLAS
o, 23.9, 0.04075486115131022, 0.31943735, 36.969959375, 59861.427926, nan, 1.899142536378878, -303.0, 530.0, ATLAS
o, 23.9, 0.04075486115131022, 0.31943735, 36.969959375, 59861.431626, 17.021802240041644, 0.6025450923579433, 564.0, 313.0, ATLAS
o, 23.9, 0.04075486115131022, 0.31943735, 36.969959375, 59861.437473, 17.055031684166423, 0.5637094737693601, 547.0, 284.0, ATLAS
o, 23.9, 0.04075486115131022, 0.31943735, 36.969959375, 59861.472881, 16.30643375514844, 0.998080437770202, 1090.0, 1002.0, ATLAS
o, 23.9, 0.04075486115131022, 0.31943735, 36.969959375, 59863.353263, 17.53056323653044, 0.08919645874798869, 353.0, 29.0, ATLAS
o, 23.9, 0.04075486115131022, 0.31943735, 36.969959375, 59863.360664, 17.613630618349283, 0.09628853192061163, 327.0, 29.0, ATLAS
o, 23.9, 0.04075486115131022, 0.31943735, 36.969959375, 59863.382221, 17.061002750754547, 0.700539352703603, 544.0, 351.0, ATLAS
o, 23.9, 0.04075486115131022, 0.31943735, 36.969959375, 59863.41812, 17.506231995235854, 0.0721819083496953, 361.0, 24.0, ATLAS
o, 23.9, 0.04075486115131022, 0.31943735, 36.969959375, 59863.420889, 17.6004300155607, 0.08856458467830816, 331.0, 27.0, ATLAS
o, 23.9, 0.04075486115131022, 0.31943735, 36.969959375, 59863.429078, 17.74400500525261, 0.07487835894896552, 290.0, 20.0, ATLAS
o, 23.9, 0.04075486115131022, 0.31943735, 36.969959375, 59863.439557, 17.61695599983015, 0.07993149973693253, 326.0, 24.0, ATLAS
o, 23.9, 0.04075486115131022, 0.31943735, 36.969959375, 59864.448078, 17.623637474483466, 0.08042490405629629, 324.0, 24.0, ATLAS
o, 23.9, 0.04075486115131022, 0.31943735, 36.969959375, 59864.449924, 17.825619299993978, 0.07668768732505578, 269.0, 19.0, ATLAS
o, 23.9, 0.04075486115131022, 0.31943735, 36.969959375, 59864.451769, 17.685696433796046, 0.07451130816980393, 306.0, 21.0, ATLAS
o, 23.9, 0.04075486115131022, 0.31943735, 36.969959375, 59864.474235, 17.75151878060192, 0.07916826493041668, 288.0, 21.0, ATLAS
o, 23.9, 0.04075486115131022, 0.31943735, 36.969959375, 59864.475169, 17.755295258165017, 0.07944411254341463, 287.0, 21.0, ATLAS
o, 23.9, 0.04075486115131022, 0.31943735, 36.969959375, 59864.477476, 17.664613514953892, 0.06959847466410256, 312.0, 20.0, ATLAS
o, 23.9, 0.04075486115131022, 0.31943735, 36.969959375, 59864.482577, 17.86675058979687, 0.10060876028664092, 259.0, 24.0, ATLAS
o, 23.9, 0.04075486115131022, 0.31943735, 36.969959375, 59864.483058, 17.473642650295254, 0.06129155994612904, 372.0, 21.0, ATLAS
o, 23.9, 0.04075486115131022, 0.31943735, 36.969959375, 59865.419418, 17.352266673433142, 0.8116922107700962, 416.0, 311.0, ATLAS
o, 23.9, 0.04075486115131022, 0.31943735, 36.969959375, 59866.495279, 17.892198697060454, 0.06866315919430831, 253.0, 16.0, ATLAS
o, 23.9, 0.04075486115131022, 0.31943735, 36.969959375, 59866.498444, 17.84599018282542, 0.07814010564560607, 264.0, 19.0, ATLAS
o, 23.9, 0.04075486115131022, 0.31943735, 36.969959375, 59866.50824, 17.909501632260657, 0.06976618183196787, 249.0, 16.0, ATLAS
o, 23.9, 0.04075486115131022, 0.31943735, 36.969959375, 59866.525359, 17.972330344320657, 0.07854261906774468, 235.0, 17.0, ATLAS
o, 23.9, 0.04075486115131022, 0.31943735, 36.969959375, 59867.399821, 17.793800577338878, 0.06663362989501806, 277.0, 17.0, ATLAS
o, 23.9, 0.04075486115131022, 0.31943735, 36.969959375, 59867.403515, 17.88791570845015, 0.07266738378314962, 254.0, 17.0, ATLAS
o, 23.9, 0.04075486115131022, 0.31943735, 36.969959375, 59867.415644, 17.88791570845015, 0.055569175834173236, 254.0, 13.0, ATLAS
o, 23.9, 0.04075486115131022, 0.31943735, 36.969959375, 59867.418821, 17.967719992574732, 0.0690086570822034, 236.0, 15.0, ATLAS
o, 23.9, 0.04075486115131022, 0.31943735, 36.969959375, 59867.42176, 17.82159058960253, 0.08444614925911112, 270.0, 21.0, ATLAS
o, 23.9, 0.04075486115131022, 0.31943735, 36.969959375, 59867.424067, 17.83372184658856, 0.060996415997752816, 267.0, 15.0, ATLAS
o, 23.9, 0.04075486115131022, 0.31943735, 36.969959375, 59867.424377, 18.039019315787222, 0.06877966907981901, 221.0, 14.0, ATLAS
o, 23.9, 0.04075486115131022, 0.31943735, 36.969959375, 59867.427328, 17.98628003777275, 0.05615876921172414, 232.0, 12.0, ATLAS
o, 23.9, 0.04075486115131022, 0.31943735, 36.969959375, 59867.435356, 17.905149978319905, 0.05645828264752, 250.0, 13.0, ATLAS
o, 23.9, 0.04075486115131022, 0.31943735, 36.969959375, 59867.436279, 17.967719992574732, 0.07360923422101695, 236.0, 16.0, ATLAS
o, 23.9, 0.04075486115131022, 0.31943735, 36.969959375, 59867.436624, 17.981610197434954, 0.06523736852635194, 233.0, 14.0, ATLAS
o, 23.9, 0.04075486115131022, 0.31943735, 36.969959375, 59867.458577, 18.043943297944484, 0.08389779764054546, 220.0, 17.0, ATLAS
o, 23.9, 0.04075486115131022, 0.31943735, 36.969959375, 59868.382203, 18.039019315787222, 0.07369250258552036, 221.0, 15.0, ATLAS
o, 23.9, 0.04075486115131022, 0.31943735, 36.969959375, 59868.383588, 18.0488897128997, 0.08428089260694065, 219.0, 17.0, ATLAS
o, 23.9, 0.04075486115131022, 0.31943735, 36.969959375, 59868.385448, 17.913870797934457, 0.07442546564887097, 248.0, 17.0, ATLAS
o, 23.9, 0.04075486115131022, 0.31943735, 36.969959375, 59868.387298, 18.099634284722363, 0.07792365105933015, 209.0, 15.0, ATLAS
o, 23.9, 0.04075486115131022, 0.31943735, 36.969959375, 59868.395599, 18.005162882498865, 0.0761920143691228, 228.0, 16.0, ATLAS
o, 23.9, 0.04075486115131022, 0.31943735, 36.969959375, 59868.397464, 18.005162882498865, 0.06666801257298245, 228.0, 14.0, ATLAS
o, 23.9, 0.04075486115131022, 0.31943735, 36.969959375, 59868.405599, 18.06386562212267, 0.07539834755277779, 216.0, 15.0, ATLAS
o, 23.9, 0.04075486115131022, 0.31943735, 36.969959375, 59868.411519, 17.990970050269638, 0.07520250768900434, 231.0, 16.0, ATLAS
o, 23.9, 0.04075486115131022, 0.31943735, 36.969959375, 59869.544374, 18.226217639455207, 0.09339666277505378, 186.0, 16.0, ATLAS
o, 23.9, 0.04075486115131022, 0.31943735, 36.969959375, 59869.549699, 18.039019315787222, 0.07860533609122174, 221.0, 16.0, ATLAS
o, 23.9, 0.04075486115131022, 0.31943735, 36.969959375, 59869.552544, 18.180495675174434, 0.10073841075092785, 194.0, 18.0, ATLAS
o, 23.9, 0.04075486115131022, 0.31943735, 36.969959375, 59869.569466, 18.079050991403154, 0.08665500225784038, 213.0, 17.0, ATLAS
o, 23.9, 0.04075486115131022, 0.31943735, 36.969959375, 59871.309759, 18.356290139465234, 0.07896263307345455, 165.0, 12.0, ATLAS
o, 23.9, 0.04075486115131022, 0.31943735, 36.969959375, 59871.311605, 18.389700043360186, 0.07464436407725002, 160.0, 11.0, ATLAS
o, 23.9, 0.04075486115131022, 0.31943735, 36.969959375, 59871.314374, 18.226217639455207, 0.07588478850473118, 186.0, 13.0, ATLAS
o, 23.9, 0.04075486115131022, 0.31943735, 36.969959375, 59871.322102, 18.19741658188068, 0.056844827474345556, 191.0, 10.0, ATLAS
o, 23.9, 0.04075486115131022, 0.31943735, 36.969959375, 59872.382289, 18.243872275673926, 0.05932984725464481, 183.0, 10.0, ATLAS
o, 23.9, 0.04075486115131022, 0.31943735, 36.969959375, 59872.385059, 18.163834434596016, 0.06062486422517767, 197.0, 11.0, ATLAS
o, 23.9, 0.04075486115131022, 0.31943735, 36.969959375, 59872.397071, 18.286218330464624, 0.0678585127975, 176.0, 11.0, ATLAS
o, 23.9, 0.04075486115131022, 0.31943735, 36.969959375, 59872.411478, 18.273949994227763, 0.07929534079707866, 178.0, 13.0, ATLAS
o, 23.9, 0.04075486115131022, 0.31943735, 36.969959375, 59873.38185, 18.226217639455207, 0.08172207992817206, 186.0, 14.0, ATLAS
o, 23.9, 0.04075486115131022, 0.31943735, 36.969959375, 59873.385082, 18.39650718919887, 0.08877088466591196, 159.0, 13.0, ATLAS
o, 23.9, 0.04075486115131022, 0.31943735, 36.969959375, 59873.391546, 18.362890379880753, 0.09268479796731709, 164.0, 14.0, ATLAS
o, 23.9, 0.04075486115131022, 0.31943735, 36.969959375, 59873.402177, 18.33672679568534, 0.07108987054976192, 168.0, 11.0, ATLAS
o, 23.9, 0.04075486115131022, 0.31943735, 36.969959375, 59875.36301, 18.30488474217801, 0.07531118183306358, 173.0, 12.0, ATLAS
o, 23.9, 0.04075486115131022, 0.31943735, 36.969959375, 59875.366243, 18.317509724019615, 0.06984267983836258, 171.0, 11.0, ATLAS
o, 23.9, 0.04075486115131022, 0.31943735, 36.969959375, 59875.391953, 18.2986268792935, 0.07487835894896552, 174.0, 12.0, ATLAS
o, 23.9, 0.04075486115131022, 0.31943735, 36.969959375, 59875.408066, 18.273949994227763, 0.07319569919730337, 178.0, 12.0, ATLAS
o, 23.9, 0.04075486115131022, 0.31943735, 36.969959375, 59877.369799, 18.34320882213104, 0.07801697279712576, 167.0, 12.0, ATLAS
o, 23.9, 0.04075486115131022, 0.31943735, 36.969959375, 59877.373955, 18.467034328969312, 0.09472866216026847, 149.0, 13.0, ATLAS
o, 23.9, 0.04075486115131022, 0.31943735, 36.969959375, 59877.379499, 18.37621246364342, 0.07372282871827161, 162.0, 11.0, ATLAS
o, 23.9, 0.04075486115131022, 0.31943735, 36.969959375, 59877.413137, 18.417188504113845, 0.08351816959692308, 156.0, 12.0, ATLAS
o, 23.9, 0.04075486115131022, 0.31943735, 36.969959375, 59879.361867, 18.362890379880753, 0.09268479796731709, 164.0, 14.0, ATLAS
o, 23.9, 0.04075486115131022, 0.31943735, 36.969959375, 59879.366067, 18.410250868976917, 0.11756379287210193, 157.0, 17.0, ATLAS
o, 23.9, 0.04075486115131022, 0.31943735, 36.969959375, 59879.437251, 18.519279139042357, 0.23702691794056338, 142.0, 31.0, ATLAS
o, 23.9, 0.04075486115131022, 0.31943735, 36.969959375, 59879.448181, 18.147425010840045, 0.07057285330940001, 200.0, 13.0, ATLAS
o, 23.9, 0.04075486115131022, 0.31943735, 36.969959375, 59880.381925, nan, 2.6027922716849314, -73.0, 175.0, ATLAS
o, 23.9, 0.04075486115131022, 0.31943735, 36.969959375, 59880.385153, nan, 0.8584533783038756, -707.0, 559.0, ATLAS
o, 23.9, 0.04075486115131022, 0.31943735, 36.969959375, 59880.39517, 18.684100423313126, 0.6051644419973771, 122.0, 68.0, ATLAS
o, 23.9, 0.04075486115131022, 0.31943735, 36.969959375, 59880.407592, 18.163834434596016, 0.12124972845035534, 197.0, 22.0, ATLAS
o, 23.9, 0.04075486115131022, 0.31943735, 36.969959375, 59883.347701, 18.280066834095482, 0.0858774399245198, 177.0, 14.0, ATLAS
o, 23.9, 0.04075486115131022, 0.31943735, 36.969959375, 59883.35093, 18.311178882731127, 0.08206145733651163, 172.0, 13.0, ATLAS
o, 23.9, 0.04075486115131022, 0.31943735, 36.969959375, 59883.36421, 18.261818737241732, 0.07238241365066667, 180.0, 12.0, ATLAS
o, 23.9, 0.04075486115131022, 0.31943735, 36.969959375, 59883.371144, 18.33672679568534, 0.09047801706333333, 168.0, 14.0, ATLAS
o, 23.9, 0.04075486115131022, 0.31943735, 36.969959375, 59884.33178, 18.504093769761873, 0.11309752132916669, 144.0, 15.0, ATLAS
o, 23.9, 0.04075486115131022, 0.31943735, 36.969959375, 59884.334561, 18.403357282613943, 0.08933272570810127, 158.0, 13.0, ATLAS
o, 23.9, 0.04075486115131022, 0.31943735, 36.969959375, 59884.345697, 18.438271422956, 0.09225209582928105, 153.0, 13.0, ATLAS
o, 23.9, 0.04075486115131022, 0.31943735, 36.969959375, 59884.352659, 18.467034328969312, 0.10201548232644296, 149.0, 14.0, ATLAS
o, 23.9, 0.04075486115131022, 0.31943735, 36.969959375, 59885.37261, 18.702046884880936, 0.1266692238886667, 120.0, 14.0, ATLAS
o, 23.9, 0.04075486115131022, 0.31943735, 36.969959375, 59885.375775, 18.489117860538904, 0.11898478956273974, 146.0, 16.0, ATLAS
o, 23.9, 0.04075486115131022, 0.31943735, 36.969959375, 59885.396605, 18.467034328969312, 0.09472866216026847, 149.0, 13.0, ATLAS
o, 23.9, 0.04075486115131022, 0.31943735, 36.969959375, 59885.410894, 18.232070678992464, 0.09390150960086488, 185.0, 16.0, ATLAS
o, 23.9, 0.04075486115131022, 0.31943735, 36.969959375, 59886.33831, 18.66644578709441, 0.14009499416258064, 124.0, 16.0, ATLAS
o, 23.9, 0.04075486115131022, 0.31943735, 36.969959375, 59886.342378, 18.606821760860587, 0.14918512737160308, 131.0, 18.0, ATLAS
o, 23.9, 0.04075486115131022, 0.31943735, 36.969959375, 59886.368851, 18.403357282613943, 0.1236914663650633, 158.0, 18.0, ATLAS
o, 23.9, 0.04075486115131022, 0.31943735, 36.969959375, 59886.376261, 18.330283238465814, 0.10279159335005918, 169.0, 16.0, ATLAS
o, 23.9, 0.04075486115131022, 0.31943735, 36.969959375, 59887.342011, 18.438271422956, 0.141926301275817, 153.0, 20.0, ATLAS
o, 23.9, 0.04075486115131022, 0.31943735, 36.969959375, 59889.317117, 18.615141619232908, 0.20879542399230772, 130.0, 25.0, ATLAS
o, 23.9, 0.04075486115131022, 0.31943735, 36.969959375, 59890.419398, 18.729535345634595, 0.2598343054126496, 117.0, 28.0, ATLAS
o, 23.9, 0.04075486115131022, 0.31943735, 36.969959375, 59890.422569, 18.69303657420887, 0.2512447415973554, 121.0, 28.0, ATLAS
o, 23.9, 0.04075486115131022, 0.31943735, 36.969959375, 59890.428193, 19.197966019298022, 0.38572207274368425, 76.0, 27.0, ATLAS
o, 23.9, 0.04075486115131022, 0.31943735, 36.969959375, 59890.462153, 19.026524983387716, 0.41477562878471913, 89.0, 34.0, ATLAS
o, 23.9, 0.04075486115131022, 0.31943735, 36.969959375, 59891.396042, 18.675237221401503, 0.21185096678243906, 123.0, 24.0, ATLAS
o, 23.9, 0.04075486115131022, 0.31943735, 36.969959375, 59891.418722, 18.910912013506124, 0.15353845319838386, 99.0, 14.0, ATLAS
o, 23.9, 0.04075486115131022, 0.31943735, 36.969959375, 59893.348844, 19.014393726401686, 0.2412747121688889, 90.0, 20.0, ATLAS
o, 23.9, 0.04075486115131022, 0.31943735, 36.969959375, 59893.351642, 18.836735336838075, 0.17412750453698114, 106.0, 17.0, ATLAS
o, 23.9, 0.04075486115131022, 0.31943735, 36.969959375, 59893.35678, 19.115465369040706, 0.23833233763024392, 82.0, 18.0, ATLAS
o, 23.9, 0.04075486115131022, 0.31943735, 36.969959375, 59893.366549, 19.38455006504028, 0.288398679389375, 64.0, 17.0, ATLAS
o, 23.9, 0.04075486115131022, 0.31943735, 36.969959375, 59893.447316, 18.720294981734686, 0.20242539410779664, 118.0, 22.0, ATLAS
o, 23.9, 0.04075486115131022, 0.31943735, 36.969959375, 59893.450482, 19.1697634932738, 0.3062332885220513, 78.0, 22.0, ATLAS
o, 23.9, 0.04075486115131022, 0.31943735, 36.969959375, 59893.456392, 18.836735336838075, 0.22534147645962269, 106.0, 22.0, ATLAS
o, 23.9, 0.04075486115131022, 0.31943735, 36.969959375, 59893.46809, 18.504093769761873, 0.20357553839250003, 144.0, 27.0, ATLAS
o, 23.9, 0.04075486115131022, 0.31943735, 36.969959375, 59895.312183, 19.334812993247933, 0.22687025174089553, 67.0, 14.0, ATLAS
o, 23.9, 0.04075486115131022, 0.31943735, 36.969959375, 59895.315878, 19.06375387189108, 0.16412291467302326, 86.0, 13.0, ATLAS
o, 23.9, 0.04075486115131022, 0.31943735, 36.969959375, 59895.341691, 19.256668758921826, 0.22619504265833337, 72.0, 15.0, ATLAS
o, 23.9, 0.04075486115131022, 0.31943735, 36.969959375, 59895.347786, 18.944321917401076, 0.15833652986083335, 96.0, 14.0, ATLAS
o, 23.9, 0.04075486115131022, 0.31943735, 36.969959375, 59896.324536, 19.419020776254364, 0.26267811405483876, 62.0, 15.0, ATLAS
o, 23.9, 0.04075486115131022, 0.31943735, 36.969959375, 59896.327769, 19.128787452803373, 0.18765810946469136, 81.0, 14.0, ATLAS
o, 23.9, 0.04075486115131022, 0.31943735, 36.969959375, 59896.342886, 19.089301784845293, 0.16803060311761908, 84.0, 13.0, ATLAS
o, 23.9, 0.04075486115131022, 0.31943735, 36.969959375, 59896.349831, 19.30287727315686, 0.2202943024150725, 69.0, 14.0, ATLAS
o, 23.9, 0.04075486115131022, 0.31943735, 36.969959375, 59897.234859, 19.06375387189108, 0.16412291467302326, 86.0, 13.0, ATLAS
o, 23.9, 0.04075486115131022, 0.31943735, 36.969959375, 59897.236668, 19.089301784845293, 0.18095603412666666, 84.0, 14.0, ATLAS
o, 23.9, 0.04075486115131022, 0.31943735, 36.969959375, 59897.239844, 18.97879262861516, 0.14009499416258064, 93.0, 12.0, ATLAS
o, 23.9, 0.04075486115131022, 0.31943735, 36.969959375, 59897.245266, 19.115465369040706, 0.18536959593463417, 82.0, 14.0, ATLAS
o, 23.9, 0.04075486115131022, 0.31943735, 36.969959375, 59899.327097, 19.351140161145327, 0.18095603412666666, 66.0, 11.0, ATLAS
o, 23.9, 0.04075486115131022, 0.31943735, 36.969959375, 59899.330279, 19.102304769059813, 0.1569739091219277, 83.0, 12.0, ATLAS
o, 23.9, 0.04075486115131022, 0.31943735, 36.969959375, 59899.336165, 19.002396519197266, 0.15510517210857144, 91.0, 13.0, ATLAS
o, 23.9, 0.04075486115131022, 0.31943735, 36.969959375, 59899.347524, 19.719755355160704, 0.32341078439659576, 47.0, 14.0, ATLAS
o, 23.9, 0.04075486115131022, 0.31943735, 36.969959375, 59902.370078, 19.529529932484497, 0.23265775816285716, 56.0, 12.0, ATLAS
ZTF_g, 23.9, 0.04075486115131022, 0.31943735, 36.969959375, 59844.265740700066, 19.803946, 0.09853137412125182, 43.49322384138807, 3.947042652964168, ZTF
ZTF_g, 23.9, 0.04075486115131022, 0.31943735, 36.969959375, 59844.26724540023, 19.835579, 0.12560743671501043, 42.24432741831449, 4.887192358052611, ZTF
ZTF_g, 23.9, 0.04075486115131022, 0.31943735, 36.969959375, 59847.32094909996, 18.565626, 0.06521813811070865, 136.06599442203066, 8.173229166976597, ZTF
ZTF_g, 23.9, 0.04075486115131022, 0.31943735, 36.969959375, 59847.33675929997, 18.618534, 0.0773371969502431, 129.59444914141486, 9.23103733021716, ZTF
ZTF_g, 23.9, 0.04075486115131022, 0.31943735, 36.969959375, 59849.26865739981, 18.058128, 0.058932981283695306, 217.1444831508603, 11.786446565274193, ZTF
ZTF_g, 23.9, 0.04075486115131022, 0.31943735, 36.969959375, 59849.27891199989, 18.011526, 0.05922232578768014, 226.6676802431968, 12.363764923789764, ZTF
ZTF_g, 23.9, 0.04075486115131022, 0.31943735, 36.969959375, 59851.27841439983, 17.656279, 0.044919124193685954, 314.40424418042664, 13.007545690607563, ZTF
ZTF_g, 23.9, 0.04075486115131022, 0.31943735, 36.969959375, 59854.370798599906, 17.4674, 0.0362696418541969, 374.14504671744555, 12.498530293519284, ZTF
ZTF_g, 23.9, 0.04075486115131022, 0.31943735, 36.969959375, 59854.37127309991, 17.4508, 0.03781978665261262, 379.9093656006855, 13.233501002689113, ZTF
ZTF_g, 23.9, 0.04075486115131022, 0.31943735, 36.969959375, 59856.2568518999, 17.301395, 0.05421167715533961, 435.9553383052012, 21.767598750722925, ZTF
ZTF_g, 23.9, 0.04075486115131022, 0.31943735, 36.969959375, 59856.257337999996, 17.3418, 0.040123614687549124, 420.0296998682908, 15.52228779049286, ZTF
ZTF_g, 23.9, 0.04075486115131022, 0.31943735, 36.969959375, 59858.409571799915, 17.293943, 0.04676125038016142, 438.95782975063304, 18.905344496492038, ZTF
ZTF_g, 23.9, 0.04075486115131022, 0.31943735, 36.969959375, 59858.41004629992, 17.368256, 0.04162303847998307, 409.91857657697705, 15.714734952856192, ZTF
ZTF_g, 23.9, 0.04075486115131022, 0.31943735, 36.969959375, 59860.2750694002, 17.399101, 0.0416802782180226, 398.4369436211127, 15.295577866575334, ZTF
ZTF_g, 23.9, 0.04075486115131022, 0.31943735, 36.969959375, 59860.276562499814, 17.362791, 0.057702778086352255, 411.9870831476174, 21.895557253306713, ZTF
ZTF_g, 23.9, 0.04075486115131022, 0.31943735, 36.969959375, 59862.21719910018, 17.390976, 0.06245419142013768, 401.42979163828784, 23.091219523498808, ZTF
ZTF_g, 23.9, 0.04075486115131022, 0.31943735, 36.969959375, 59862.22150459979, 17.42258, 0.04477480028198137, 389.91325574766176, 16.079677620456437, ZTF
ZTF_g, 23.9, 0.04075486115131022, 0.31943735, 36.969959375, 59864.39245369984, 17.529371, 0.07876295195951155, 353.3878388220762, 25.635941078681654, ZTF
ZTF_g, 23.9, 0.04075486115131022, 0.31943735, 36.969959375, 59864.39292819984, 17.60789, 0.056521146064772036, 328.73352750617306, 17.113176886895214, ZTF
ZTF_g, 23.9, 0.04075486115131022, 0.31943735, 36.969959375, 59866.223495400045, 17.663046, 0.048100797714729804, 312.4507705216287, 13.842341484775748, ZTF
ZTF_g, 23.9, 0.04075486115131022, 0.31943735, 36.969959375, 59866.27021990018, 17.734547, 0.05531886255138242, 292.5372671869391, 14.904936211691037, ZTF
ZTF_g, 23.9, 0.04075486115131022, 0.31943735, 36.969959375, 59869.14288190007, 17.931082, 0.05187554756167595, 244.0996743324002, 11.662873734987151, ZTF
ZTF_g, 23.9, 0.04075486115131022, 0.31943735, 36.969959375, 59869.14429400023, 17.92387, 0.04700594943816794, 245.7265029238398, 10.638502724157641, ZTF
ZTF_g, 23.9, 0.04075486115131022, 0.31943735, 36.969959375, 59871.23989580013, 18.167208, 0.06093679156615643, 196.3888377766644, 11.022295858837696, ZTF
ZTF_g, 23.9, 0.04075486115131022, 0.31943735, 36.969959375, 59871.2447453998, 18.137821, 0.05884001871174844, 201.77697179829553, 10.935032601990143, ZTF
ZTF_g, 23.9, 0.04075486115131022, 0.31943735, 36.969959375, 59873.216805600096, 18.343267, 0.06482636122317215, 166.99105174555638, 9.970582351435732, ZTF
ZTF_g, 23.9, 0.04075486115131022, 0.31943735, 36.969959375, 59873.21873839991, 18.306587, 0.06608485159968511, 172.72897664660522, 10.51339058107544, ZTF
ZTF_g, 23.9, 0.04075486115131022, 0.31943735, 36.969959375, 59877.283715299796, 18.887861, 0.0823012035029716, 101.12431667914156, 7.665446661556875, ZTF
ZTF_g, 23.9, 0.04075486115131022, 0.31943735, 36.969959375, 59877.28560189996, 18.803343, 0.0846906664630812, 109.31073135365472, 8.526563496106514, ZTF
ZTF_g, 23.9, 0.04075486115131022, 0.31943735, 36.969959375, 59879.31156249996, 19.077835, 0.10023882158411573, 84.8918503872908, 7.837501418494273, ZTF
ZTF_g, 23.9, 0.04075486115131022, 0.31943735, 36.969959375, 59879.32386570005, 19.22557, 0.12256619598291163, 74.09211634210479, 8.364084031242639, ZTF
ZTF_g, 23.9, 0.04075486115131022, 0.31943735, 36.969959375, 59881.330694399774, 19.38687, 0.0988180952068784, 63.863394696950934, 5.81251595896883, ZTF
ZTF_g, 23.9, 0.04075486115131022, 0.31943735, 36.969959375, 59881.34008099977, 19.230719, 0.08914691470672591, 73.74157343917943, 6.054724645730522, ZTF
ZTF_g, 23.9, 0.04075486115131022, 0.31943735, 36.969959375, 59883.243715300225, 19.48304, 0.09521143895644994, 58.44993062119545, 5.125648363709893, ZTF
ZTF_g, 23.9, 0.04075486115131022, 0.31943735, 36.969959375, 59883.24614580022, 19.471462, 0.11308463515177268, 59.076560188403974, 6.15310719642452, ZTF
ZTF_g, 23.9, 0.04075486115131022, 0.31943735, 36.969959375, 59894.245486100204, 19.5608, 0.33304007825465093, 54.41015962339905, 16.689840257128047, ZTF
ZTF_g, 23.9, 0.04075486115131022, 0.31943735, 36.969959375, 59896.18798610009, 20.1017, 0.2913030476669992, 33.06130560137483, 8.870349021528119, ZTF
ZTF_g, 23.9, 0.04075486115131022, 0.31943735, 36.969959375, 59898.2056828998, 20.30979, 0.22016702499331564, 27.295056649563147, 5.5349277229699805, ZTF
ZTF_g, 23.9, 0.04075486115131022, 0.31943735, 36.969959375, 59900.205578700174, 20.4003, 0.3074870665877359, 25.111924675183587, 7.11184910376202, ZTF
ZTF_g, 23.9, 0.04075486115131022, 0.31943735, 36.969959375, 59901.2189468001, 20.3009, 0.30683150257615033, 27.5194658478403, 7.777063175352421, ZTF
ZTF_g, 23.9, 0.04075486115131022, 0.31943735, 36.969959375, 59903.227789400145, 20.6071, 0.3153224588466133, 20.75678084674275, 6.0282406957056285, ZTF
ZTF_g, 23.9, 0.04075486115131022, 0.31943735, 36.969959375, 59906.199479199946, 20.71848, 0.2231603602555879, 18.73302876540613, 3.850354653035087, ZTF
ZTF_g, 23.9, 0.04075486115131022, 0.31943735, 36.969959375, 59907.135300899856, 20.4228, 0.2972820738152928, 24.596878733679986, 6.734795328067751, ZTF
ZTF_g, 23.9, 0.04075486115131022, 0.31943735, 36.969959375, 59909.19708329998, 20.4841, 0.24537739316709942, 23.24662982268067, 5.253759984056933, ZTF
ZTF_g, 23.9, 0.04075486115131022, 0.31943735, 36.969959375, 59914.17406249978, 20.1428, 0.25112499868969057, 31.833178169778165, 7.362844483887604, ZTF
ZTF_r, 23.9, 0.04075486115131022, 0.31943735, 36.969959375, 59842.38726849994, 20.7751, 0.27937087801512517, 17.781156319948675, 4.5752708912625035, ZTF
ZTF_r, 23.9, 0.04075486115131022, 0.31943735, 36.969959375, 59844.316388899926, 19.677439, 0.12432371423550505, 48.86798141068465, 5.595695279877765, ZTF
ZTF_r, 23.9, 0.04075486115131022, 0.31943735, 36.969959375, 59847.259108799975, 18.609123, 0.060083946925461526, 130.7226369776702, 7.234107094972388, ZTF
ZTF_r, 23.9, 0.04075486115131022, 0.31943735, 36.969959375, 59847.25958329998, 18.54044, 0.07159479572800617, 139.25923336027788, 9.182927051669736, ZTF
ZTF_r, 23.9, 0.04075486115131022, 0.31943735, 36.969959375, 59849.30502310023, 17.975143, 0.06073023954208641, 234.39200822738798, 13.110627373383492, ZTF
ZTF_r, 23.9, 0.04075486115131022, 0.31943735, 36.969959375, 59849.30616899999, 18.028543, 0.059202212612723425, 223.14275976286652, 12.167361692973344, ZTF
ZTF_r, 23.9, 0.04075486115131022, 0.31943735, 36.969959375, 59851.29899309995, 17.703608, 0.059824431433029845, 300.9932802711236, 16.584831359992204, ZTF
ZTF_r, 23.9, 0.04075486115131022, 0.31943735, 36.969959375, 59851.29952549981, 17.733364, 0.053170405374555946, 292.85618460994056, 14.341680772815653, ZTF
ZTF_r, 23.9, 0.04075486115131022, 0.31943735, 36.969959375, 59854.28792819986, 17.4737, 0.034103650337067706, 371.98035109574727, 11.68413447982352, ZTF
ZTF_r, 23.9, 0.04075486115131022, 0.31943735, 36.969959375, 59854.30465279985, 17.3616, 0.06916895055568655, 412.43926097547757, 26.27525058533234, ZTF
ZTF_r, 23.9, 0.04075486115131022, 0.31943735, 36.969959375, 59856.300821799785, 17.343649, 0.05164232326083116, 419.3150014126304, 19.944440238919356, ZTF
ZTF_r, 23.9, 0.04075486115131022, 0.31943735, 36.969959375, 59858.274120400194, 17.36678, 0.04177620867074758, 410.4762177999119, 15.794020733589624, ZTF
ZTF_r, 23.9, 0.04075486115131022, 0.31943735, 36.969959375, 59858.27458330011, 17.37251, 0.06424988716366278, 408.3156255894825, 24.16262141418012, ZTF
ZTF_r, 23.9, 0.04075486115131022, 0.31943735, 36.969959375, 59860.176342600025, 17.44817, 0.05822644222455601, 380.8307429566375, 20.42339488623851, ZTF
ZTF_r, 23.9, 0.04075486115131022, 0.31943735, 36.969959375, 59860.22254629992, 17.354763, 0.04247186028405419, 415.04463079194636, 16.23572788064019, ZTF
ZTF_r, 23.9, 0.04075486115131022, 0.31943735, 36.969959375, 59862.301388899796, 17.446054, 0.0425067783075259, 381.57367076070784, 14.938681569156634, ZTF
ZTF_r, 23.9, 0.04075486115131022, 0.31943735, 36.969959375, 59864.27082179999, 17.5178, 0.04934526006456471, 357.17413365573503, 16.233087223497147, ZTF
ZTF_r, 23.9, 0.04075486115131022, 0.31943735, 36.969959375, 59864.2713889, 17.452717, 0.05269545764476932, 379.2391809925924, 18.406112011019864, ZTF
ZTF_r, 23.9, 0.04075486115131022, 0.31943735, 36.969959375, 59866.18745370023, 17.687775, 0.04594574967488541, 305.41474474586556, 12.924418793066243, ZTF
ZTF_r, 23.9, 0.04075486115131022, 0.31943735, 36.969959375, 59866.36392359994, 17.578358, 0.05309867474915478, 337.7977869457899, 16.520232761312066, ZTF
ZTF_r, 23.9, 0.04075486115131022, 0.31943735, 36.969959375, 59871.17306709988, 18.035044, 0.05050729566719585, 221.8106528107916, 10.31839610260099, ZTF
ZTF_r, 23.9, 0.04075486115131022, 0.31943735, 36.969959375, 59871.194618099835, 17.9746, 0.058999861443672634, 234.50926202408533, 12.743439802430995, ZTF
ZTF_r, 23.9, 0.04075486115131022, 0.31943735, 36.969959375, 59873.1735417, 18.107819, 0.04549218123810724, 207.43039769581495, 8.691301998496575, ZTF
ZTF_r, 23.9, 0.04075486115131022, 0.31943735, 36.969959375, 59873.17447920004, 18.11071, 0.05060036222151918, 206.87880551644608, 9.641515544193679, ZTF
ZTF_r, 23.9, 0.04075486115131022, 0.31943735, 36.969959375, 59877.34783559991, 18.177006, 0.05522247869215886, 194.6245403981952, 9.898951041690918, ZTF
ZTF_r, 23.9, 0.04075486115131022, 0.31943735, 36.969959375, 59877.363495400175, 18.121696, 0.06892851399220207, 204.79606134675947, 13.001581892729057, ZTF
ZTF_r, 23.9, 0.04075486115131022, 0.31943735, 36.969959375, 59879.27901619999, 18.189003, 0.054841210940082055, 192.48584591947085, 9.722579787585929, ZTF
ZTF_r, 23.9, 0.04075486115131022, 0.31943735, 36.969959375, 59879.28562500002, 18.13186, 0.061453978447206604, 202.88783133379366, 11.483695910042467, ZTF
ZTF_r, 23.9, 0.04075486115131022, 0.31943735, 36.969959375, 59881.28075229982, 18.228872, 0.059194921634511455, 185.5458307008333, 10.116058449367092, ZTF
ZTF_r, 23.9, 0.04075486115131022, 0.31943735, 36.969959375, 59881.28216439998, 18.265663, 0.04119708234524846, 179.3638015249184, 6.805764852257319, ZTF
ZTF_r, 23.9, 0.04075486115131022, 0.31943735, 36.969959375, 59883.299050900154, 18.325228, 0.06475059464707163, 169.78870659366032, 10.125774260909777, ZTF
ZTF_r, 23.9, 0.04075486115131022, 0.31943735, 36.969959375, 59883.30672449991, 18.252186, 0.060125236766515835, 181.60407943449638, 10.056759851881209, ZTF
ZTF_r, 23.9, 0.04075486115131022, 0.31943735, 36.969959375, 59888.29048610013, 18.55243, 0.11417246693303322, 137.7298263732125, 14.483217910895752, ZTF
ZTF_r, 23.9, 0.04075486115131022, 0.31943735, 36.969959375, 59888.31247689994, 18.8134, 0.2794991296683027, 108.3028786092022, 27.880216372203503, ZTF
ZTF_r, 23.9, 0.04075486115131022, 0.31943735, 36.969959375, 59894.26740740007, 18.97936, 0.15358721284185087, 92.95141383868422, 13.148818763346545, ZTF
ZTF_r, 23.9, 0.04075486115131022, 0.31943735, 36.969959375, 59894.2838773001, 18.98767, 0.1106938550717128, 92.24269861163943, 9.404402162123306, ZTF
ZTF_r, 23.9, 0.04075486115131022, 0.31943735, 36.969959375, 59896.26531249983, 19.097761, 0.12316253814573515, 83.34808001827746, 9.45474696304709, ZTF
ZTF_r, 23.9, 0.04075486115131022, 0.31943735, 36.969959375, 59896.281018500216, 19.127028, 0.12586650502240682, 81.13136820280228, 9.405343322441782, ZTF
ZTF_r, 23.9, 0.04075486115131022, 0.31943735, 36.969959375, 59898.25840280019, 19.212463, 0.10485224761113536, 74.99197648572672, 7.242161818733839, ZTF
ZTF_r, 23.9, 0.04075486115131022, 0.31943735, 36.969959375, 59900.24194440013, 19.220478, 0.20167616012977624, 74.44041746374424, 13.82735280146989, ZTF
ZTF_r, 23.9, 0.04075486115131022, 0.31943735, 36.969959375, 59901.15398149984, 19.37441, 0.1761482897799058, 64.60051793985099, 10.480695682904155, ZTF
ZTF_r, 23.9, 0.04075486115131022, 0.31943735, 36.969959375, 59902.1636806, 19.389856, 0.15310227896147788, 63.68799839992405, 8.980798148550935, ZTF
ZTF_r, 23.9, 0.04075486115131022, 0.31943735, 36.969959375, 59903.165879600216, 19.482775, 0.13198001829129305, 58.464198471857486, 7.106796245601084, ZTF
ZTF_r, 23.9, 0.04075486115131022, 0.31943735, 36.969959375, 59904.198437499814, 19.470137, 0.12223627429973953, 59.14869946538172, 6.659183529687545, ZTF
ZTF_r, 23.9, 0.04075486115131022, 0.31943735, 36.969959375, 59905.18565970007, 19.36563, 0.14462311688130736, 65.1250395422339, 8.674838477637593, ZTF
ZTF_r, 23.9, 0.04075486115131022, 0.31943735, 36.969959375, 59906.15373839997, 19.434969, 0.11846059297483774, 61.09594688049908, 6.665948933169209, ZTF
ZTF_r, 23.9, 0.04075486115131022, 0.31943735, 36.969959375, 59907.1748147998, 19.521933, 0.1807943280266343, 56.39320791040821, 9.3904689598909, ZTF
ZTF_r, 23.9, 0.04075486115131022, 0.31943735, 36.969959375, 59909.21842590021, 19.578793, 0.14540679479025873, 53.515895866807966, 7.167095335134286, ZTF
ZTF_r, 23.9, 0.04075486115131022, 0.31943735, 36.969959375, 59910.18278940022, 19.626366, 0.11942394851115296, 51.22165421521259, 5.634050120863199, ZTF
ZTF_r, 23.9, 0.04075486115131022, 0.31943735, 36.969959375, 59911.193171299994, 19.2061, 0.3470266708910483, 75.43276028586541, 24.110073481350625, ZTF
ZTF_r, 23.9, 0.04075486115131022, 0.31943735, 36.969959375, 59913.16287040012, 19.714888, 0.12546279630795032, 47.21117398217323, 5.455511088988623, ZTF
ZTF_r, 23.9, 0.04075486115131022, 0.31943735, 36.969959375, 59914.1422917, 19.9638, 0.20532348036117115, 37.538766683310946, 7.098952940955975, ZTF
ZTF_r, 23.9, 0.04075486115131022, 0.31943735, 36.969959375, 59923.1963657001, 20.4814, 0.45838405062235854, 23.304511293193247, 9.838868997382056, ZTF
ZTF_r, 23.9, 0.04075486115131022, 0.31943735, 36.969959375, 59928.158669000026, 20.000237, 0.2344621158868956, 36.299880890206616, 7.838871765210647, ZTF
