ztf-91bg,2022abom,ZTF2022abom,55.28806967641505,-2.848554874720014,0.036,0.034680124192485846,59907.0
++++++++++++++++++++++++++++++++++++++++++++++++++++++++++++++++
t0,59924.542094896184,0.2947223571827635
x0,0.012021098556715489,0.001082779626928234
x1,-2.292537028360795,0.37783437586013546
c,0.15677520289262095,0.055405508951857196
mu,33.977191335558054,0.20041619289374565
hostMass,10.316452277637097,0.0025523463538686332
++++++++++++++++++++++++++++++++++++++++++++++++++++++++++++++++
0.08686176999202419,-0.00029477167359878107,0.09887772935661225,0.014260103060539516
-0.00029477167359878107,1.1724117204908456e-06,-0.00039454182535991365,-5.8508889604690155e-05
0.09887772935661225,-0.00039454182535991365,0.14310421591506034,0.019307835380398958
0.014260103060539516,-5.8508889604690155e-05,0.019307835380398958,0.003069770422214328
++++++++++++++++++++++++++++++++++++++++++++++++++++++++++++++++
zp,25.9556,26.3323,26.3192,26.3319,26.3148,26.044,26.3248,26.166,25.6677
filter,ZTF_g,ZTF_r,ZTF_g,ZTF_g,ZTF_g,ZTF_r,ZTF_g,ZTF_r,ZTF_g
mjd,59882.388402800076,59901.27616900019,59903.255046300124,59913.319571800064,59934.22858799994,59936.19265050022,59936.27125000022,59940.24453700008,59957.127453700174
flux,125.4689884530711,127.49712902598621,118.10639942420522,4514.748651058648,14633.980934340263,12565.2523935245,11677.922138993563,12724.032309104907,792.8951276328957
dflux,159.41437530322068,269.45898464622724,289.813174513288,286.8798687333116,283.68838762025655,259.2221597817569,293.5825670231205,292.8621200445808,169.98015501086732
mag,22.764859008325818,23.500848986353695,23.557716425328532,19.627216057726585,18.316193787790567,17.94007195868248,18.581186061690715,18.17043809198616,20.187360627236398
dmag,1.6777096579078212,2.3585193971233935,2.7531967547927745,0.07092267580419899,0.021790251132409046,0.026118032372786384,0.028141879136347185,0.027570386974086418,0.3291836364882745
