# Created by M.D. Woods -- 2025-05-15 15:04:42.155826 -- NUM TARGETS: 212
objname, origin, subtype, algo, ra, dec, z, z_err, z_cmb, MJDs, MJDe, chisquare, chisquare_err, mu, mu_err, hostMass, hostMass_err, Tmax, Tmax_err, stretch, stretch_err, color, color_err, amplitude, amplitude_err, peak_mag, peak_mag_err
2006fw, CSP, 91bg, SALT, 26.793083000000003, -0.14699999999999996, 0.0835, 0.0, 0.08215156304994824, 54001.75, 54039.73, 1132.965948567453, 0.0, 37.82373869564629, 0.10231700689334364, 9.842210908409118, 0.10051104088386144, 54004.66542633904, 0.11560924811419682, -0.6598805472573088, 0.07555962346532302, 0.21544353667728747, 0.005744955249352662, 0.00037265859008988233, 2.2251512957149156e-06, 19.0192, 0.0164
2008C, CSP, 91bg, SALT, 104.29804199999998, 20.437139, 0.0166, 0.0, 0.016903903224004785, 54469.81, 54552.5, 20934.069727121518, 0.0, 34.544093719885524, 0.1009894428258251, 10.028240434860418, 0.100005330562861, 54467.39380422134, 0.11750586591733736, -0.5051782490342127, 0.04406299581348749, 0.2582715990363634, 0.003430480633106142, 0.006943618589042854, 4.4726751753701795e-05, 15.931700000000001, 0.010399999999999998
2005ag, CSP, 91bg, SALT, 224.18187499999996, 9.328472000000003, 0.0797, 0.0, 0.08049898772468446, 53412.82, 53480.84, 19574.798096127815, 0.0, 37.93975059593704, 0.10041803234471633, 10.925112928401077, 0.10001950532250435, 53415.233951667506, 0.07461939239146886, 0.4001187116880345, 0.03503871805980274, 0.044427992107235664, 0.0023133964926462768, 0.0006217687063419616, 1.5699479080655632e-06, 18.633825, 0.014325
2006py, CSP, 91bg, SALT, 340.425208, -0.136917, 0.0579, 0.0, 0.056012583196732316, 54069.54, 54091.54, 153.09523325149183, 0.0, 37.17938617307643, 0.10322340370842863, 9.823198012980697, 0.10022784130563545, 54071.50702938561, 0.1359576828253921, -0.08259860264677454, 0.11683936627551489, 0.10637831924283216, 0.005714559817401614, 0.000987159978266479, 6.133246669450245e-06, 18.129800000000003, 0.02026666666666667
2009D, CSP, 91bg, SALT, 58.59512500000002, -19.181722000000004, 0.025, 0.0, 0.025176933726842318, 54834.67, 54884.53, 3913.5794694547035, 0.0, 35.28203387758296, 0.10006872389204934, 10.288567554002853, 0.10000481429434087, 54841.83334037175, 0.014458404832112137, 0.719641050550609, 0.010630098286362744, 0.05787338582397671, 0.0010238737246080754, 0.0072484209237593505, 8.94397888001696e-06, 16.042025000000002, 0.0068000000000000005
2008hu, CSP, 91bg, SALT, 122.31150000000001, -18.65363900000001, 0.0497, 0.0, 0.050623552738642955, 54806.76, 54844.84, 714.719168479689, 0.0, 37.055289127596566, 0.10069278576086339, 10.107881298730984, 0.10025303477236472, 54806.52587914869, 0.06575811278526089, -1.7416648993482342, 0.028832569192155377, 0.09448831641309158, 0.0032928777163547117, 0.0009050329351652091, 4.022441495756764e-06, 18.246000000000002, 0.011199999999999998
2006ej, CSP, 91bg, SALT, 9.749042, -9.015721999999998, 0.0205, 0.0, 0.018069132884244235, 53979.74, 54046.74, 8327.209559201714, 0.0, 34.983385909879004, 0.10062651321198356, 10.279706103453293, 0.10000325657534177, 53976.03701030585, 0.07659775912907207, -1.4058483076582085, 0.01678495839847427, 0.004723381070307614, 0.0030285974788911403, 0.008184222906893603, 4.624973365556987e-05, 15.837, 0.0075
2008gl, CSP, 91bg, SALT, 20.228417, 4.805306000000001, 0.034, 0.0, 0.032742544933472346, 54765.7, 54844.55, 30443.172088683437, 0.0, 35.94992430741414, 0.1001434383006451, 11.359976556285138, 0.10022198065335708, 54768.5065886941, 0.027576255964959273, -1.2225594322570954, 0.01431904550654195, 0.0619796707740336, 0.0015246050360357144, 0.0029466589448881937, 4.905302814938822e-06, 16.98808, 0.0067599999999999995
2009al, CSP, 91bg, SALT, 162.8419580000001, 8.578528, 0.0221, 0.0, 0.023294362161299355, 54897.7, 54947.57, 2858.30554215365, 0.0, 34.9788718840138, 0.10039292312129247, 10.676596531095123, 0.10000149448209737, 54896.99799795559, 0.07213045713069732, -0.4874559651050614, 0.022410175087505535, 0.21158698581411525, 0.0024105467779783505, 0.005301603621402387, 1.9150272732194885e-05, 16.284142857142857, 0.008857142857142857
2006hx, CSP, 91bg, SALT, 18.488792, 0.37166699999999997, 0.0455, 0.0, 0.043686906535194706, 54012.66, 54080.59, 1073.298397808816, 0.0, 36.513222404512845, 0.10294875576326613, 10.307434104151445, 0.1000189650649231, 54022.41361864875, 0.04342410370736616, -0.10299785832549646, 0.053888038896548474, 0.1784911623090342, 0.006952411850954627, 0.0014915784625368792, 1.3821844157946251e-05, nan, nan
2008go, CSP, 91bg, SALT, 332.68679200000014, -20.788110999999994, 0.0623, 0.0, 0.06071935029069365, 54765.61, 54776.58, 448.004795531436, 0.0, 37.27831750180099, 0.10185698129316538, 10.908950503065558, 0.1000150006443601, 54766.19580998218, 0.08536905344953993, -0.2865160143826073, 0.10725961326286754, 0.08991676557928377, 0.0032584862430932887, 0.0009161306953958167, 2.829289934483123e-06, 18.214350000000003, 0.012300000000000002
2005hj, CSP, 91bg, SALT, 21.701125, -1.2379999999999998, 0.0574, 0.0, 0.05548572073168324, 53671.67, 53761.57, 7320.407108365491, 0.0, 37.30922937429491, 0.10076686437642944, 9.52474382794979, 0.10036437533398969, 53674.99081481962, 0.08233689120970666, 1.5375348016162937, 0.04913478099563606, 0.07405719971852111, 0.003104078471065924, 0.0012026221489465105, 3.817956357575495e-06, 17.9012, 0.011733333333333333
2008bq, CSP, 91bg, SALT, 100.26045799999999, -38.038611, 0.034, 0.0, 0.035317653145700935, 54562.49, 54606.46, 983.3494355284128, 0.0, 36.010879624830324, 0.10016902865726607, 11.946576632579085, 0.1891837152082599, 54563.973680566254, 0.0386315265459416, 0.450897432173345, 0.020103358024526896, 0.17803217027438092, 0.0014895195503429515, 0.0025646536672157545, 5.105164201167224e-06, 17.058941176470586, 0.007470588235294118
2008bf, CSP, 91bg, SALT, 181.012083, 20.245167000000002, 0.0235, 0.0, 0.024411752508128857, 54547.73, 54646.49, 70069.76562483545, 0.0, 35.4071893656962, 0.10013981879884748, 9.335821037180079, 0.10474959584291142, 54555.423441344035, 0.014658261228760239, 0.642111099033642, 0.014222233386244065, -0.016513562624829396, 0.0014709998312259368, 0.007836201946059641, 1.449344164099366e-05, 16.004266666666663, 0.008133333333333334
2006lu, CSP, 91bg, SALT, 138.82345800000004, -25.60008299999999, 0.0534, 0.0, 0.055620130925735006, 54040.84, 54137.75, 20335.909810153742, 0.0, 37.16415433055789, 0.100656163367582, 10.312301203111709, 0.10005269717103293, 54039.181600342075, 6.527065488626249e-05, -0.2076804821813072, 0.026625436988664264, 0.09154391614577453, 0.0033684396349680716, 0.0010244903552434563, 3.5691946095337374e-06, 18.1107, 0.0113
2008cf, CSP, 91bg, SALT, 211.885667, -26.551832999999995, 0.046, 0.0, 0.04668465270812782, 54595.77, 54654.65, 34641.53331780488, 0.0, 36.877802768823344, 0.10031662615192279, 8.754352914249603, 0.10048998277034027, 54595.537688011595, 0.07157676591305062, 1.1046425142103822, 0.02562478496015208, -0.011940929058657858, 0.002120122823864176, 0.002131653451891151, 5.600726101665366e-06, 17.39193333333333, 0.006866666666666669
2007hx, CSP, 91bg, SALT, 31.612832999999995, -0.8995279999999998, 0.0794, 0.0, 0.07815815296284123, 54354.78, 54411.73, 628.5417096235166, 0.0, 38.231460175644976, 0.10292345290802536, 10.947106485783687, 0.10020909294180855, 54354.7747996948, 0.1920666701371374, 0.4554886952657411, 0.09787797926929243, 0.2015440715218808, 0.0059821257151139945, 0.0003112083956123925, 2.0506652128775513e-06, 19.2674, 0.0189
2007jg, CSP, 91bg, SALT, 52.461750000000016, 0.056833000000000015, 0.0371, 0.0, 0.035639792744478135, 54363.82, 54425.78, 3789.22247883743, 0.0, 36.60516090675818, 0.10043988908668054, 8.983217199440995, 0.10114633276657468, 54366.8411449651, 0.04762657695391681, -0.34328154251953735, 0.033859087802729226, 0.135339298355409, 0.0024642584365726873, 0.0014914282438214948, 3.738644261243603e-06, 17.651450000000004, 0.010400000000000001
2005ku, CSP, 91bg, SALT, 344.9275419999999, 0.013693999999999996, 0.0454, 0.0, 0.043721915471377965, 53699.56, 53739.53, 146.65662021859524, 0.0, 36.66325318042421, 0.10337471469781218, 7.895610204112348, 0.12351223859884536, 53699.21569510634, 0.17561648813352804, -0.032224639955027445, 0.11248423496345861, 0.17227527768061313, 0.006037716871134987, 0.001334671690661787, 1.0018290945286658e-05, 17.751600000000003, 0.017300000000000003
2007jd, CSP, 91bg, SALT, 44.97237499999999, 1.1607220000000003, 0.0726, 0.0, 0.0717710864312675, 54362.83, 54409.83, 395.3145440178669, 0.0, 37.90180343119706, 0.1031039951130023, 10.066482342060203, 0.1001075447532651, 54362.03881062486, 0.23482054331543623, -0.7927233602020672, 0.09090299463638096, 0.1863549187630104, 0.00628195765448917, 0.0003686624413269517, 3.158912417170567e-06, 19.09295, 0.023550000000000005
2005hc, CSP, 91bg, SALT, 29.19975, -0.21372200000000008, 0.0459, 0.0, 0.04394137948007002, 53662.72, 53755.61, 40756.17328825475, 0.0, 36.859309435013316, 0.10021134430886576, 10.515068680685955, 0.10001325769290403, 53668.09381488675, 0.03499765312881209, 0.9502020949555734, 0.023717314937538037, 0.04772652333294314, 0.0016970084527174042, 0.0018011031193853127, 3.135057270851709e-06, 17.524839999999998, 0.008159999999999999
2008bz, CSP, 91bg, SALT, 189.74058300000007, 11.1295, 0.0603, 0.0, 0.061705666074794226, 54580.72, 54651.52, 4554.449946019326, 0.0, 37.56673974043155, 0.10095498401593103, 10.467466688012156, 0.10003190480939134, 54579.49012033681, 0.11133129574955092, -0.23735031352402014, 0.05156205319143653, -0.058080752717532005, 0.0032921190848631725, 0.0010617212797625287, 5.6536743669984555e-06, 18.170866666666665, 0.01266666666666667
2005iq, CSP, 91bg, SALT, 359.63541699999996, -18.709167000000004, 0.034, 0.0, 0.032251788271707396, 53682.55, 53755.55, 5939.336804738846, 0.0, 36.21826083650192, 0.10023456776259991, 10.473486783488507, 0.10000588792375244, 53688.291131820486, 0.01735514897518442, -0.988204059600164, 0.0209028627230487, -0.030355715297711344, 0.0018784078502519532, 0.0030647961229886248, 6.5636451364096755e-06, 17.008760000000002, 0.01052
2005ir, CSP, 91bg, SALT, 19.182333, 0.794556, 0.0763, 0.0, 0.07483568715065346, 53682.62, 53740.53, 387.26647496757084, 0.0, 37.865567741232354, 0.10178024733355444, 10.12736126558582, 0.10005407231411567, 53685.60926368374, 0.11838876311594504, 0.8554996812359317, 0.0830520946010721, 0.07415544014890219, 0.004402753966961502, 0.0006542386534383643, 3.04952440639076e-06, 18.529578947368417, 0.021894736842105265
2008ar, CSP, 91bg, SALT, 186.15799999999993, 10.838167, 0.0261, 0.0, 0.02586206495019581, 54527.79, 54606.6, 22504.780259333238, 0.0, 35.56507723398275, 0.10027630471687268, 10.102752183811647, 0.10000796919881827, 54535.24245274199, 0.020211686147376895, -0.0462003794961352, 0.017862804762784623, 0.06811114579158367, 0.002047550533696283, 0.004874759085663298, 1.4643418448409136e-05, nan, nan
2004ef, CSP, 91bg, SALT, 340.54174999999987, 19.994556, 0.031, 0.0, 0.02954612859608288, 53255.69, 53329.57, 33993.16439178052, 0.0, 35.78545818444365, 0.10004005456927473, 11.171477203958151, 0.10000715278327942, 53264.702593496906, 0.005622467626380967, -1.378715243645352, 0.006320067240154215, 0.1635136745352338, 0.0008214736585531132, 0.0025382304700257755, 2.4349297372649442e-06, 17.063847826086953, 0.006565217391304349
2005na, CSP, 91bg, SALT, 105.40258300000002, 14.133250000000002, 0.0263, 0.0, 0.026774414686061662, 53738.71, 53834.54, 52320.57538660852, 0.0, 35.45063268080756, 0.100154834723382, 10.902842205220578, 0.10000299299231645, 53741.41572909347, 0.03427427385759074, -0.31625435511900113, 0.016539203495372357, 0.0645148211549741, 0.0015156859827520851, 0.005266116884906844, 9.924136283778476e-06, 16.366950000000003, 0.008000000000000002
2008fr, CSP, 91bg, SALT, 17.954749999999997, 14.640832999999995, 0.0397, 0.0, 0.03811642342093458, 54740.72, 54807.57, 38717.16456910804, 0.0, 36.45313068790084, 0.10037603899743948, 8.327633544884216, 0.10198783831811026, 54737.64501747291, 1.1302072380203754e-06, 0.03863280693542359, 0.019601926174160345, 0.054960893196030314, 0.002449788632975973, 0.0022573487872835298, 7.513342088529322e-06, 17.267000000000003, 0.0086
2006ef, CSP, 91bg, SALT, 31.081292000000005, -8.728389, 0.0179, 0.0, 0.016221363049564445, 53979.9, 54040.71, 61369.35173851591, 0.0, 34.75255736639614, 0.10038165088284791, 10.419862861063349, 0.10000103055657222, 53969.92944691729, 0.04050432354779332, -1.3896538105012435, 0.013916937671513141, -0.017298436417545745, 0.0022898234869106826, 0.0107782927778978, 5.0011116061381635e-05, nan, nan
2007bc, CSP, 91bg, SALT, 169.8107080000001, 20.809027999999994, 0.0208, 0.0, 0.022560118838024914, 54197.65, 54259.53, 19307.188234301382, 0.0, 34.94858311864529, 0.1001862712561002, 9.927081146965973, 0.10000026353885295, 54200.86063444116, 0.03219643153715879, -1.0544776059555305, 0.014406729535364704, 0.08357331202194364, 0.0017697352590514074, 0.00715176664011293, 1.4154029215680987e-05, 16.023849999999996, 0.007750000000000002
2009ad, CSP, 91bg, SALT, 75.88908300000001, 6.659917000000001, 0.0284, 0.0, 0.02808883630064752, 54878.6, 54915.45, 1037.164536495915, 0.0, 35.66580649426828, 0.10015168501208677, 10.572115334741166, 0.10001368336215359, 54887.03088426212, 0.013783656315354165, 0.3182183698484853, 0.015618920455776064, 0.12458936008038544, 0.0015315498506221022, 0.004005362701688821, 7.209385895260923e-06, 16.600550000000002, 0.00655
2005be, CSP, 91bg, SALT, 224.886333, 16.669889, 0.035, 0.0, 0.0355986032816855, 53467.89, 53491.77, 1105.9638193381343, 0.0, 36.12146672509412, 0.1006012447912065, 10.545044668481573, 0.10000539136017675, 53460.07149912188, 0.051235494000138715, -1.7865189964713153, 0.01647625557002652, -0.01908143749724278, 0.0029945846803030012, 0.002902842152368429, 1.5731310822161956e-05, nan, nan
2008hj, CSP, 91bg, SALT, 1.0079580000000001, -11.168750000000001, 0.0379, 0.0, 0.03630007086410033, 54795.56, 54834.55, 1487.1189275787556, 0.0, 36.30202783984328, 0.10019467201464399, 10.973017153863509, 0.10002923218633841, 54802.31272216376, 0.018962492235004902, 0.43511919480597183, 0.021748608894467947, 0.03183716715124947, 0.0016410263970638133, 0.00292326546247959, 5.374860361917955e-06, 17.024099999999997, 0.008200000000000002
2007bd, CSP, 91bg, SALT, 127.88866699999998, -1.199444, 0.0309, 0.0, 0.0321001350680277, 54197.53, 54259.46, 6677.815559191142, 0.0, 35.939611635961015, 0.10030623724641656, 10.638096124340995, 0.10000590163158857, 54207.312665153826, 0.013277033107442548, -0.8724423566434059, 0.01674189836189527, -0.0001426322039080324, 0.002274431483768033, 0.0037062259366070654, 1.0149957751614059e-05, 16.751199999999997, 0.0215
2007A, CSP, 91bg, SALT, 6.319417, 12.886806000000002, 0.0177, 0.0, 0.01599141880672713, 54108.54, 54133.53, 496.089229756381, 0.0, 34.6781236273572, 0.1006257062695465, 6.774565304332999, 0.12314789248526455, 54113.68349201693, 0.02810901357952389, 0.5238550616770787, 0.04587694062616998, 0.2746277248063708, 0.0026809964911653347, 0.006783506271672503, 2.2031023894028906e-05, 15.8868, 0.0083
2008gp, CSP, 91bg, SALT, 50.753042000000015, 1.3618889999999997, 0.0334, 0.0, 0.0316740244728526, 54768.75, 54814.69, 1365.7585280926653, 0.0, 36.04072489900193, 0.10017219236003522, 10.825626853900289, 0.10000335855496552, 54779.725451022896, 0.012382852957671275, -0.0038670460674539164, 0.013909196876857877, 0.07613356853628965, 0.001660317749945028, 0.0030954383830277426, 6.661280020514895e-06, 16.939600000000006, 0.0102
2008gg, CSP, 91bg, SALT, 21.346, -18.172444, 0.032, 0.0, 0.03099832534188527, 54753.63, 54827.57, 105607.8915552696, 0.0, 35.79709372856085, 0.10014048663325299, 11.850745409234504, 0.10001182606810265, 54752.09000060626, 8.686765795573592e-08, 0.6122125474341911, 0.013001298926008098, 0.14961987081459388, 0.0014836356629159334, 0.0034536874341964028, 6.8319213756161655e-06, 16.74726666666667, 0.008
2006ev, CSP, 91bg, SALT, 322.746917, 13.989222000000002, 0.0287, 0.0, 0.027057648155491495, 53994.59, 54038.53, 403.666609413731, 0.0, 35.9607444229968, 0.1008830996741682, 10.748696257484479, 0.1000030268143837, 53989.9997328721, 0.07670086455254932, -1.3276540554294458, 0.028973079865472817, 0.2139203714474274, 0.003514282996892983, 0.0018943347226685477, 1.209737263037992e-05, 17.414399999999997, 0.008
2008fu, CSP, 91bg, SALT, 45.61875, -24.455972, 0.052, 0.0, 0.051480777959967784, 54740.75, 54817.67, 3052.923098217446, 0.0, 37.07431885801441, 0.1035947539140613, 10.667201822306131, 0.10002093026814635, 54733.023895737715, 0.133335441158124, -1.4848124707815775, 0.03508803066529176, -0.06175814570861979, 0.007321395526805759, 0.0014158512979229579, 1.9649096656627425e-05, nan, nan
2005bg, CSP, 91bg, SALT, 184.32158299999998, 16.371556, 0.0231, 0.0, 0.02433405884990326, 53471.65, 53512.61, 1815.993533210351, 0.0, 35.375852228521595, 0.10028147323310195, 9.797047393282007, 0.10000500722327006, 53469.75534339267, 0.05869353608795791, 0.7976471455114731, 0.02974209928082061, 0.04979246975343311, 0.001774886459576292, 0.006872622505555274, 1.755479340486665e-05, 16.11, 0.00788235294117647
2007nq, CSP, 91bg, SALT, 14.389875000000002, -1.3886110000000003, 0.045, 0.0, 0.04258458084208732, 54397.65, 54476.56, 10797.989977690762, 0.0, 36.51374771016662, 0.10052780927931193, 11.25062156153491, 0.10000375958713943, 54398.608729301915, 0.05002279344626004, -1.8424354695392042, 0.020570240222219094, 0.03840549249623123, 0.002883513574017621, 0.0017138172829212876, 7.420193761010514e-06, 17.61253333333333, 0.012466666666666671
2020vnq, ATLAS-ZTF, 91bg, SALT, 26.94648823333301, 42.00450613333301, 0.07943621982136113, 5.632208257229376e-06, 0.07802645200848286, 59110.469687, 59187.425275, 141.95715636137606, 0.0, 37.970108312607906, 0.1265048676348382, 10.471831216276883, 0.10004037673394747, 59141.54658319954, 0.20977042919912492, 0.2605702851393421, 0.2718853715215591, 0.03489556678199401, 0.020462600154764008, 0.0006085665264878083, 1.3200779181583898e-05, 18.600626949406713, 0.14707897210621146
2019ycb, ATLAS-ZTF, 91bg, SALT, 184.70266700000008, 5.737611000000001, 0.046035180778296964, 2.0013845711889123e-05, 0.04683877826596701, 58826.63506, 58904.553158, 205.17406097957783, 0.0, 36.95016145695597, 0.12808193265438114, 9.607961236393159, 0.10007125209432519, 58850.73126290621, 0.30268163836808526, 0.2708613156750228, 0.1886224111152135, 0.20857731065609597, 0.022728592118236576, 0.0009680281249805538, 2.797665878785215e-05, 18.013913041085434, 0.060822572549507424
2021gjm, ATLAS-ZTF, 91bg, SALT, 115.58841699999999, 12.165781, 0.045212676296850426, 3.6503369177272316e-06, 0.04580761433370152, 59272.46876, 59347.275522, 131.00992746687012, 0.0, 36.8970035999819, 0.11111510125642048, 8.61778358793296, 0.10061095012867252, 59309.38031226471, 0.11312972883388284, 0.6167523025457833, 0.15961294488972433, -0.022625383976200873, 0.012916845335101363, 0.0020133220900843186, 3.0387494716275103e-05, 17.402847933827644, 0.041993235408467104
2021ymm, ATLAS-ZTF, 91bg, SALT, 78.78752324444399, -16.027569955555997, 0.05937440894527106, 0.00032022153139022597, 0.05825998132844925, 59444.616352, 59523.508593, 566.2176780718128, 0.0, 37.46152874629772, 0.13348648699939614, 10.693614635429267, 0.10002139880549382, 59472.27842242981, 0.17287299505915144, -1.6618589474613277, 0.2435097223532029, 0.016817088501042608, 0.024765758972237074, 0.0007791781482187396, 2.2509838170103846e-05, 18.38877233963409, 0.08943719180221617
2020jjh, ATLAS-ZTF, 91bg, SALT, 248.07225, 50.19053900000001, 0.047369437159089575, 6.671281903963041e-05, 0.0469537590570458, 58960.55189, 59072.19968750002, 1440.4758965147166, 0.0, 36.820925536858276, 0.10419826164208883, 10.88034546830369, 0.1000054078936436, 58993.19003602701, 0.0652466596729937, 0.5471785843591959, 0.07303117833798944, 0.12088533342011318, 0.008376768912760095, 0.0014421877329203177, 1.3885995686587762e-05, 17.617136128610365, 0.04494142326961514
2021aip, ATLAS-ZTF, 91bg, SALT, 159.34191035699996, -7.366799450490001, 0.029708141720976834, 4.2958744270772675e-06, 0.030517042259622613, 59216.555597, 59336.21125000017, 720.0916223835045, 0.0, 35.90837099750841, 0.10992105510221756, 9.460852963968119, 0.10009538475680294, 59242.99856798959, 0.06689326013292884, -1.4979993515552392, 0.07937297303054969, -0.02298168603817243, 0.013172000385375552, 0.0037185036356283644, 6.801589373449763e-05, nan, nan
2020npb, ATLAS-ZTF, 91bg, SALT, 269.992583, 44.86266899999999, 0.038463275817298914, 1.6678204759907602e-05, 0.03796586957861214, 59006.375564, 59116.19439810002, 249.65359967532066, 0.0, 36.436270792561984, 0.11461909183628628, 11.278509472251006, 0.10000740325635864, 59041.65907045285, 0.06726219864867744, 0.6769649743558204, 0.0754684390554089, 0.10820695058251638, 0.01641759753704186, 0.002167400924661271, 4.9328372324200455e-05, 17.297233036610255, 0.048512415368744885
2020uec, ATLAS-ZTF, 91bg, SALT, 317.4522080000001, 15.148581000000002, 0.027094097333686527, 2.7505581058212547e-06, 0.025833395595796588, 59096.425269, 59202.10128469998, 1144.4850990776167, 0.0, 35.787517255730805, 0.1022508625176098, 9.404090220394858, 0.1000382077974293, 59131.678752803426, 0.039832424801716115, 0.3547251763670556, 0.04793851624720791, 0.019217566589888574, 0.006146062820234641, 0.004806123640729449, 3.596015791991479e-05, 16.52171620731056, 0.05985238047257394
2020urj, ATLAS-ZTF, 91bg, SALT, 121.65362500000005, 10.45741100000001, 0.04182893753784827, 6.671281903963041e-06, 0.04266280616502784, 59109.610981, 59196.46362269996, 324.0321430950817, 0.0, 36.277371073404254, 0.11176991215824345, 9.982738125904543, 0.10004150794371677, 59137.11400181893, 0.08673157290104427, -0.3706487682534393, 0.10383113825112616, 0.09122465803429028, 0.014219352477306973, 0.0022679217897270667, 4.4044923798359275e-05, 17.19955879175574, 0.11357707489923935
2019fcf, ATLAS-ZTF, 91bg, SALT, 265.07345799999996, 17.694211, 0.055185037286178976, 6.787446665823538e-07, 0.05484400202749778, 58597.574401, 58674.56113, 134.62812410990142, 0.0, 37.30733192372519, 0.13762387221429573, 10.572102754618143, 0.10004947960182978, 58627.66033044757, 0.1939934096808429, -0.01817534181737357, 0.19032224783160856, 0.1326788725405244, 0.02707723569488744, 0.0008237618660303194, 3.017248938839635e-05, 18.272661695163414, 0.07720169633967969
2021mku, ATLAS-ZTF, 91bg, SALT, 170.44322001875, -5.47923689375, 0.049823134643367184, 0.00015010384283916842, 0.05127473341496256, 59331.441769, 59402.276509, 364.94528933256146, 0.0, 37.04394508000158, 0.1263389908294219, 9.688768016344161, 0.10002859278637946, 59362.06159116696, 0.15833084713449352, -0.6834235068424144, 0.17673278146285026, 0.11812006739978248, 0.02184339492918089, 0.0009949410027330673, 2.8880090286958494e-05, 18.11223621645625, 0.11806343920536498
2022udc, ATLAS-ZTF, 91bg, SALT, 65.96319250000002, -10.30844, 0.04601850257353706, 0.00012008307427133475, 0.04484240337873244, 59818.6237, 59906.356631900184, 712.5201947017521, 0.0, 36.57395170797416, 0.11252848974002441, 10.676875727659754, 0.10000713213566226, 59843.35165035527, 0.14325340144932852, -1.3234312505627215, 0.1046200904286495, 0.24967074479552817, 0.014858777191388494, 0.0009768273177132006, 1.89960021552657e-05, 17.988731673545004, 0.0672346536533104
2019wzy, ATLAS-ZTF, 91bg, SALT, 29.917868199999994, 5.9819679, 0.07394090282154535, 3.4134435550267628e-06, 0.07260918431459994, 58814.360842, 58894.11831020005, 150.24368075948246, 0.0, 38.04050361638636, 0.13430792072138667, 9.334402074278591, 0.10094409933530882, 58848.505417584565, 0.22107798147408175, 1.5144907319404033, 0.2332489083340994, 0.006629592917058326, 0.025523317852134794, 0.0007355003970016109, 2.1206672735048715e-05, 18.427920254499526, 0.10265565983165911
2019ywf, ATLAS-ZTF, 91bg, SALT, 44.676167, 32.573011, 0.038603646951112194, 4.092500434905999e-06, 0.036578900656359416, 58836.456714, 58905.292226, 180.35038995881104, 0.0, 36.57648150760562, 0.11477570452672589, 9.9374583368353, 0.10009655630043521, 58856.003370913044, 0.09376094029357773, -0.7779585373780762, 0.12602122585859993, 0.15361116944887332, 0.016167814820848638, 0.001369909320437788, 2.7653981953998522e-05, 17.66674409090909, 0.06335884748490607
2019pff, ATLAS-ZTF, 91bg, SALT, 251.45766699999993, 45.086311000000016, 0.05964793150333355, 3.0020768567833688e-05, 0.059392464000059125, 58708.368185, 58795.079097200185, 143.1753002715368, 0.0, 37.5460708817169, 0.13144665892868143, 10.032410663222329, 0.10006098397451503, 58742.81961175955, 0.16718286873219768, 0.735643779685411, 0.2388444002867307, -0.05515724851201613, 0.023244199641375626, 0.0012312336796739434, 3.836909147161055e-05, 18.14349558278507, 0.11913696245527779
2021wue, ATLAS-ZTF, 91bg, SALT, 18.947390851699996, 1.5058049795799997, 0.07802827431826731, 3.664716503745668e-06, 0.07664565266314298, 59426.557256, 59502.33722219989, 122.22889023671942, 0.0, 37.967889959301246, 0.12466277381983643, 10.30220652797982, 0.10009517801001958, 59458.6008902563, 0.23036126921579125, 1.3781492463125333, 0.20937189117652966, 0.031701769852296315, 0.020602618581619978, 0.0007201090027786028, 1.8105392881778723e-05, 18.468179177546904, 0.1070712119139169
2021lma, ATLAS-ZTF, 91bg, SALT, 160.38385209800006, 52.65101615440001, 0.06425445165802003, 2.6685127615852164e-05, 0.06492783902774042, 59322.350814, 59388.253595, 144.94742136680904, 0.0, 37.579182453241174, 0.12089177154625674, 9.535755247623024, 0.10041191435012957, 59354.51037533587, 0.1468090675007261, 0.809241226192754, 0.22855635037504762, -0.009310461292660326, 0.017577743396577514, 0.0010640221077218039, 2.4949456910011556e-05, 18.196335958600145, 0.0910047653935335
2020mbf, ATLAS-ZTF, 91bg, SALT, 305.8863329999999, 19.711099999999995, 0.04734942331337769, 0.0001467682018871869, 0.04661339530334849, 58989.525006, 59087.2925809999, 1613.393792092894, 0.0, 36.69435370368622, 0.11369618375550083, 11.544984935720198, 0.10001099591925336, 59019.88663144587, 0.1039406941672496, -0.30161937652119164, 0.09025317627665425, 0.13630258864547162, 0.015853495063575637, 0.001378245956492458, 2.850389038412774e-05, nan, 0.049199754922247395
2021hwk, ATLAS-ZTF, 91bg, SALT, 214.761322569, -7.39058508787, 0.04111622062408591, 5.7871304469971074e-06, 0.04174911329469936, 59288.486456, 59373.23497689981, 438.8919503681496, 0.0, 36.94125617778846, 0.12097191790726573, 9.59710570987759, 0.10006273905281818, 59319.92715089185, 0.12991988229259732, 0.7595231219082443, 0.13651560651321337, 0.27325859950618375, 0.019896916592254295, 0.0008754998849207231, 2.1063045314513394e-05, 18.061791878574972, 0.05578171611106962
2021huu, ATLAS-ZTF, 91bg, SALT, 178.61120800000003, 55.07398099999998, 0.046188620262088115, 1.6678204759907602e-05, 0.04697827122674746, 59288.438232, 59385.222673600074, 405.70544654087564, 0.0, 36.89888339605038, 0.1091171064174004, 9.33071735875763, 0.10016299275826825, 59322.9599470781, 0.0002856421415344812, 0.3806390911094393, 0.08112097474138047, 0.026627951846192446, 0.01271277001053846, 0.001698248483140015, 2.7861792195235348e-05, 17.582346508355954, 0.07892155369516685
2022mzs, ATLAS-ZTF, 91bg, SALT, 205.64786110000003, 30.190925266666675, 0.034737364873935556, 4.3363332375759766e-05, 0.035003791791318045, 59727.33644, 59805.314441, 733.2394649871104, 0.0, 36.36414814887114, 0.10357321279920242, 9.372501059129448, 0.10027315730315092, 59761.95036300717, 0.04269981993274996, 1.2058683941529913, 0.06178370092624952, -0.023774741629511244, 0.007601104690136588, 0.003584919254360183, 3.691146840842275e-05, 16.87994849197015, 0.0347124109086098
2021zqc, ATLAS-ZTF, 91bg, SALT, 278.108917, 51.56878099999999, 0.033335374693592434, 3.794588879554167e-06, 0.03224817840998462, 59464.323107, 59540.223563, 198.66174668778748, 0.0, 36.3445438452251, 0.11849948637157638, 9.29507621718661, 0.10011012670279414, 59494.89623765651, 0.0709611537240562, -1.15682555404638, 0.10244802565957778, 0.01782467950254841, 0.018328736023316586, 0.0023341981474067613, 6.130473959333193e-05, 17.369571739571658, 0.04459437440552727
2021hlw, ATLAS-ZTF, 91bg, SALT, 150.97594894, 49.41953296999999, 0.05077412587877712, 1.7011768855105755e-05, 0.05073238532396259, 59288.456457, 59360.270215, 340.9094489253452, 0.0, 36.98481942787313, 0.11604944244934515, 10.548993858321907, 0.10002606629072573, 59315.1773922193, 0.10385023119670223, -1.5328281429377166, 0.14200091113580837, 0.1378710557947666, 0.01722881880012815, 0.0008829189700409, 1.54177641973014e-05, 18.201603176052224, 0.06142636080581294
2020jee, ATLAS-ZTF, 91bg, SALT, 175.56125000000003, 20.097519, 0.01981771002391261, 4.903392199412835e-05, 0.023227750344009743, 58957.327466, 59033.28754, 944.0098127269652, 0.0, 35.018348038919584, 0.10091962038599447, 10.079681427957151, 0.10003814887780291, 58985.669298850764, 0.02300817449213355, -1.5748481947288029, 0.028332248168541407, -0.07572490668656481, 0.0039592281638981645, 0.009650374420941093, 4.599172073085518e-05, 15.870012538104701, 0.012172516227993223
2020ocv, ATLAS-ZTF, 91bg, SALT, 266.653851576, 20.504724955400004, 0.062160237437430134, 2.8118561104933937e-06, 0.061811190093753694, 59021.401226, 59097.329404, 135.2109251643859, 0.0, 37.64621494812578, 0.12941146287531277, 9.821494807017421, 0.1002156670404045, 59048.58318466138, 0.19681845382001484, 0.49062537359845226, 0.2219305085400214, 0.17005622809321963, 0.023207445482237108, 0.0005845656200978804, 1.5337497355820755e-05, 18.54748322119077, 0.07782109536436553
2021lat, ATLAS-ZTF, 91bg, SALT, 220.22412400000005, 24.97165799999999, 0.03385708922670763, 8.005538284755648e-06, 0.03398961433926212, 59319.439043, 59425.182164399885, 569.1454692219701, 0.0, 36.52514800413114, 0.10605802531876529, 9.388202118133492, 0.10005212737276557, 59353.50610275242, 0.062250686394691, 1.3535863025998829, 0.0778973900801111, 0.16682004111313065, 0.010085758468161144, 0.0018703840531960377, 2.4539809691910247e-05, 17.37911204407124, 0.05372296926684034
2021nyt, ATLAS-ZTF, 91bg, SALT, 245.80757498399996, 26.47594296280001, 0.0644595935765669, 1.2008307427133473e-05, 0.06420355155232642, 59349.412206, 59434.1953125, 123.50019055741947, 0.0, 37.37050446573747, 0.12076213712544051, 11.027330840158404, 0.10001203530524123, 59376.72020709071, 0.11899630894913571, -1.2346399383714923, 0.15654789816894465, 0.10635083107171275, 0.01984464109415319, 0.000703830461244471, 1.467707535294507e-05, 18.38764235479966, 0.06863678823838332
2019igg, ATLAS-ZTF, 91bg, SALT, 229.81083809999993, 7.866461599999999, 0.04726870080233973, 1.28522245879848e-05, 0.04581880322598741, 58641.319313, 58723.13912039995, 283.81232339165547, 0.0, 36.99821178727441, 0.11429210661796672, 10.168601211616895, 0.10001707963870618, 58673.64797221615, 0.0975418300149613, 0.24240779384696376, 0.14231829731625678, -0.032470191179604514, 0.015348406682310096, 0.0017875372880659347, 3.668739157885697e-05, 17.63934219957364, 0.07196842986288456
2021wlw, ATLAS-ZTF, 91bg, SALT, 278.6656771, 44.235858500000006, 0.06564131279510536, 7.418689219836072e-06, 0.06494358270456399, 59426.342513, 59506.303405, 593.6889819007368, 0.0, 37.75820490690438, 0.11775410795198896, 9.023116515861284, 0.1095019213552802, 59455.47626246127, 0.17657523400339414, 0.5680169191808226, 0.19424001740491526, 0.07607630881035832, 0.01679995671632804, 0.0006899183760648964, 1.386997907863657e-05, 18.475049466699115, 0.08124597042991541
2021igt, ATLAS-ZTF, 91bg, SALT, 191.25050259, 21.1417000006, 0.07535546474621453, 6.671281903963041e-06, 0.07635389344124613, 59293.39492, 59369.35559, 231.2749838081045, 0.0, 38.283735412306314, 0.12049697326935731, 9.986114899354783, 0.1001028942983697, 59321.6070024516, 0.13887096013786504, 0.18721156888022894, 0.1683635049259541, -0.08540599682224827, 0.0195223569186408, 0.0006277216842009061, 1.2553288220199131e-05, 18.669797007512962, 0.09318906375012896
2021ghc, ATLAS-ZTF, 91bg, SALT, 149.13745800000004, 0.7522890000000001, 0.04617194205732822, 1.0006922855944561e-05, 0.047568764555385085, 59278.481033, 59353.187349500135, 92.9004537848968, 0.0, 36.897324066338115, 0.10869209920215464, 9.424866805991119, 0.10010206871822418, 59307.18558384552, 0.10779172719776398, 0.33979164748871193, 0.09884921176869843, -0.01707018517778319, 0.012480553870747682, 0.0019063967239406623, 2.4954823672608914e-05, 17.46924708239871, 0.05142803255930783
2020jhf, ATLAS-ZTF, 91bg, SALT, 198.722667, 27.008638999999995, 0.01544068196672246, 6.337717808764889e-06, 0.016984855054084674, 58957.433498, 59045.2380903, 1717.6700091258294, 0.0, 34.402148616478556, 0.10069927165925296, 9.778569396641444, 0.10002120467617522, 58991.66063898553, 0.016486326268932316, -0.8497613263164272, 0.018335773529943866, 0.10680660737959714, 0.0034744268683146754, 0.011424091798871048, 5.289550188728645e-05, 15.492176944544841, 0.011894214006333313
2022eat, ATLAS-ZTF, 91bg, SALT, 167.879066032, 19.827278689600007, 0.02758793805128781, 1.6971387698898333e-06, 0.027943510911259354, 59621.463023, 59743.18782409979, 2444.5127555630797, 0.0, 35.77454343856297, 0.10204795939362718, 8.054710390190476, 0.12914405060375805, 59658.7123755472, 0.03186067530623404, 1.4458189234499685, 0.044031031526752806, 0.004896973823319441, 0.005785152572934859, 0.005899694859361363, 4.584840108320291e-05, 16.3701759063683, 0.03646370516017756
2021jwl, ATLAS-ZTF, 91bg, SALT, 233.89276104000004, 5.392227933070001, 0.038463275817298914, 4.669897332774129e-05, 0.038655747504473724, 59299.550212, 59397.210254599806, 400.9872370686642, 0.0, 36.71875027453183, 0.11150954831567764, 9.800650261282989, 0.1000443228908464, 59331.88534910741, 0.0630937700625509, -1.2306783285211098, 0.08676709947988281, -0.05203816310353492, 0.014335106264860016, 0.0019824939328867, 3.800701416522973e-05, 17.58509200715456, 0.06415637400140703
2020bqz, ATLAS-ZTF, 91bg, SALT, 234.7648574399999, 31.19842962000001, 0.05396066368020505, 2.0013845711889123e-05, 0.05408074227329979, 58869.652189, 58937.563314, 104.4070927402079, 0.0, 37.072433702702725, 0.13528018637698994, 10.325139430445853, 0.10002150272126917, 58894.006766475104, 0.1946615523302171, -1.0813086128625011, 0.225631863825696, 0.12810129228565517, 0.025571638585098578, 0.0008915663965537218, 2.9630355134778246e-05, 18.134999999999998, 0.08122888764020766
2020ndv, ATLAS-ZTF, 91bg, SALT, 347.408741833, 12.830001891300002, 0.037415884558376716, 2.2015230283078036e-05, 0.03630020415250456, 59001.59194, 59136.196041699965, 1861.1845859709188, 0.0, 36.47078667195313, 0.10420557732424703, 9.821924742028935, 0.10005675401593454, 59034.271260360496, 0.05138631919908221, 0.5717658506562451, 0.05947571620000813, -0.00014768333804585304, 0.00846077607943314, 0.002785181102497353, 3.0384391732259172e-05, 17.123264305920515, 0.039695191741919746
2020kyx, ATLAS-ZTF, 91bg, SALT, 243.439625, 22.920661, 0.03191607975674959, 1.1007615141539018e-05, 0.033078361859061885, 58973.420224, 59073.22811339982, 1573.3724992944499, 0.0, 35.71801013998941, 0.10600875488350076, 10.781759727399866, 0.10000324296385193, 59008.63053381594, 0.03968510490449262, -0.7039469978525703, 0.0474528844038008, 0.1041604182726018, 0.010213354661085765, 0.003495869153888748, 5.179865471320752e-05, 16.795354248501095, 0.03421161721189526
2022mvc, ATLAS-ZTF, 91bg, SALT, 232.552288, 7.765330399999998, 0.03502422999580597, 2.0013845711889123e-05, 0.03605115693732067, 59726.472426, 59815.187673599925, 192.43833337226727, 0.0, 36.32022657527354, 0.11340678961452327, 10.313251583958877, 0.10002219885711357, 59756.21938398953, 0.12688995859207353, -0.4377149743467018, 0.11943007213858131, 0.29718258913331774, 0.015264806328710419, 0.0012270989011785218, 2.4185864275209932e-05, 17.619205649735804, 0.04696312896349086
2019dwq, ATLAS-ZTF, 91bg, SALT, 223.56512500000008, 4.792988999999999, 0.02754972575060578, 7.338410094359346e-06, 0.02915537163388297, 58578.519928, 58720.15098380018, 1233.6171978604293, 0.0, 35.78227640523897, 0.10307055619686747, 8.726472641724214, 0.10071940372596758, 58610.21163901854, 0.04197181429117336, 0.15528577863140547, 0.0423966915676649, -0.04497883756900912, 0.007270244385790167, 0.005600253703704658, 5.460589342800226e-05, 16.47152161743128, 0.021151789105162147
2022mvb, ATLAS-ZTF, 91bg, SALT, 240.53912000000003, -6.4344766666699975, 0.029583799603124107, 0.0001300899971272793, 0.029557870068421907, 59726.457564, 59806.292214, 477.43540048893385, 0.0, 36.16760811398525, 0.11633853372421757, 10.120412370285703, 0.10002361161283617, 59756.08905094548, 0.13876122820875025, -0.9816262243850193, 0.13970726134283185, 0.2634413722894908, 0.016935127700475016, 0.0014350238322539599, 3.0452885635789747e-05, 17.51695160135373, 0.049334937445869184
2021hwx, ATLAS-ZTF, 91bg, SALT, 229.86087330499993, 23.3976319294, 0.08748051960666736, 2.3349486663870643e-05, 0.08795265653245458, 59287.628077, 59363.451393, 152.96430973979534, 0.0, 38.319376449227114, 0.1275134348366561, 10.543241492471598, 0.10020199762484902, 59318.7767822962, 0.1736325211059011, -0.7753405813170977, 0.21645032925443036, -0.028463510582791347, 0.02293896740493042, 0.000453656440990238, 9.250204212569614e-06, 18.921404821671267, 0.1077396670925281
2020may, ATLAS-ZTF, 91bg, SALT, 185.995625, 48.355250000000005, 0.05336358394980037, 1.3342563807926082e-05, 0.05379014419231965, 58990.322874, 59048.273525, 223.52447760161783, 0.0, 37.05884763662016, 0.11724153926890378, 10.252781244615615, 0.10001361765627101, 59024.86882557039, 0.11197177276699222, 1.7889978618563418, 0.17686559887576558, -0.0016508741330505453, 0.016416787173172014, 0.0019315922598889174, 4.4296387587821264e-05, 17.481187349077082, 0.06655534764383007
2020qic, ATLAS-ZTF, 91bg, SALT, 3.773333, 43.343289, 0.04949142768274777, 3.3019924915098087e-06, 0.0478753292684165, 59034.574779, 59144.24680559989, 1047.1827056442344, 0.0, 36.75536020137582, 0.10432157569424451, 8.748466161591686, 0.10098659717137311, 59071.254137874035, 0.05451588051437284, 0.4801064631892915, 0.06705317007868028, 0.02086072940478038, 0.008378446328011232, 0.0019969741610391424, 2.2850932200119505e-05, 17.42736723669341, 0.05331381989337264
2020sjo, ATLAS-ZTF, 91bg, SALT, 66.59145799999999, -10.098811000000001, 0.031268965412065176, 1.934671752149282e-05, 0.03125653169854698, 59082.61669, 59198.30259260023, 1417.3224816641587, 0.0, 35.886158770409814, 0.10337855073938486, 12.627189308002352, 0.10000878808173835, 59107.51934195177, 0.0540711574103625, -0.38377835935488214, 0.048960257095996274, 0.063862528509226, 0.00767078779454025, 0.0034988483735485616, 3.35640552387331e-05, 16.79140918162635, 0.026680161247787448
2020dhj, ATLAS-ZTF, 91bg, SALT, 223.37659251999995, 17.289139645700004, 0.044171558178424886, 7.004845999161194e-06, 0.04490926938215607, 58901.50499, 58998.33826390002, 564.6423768922912, 0.0, 36.735245785184645, 0.11683737675261542, 9.877067607420221, 0.10001495223367458, 58919.13947611666, 0.07896163241457543, -0.00480842918872737, 0.10660483063191867, -0.06859574497119163, 0.01758463237984972, 0.002428698127977795, 5.65434022534246e-05, 17.355244598556244, 0.16330812538698228
2021jys, ATLAS-ZTF, 91bg, SALT, 135.30583299999998, 10.437389, 0.03615834791947969, 1.3342563807926082e-05, 0.035997782667089015, 59303.329605, 59368.283423, 205.87059396229617, 0.0, 36.37920083997227, 0.10981708042570126, 9.299793590045544, 0.10011526659641373, 59335.5740470812, 0.08005873918591533, -0.4766253495600359, 0.10058815460871867, 0.007219626817945923, 0.012882134907839723, 0.0025617951402240637, 4.4094411340064266e-05, 17.188925671702897, 0.05820210669832172
2021msv, ATLAS-ZTF, 91bg, SALT, 195.09912456000004, -11.965501239999998, 0.05073309749506774, 0.00024983950730341593, 0.050629375079395425, 59332.441227, 59408.274863, 329.0000484159476, 0.0, 37.162068752018214, 0.11555815303892696, 9.642380145472709, 0.10024698603551556, 59362.577520073544, 0.10275815691056778, -1.5136578268177125, 0.11018316846390541, -0.08485512901037286, 0.016911070046027644, 0.0013857470220461608, 2.93786294476725e-05, 17.949842017045945, 0.09904862861615027
2019dyo, ATLAS-ZTF, 91bg, SALT, 135.278636862, 52.65103789739999, 0.029829302777189946, 9.67335876074641e-06, 0.029817757051986214, 58578.374802, 58759.46791670006, 304.99336085889036, 0.0, 36.05190787203608, 0.10591956551008745, 10.174871083584145, 0.1000140561068477, 58613.32646110803, 0.0790008073017816, 1.208505199818275, 0.1009515026007829, -0.05629704812856999, 0.009588546055638237, 0.005227613258674075, 6.164508491043083e-05, 16.580938975196194, 0.026951855992666227
2019dwd, ATLAS-ZTF, 91bg, SALT, 160.7275312, 21.624759099999995, 0.05122543809958021, 6.671281903963041e-06, 0.05145406364954251, 58577.393563, 58662.17966439994, 276.2312542191015, 0.0, 37.064873214296284, 0.11096698987930943, 10.30682270780871, 0.1000231509631451, 58611.8285034372, 0.10946604859782383, 0.5014117722898681, 0.12351840297973427, -0.06353386982107549, 0.013805416533593143, 0.001898757435538416, 2.8415787909229473e-05, 17.51298493664282, 0.04320657409367589
2021min, ATLAS-ZTF, 91bg, SALT, 222.24025, 18.326688999999995, 0.04203441302049033, 1.3342563807926082e-05, 0.04279912700865677, 59333.528203, 59415.18548610015, 331.51388881184835, 0.0, 36.39949804339797, 0.10620207614203184, 10.423885068855935, 0.1000197138805708, 59363.15751716215, 0.063424382606172, -0.6119945817129507, 0.0655232048624041, 0.0592993522563195, 0.010438635488731923, 0.002138266767788788, 2.8588817151267006e-05, 17.345620951924385, 0.05017000173983507
2021vju, ATLAS-ZTF, 91bg, SALT, 340.60247507200006, 6.960699087980001, 0.040469997414011, 0.00020013845711889123, 0.03865632535211967, 59424.576838, 59529.17342589982, 1014.8058709335003, 0.0, 36.580699053450246, 0.10476258545158636, 9.39546446628285, 0.1000287567773625, 59453.44363739374, 0.050942294430569746, 0.9961278628446557, 0.06338036988981, 0.0891708952277589, 0.00887849716236598, 0.0020911813484321205, 2.592250980855594e-05, 17.34781470173996, 0.0475757858344382
2020tnw, ATLAS-ZTF, 91bg, SALT, 316.2574739490001, 8.27390283353, 0.06803, 5.9999999999999995e-05, 0.0668804991573273, 59087.401664, 59164.276484, 188.99443629457278, 0.0, 37.711138604949795, 0.11529952271188802, 9.026962079466578, 0.10068159377052177, 59120.56289947606, 0.12371804734357283, 0.5560414949897163, 0.15651161886953313, 0.03725716203406909, 0.016129323344685063, 0.0008001359071252361, 1.4927145602235661e-05, 18.33905154095521, 0.11326443315070393
2021nya, ATLAS-ZTF, 91bg, SALT, 184.508542, 24.718, 0.06445459011513892, 1.0006922855944561e-05, 0.06580506690494735, 59341.510528, 59419.267639, 195.14822212718843, 0.0, 37.69308536453146, 0.1291022231954764, 9.960581474207867, 0.1000519747093736, 59375.53826317573, 0.24866121542072506, 0.9459544568777134, 0.32900486391939265, 0.09805771132429583, 0.020071048648090915, 0.0007274002986868522, 1.5798188396282763e-05, 18.34115157970672, 0.07124977017888476
2020zhh, ATLAS-ZTF, 91bg, SALT, 66.58267847030002, -10.0991275863, 0.031268965412065176, 1.934671752149282e-05, 0.0312563046905729, 59146.543502, 59269.1533102002, 1335.1183753525559, 0.0, 35.784644233460035, 0.10374448567063288, 12.850304133313847, 0.10000878808173835, 59178.18865255438, 0.04315822345961351, -0.0631562085369275, 0.05724285103423238, 0.09547823974788719, 0.007988625782128483, 0.0036852511032074513, 3.710177580213795e-05, 16.729296637359795, 0.0376831426957762
2020uwr, ATLAS-ZTF, 91bg, SALT, 359.2646394970001, 17.904025091200005, 0.07944792345893416, 8.253253246832959e-06, 0.07779908571256047, 59105.461712, 59180.304923, 205.694044149809, 0.0, 38.209339476961304, 0.14004579993738095, 9.851685631068198, 0.10029067991216216, 59135.363784358975, 0.2827461784690968, 0.3660951780915389, 0.3168415545789294, 0.09501567074915597, 0.02642435575935582, 0.00042015598525114013, 1.2611689145896895e-05, 18.965682711065824, 0.1243706734632519
2021usd, ATLAS-ZTF, 91bg, SALT, 275.513899561, 36.622320158899996, 0.028239536299475555, 0.00015343948379114994, 0.02712101559832795, 59408.425416, 59531.11077550007, 2637.2826540249143, 0.0, 35.824123987638956, 0.10424846888550977, 10.514133748749497, 0.10000245425755505, 59442.960030332506, 0.04062597054144135, 0.8980794343756471, 0.054554107114557215, 0.22851942502483416, 0.00848624768778751, 0.0028243447791819276, 3.275389715522108e-05, 16.84878438651126, 0.02990765620307095
2020szr, ATLAS-ZTF, 91bg, SALT, 347.387917, 15.659268999999997, 0.025280489210972746, 6.671281903963041e-06, 0.023398851207894145, 59085.426366, 59190.1307639, 1695.8480513519312, 0.0, 35.74020031261052, 0.103542200289902, 7.928718865114198, 0.10698690347749423, 59117.795886614025, 0.04628959227920859, 0.34777517671241265, 0.05333718835522694, 0.27404655739579403, 0.007694269903562037, 0.0024919551367627657, 2.603344680382856e-05, 16.91739413516766, 0.03488827586761222
2021itd, ATLAS-ZTF, 91bg, SALT, 221.21283300000002, 43.31676900000001, 0.08007539669326838, 3.0020768567833688e-05, 0.08050753071355493, 59292.437908, 59370.370691, 373.1581873820576, 0.0, 37.982989962765984, 0.1251804890868354, 10.532164786639054, 0.10006798002904252, 59326.449627783324, 0.14973082772485213, 0.273774329378349, 0.18367663523696842, -0.048899310293226216, 0.021609947019821767, 0.0007583103467009865, 1.8913735342483417e-05, 18.444004304277165, 0.1345096943548214
2019ecs, ATLAS-ZTF, 91bg, SALT, 160.8853750000001, 48.445639, 0.041315248831243115, 1.0006922855944561e-05, 0.0418078706856759, 58576.458399, 58672.199479199946, 167.05212246400453, 0.0, 36.74607486328844, 0.10873556162281957, 9.39797535500002, 0.10005525915718588, 58611.542355015066, 0.09884596961637726, 0.10988724824508078, 0.09392759969723719, -0.10487547094093941, 0.012451524495414382, 0.0026996453537988154, 3.852638265245867e-05, 17.258788433396223, 0.03948247990483715
2020yxd, ATLAS-ZTF, 91bg, SALT, 32.306980542799984, 33.04391440310002, 0.04602159395961616, 3.962153021029591e-06, 0.04398238155275235, 59137.487408, 59222.195995400194, 200.88287952033525, 0.0, 36.69790536348661, 0.11984794286040179, 10.796686785704185, 0.1000119472469335, 59169.75309909007, 0.1417280994792236, -1.0055989644706365, 0.12206309865298143, 0.14359920239288862, 0.01925180216719825, 0.0012193403588767737, 3.0205557985325452e-05, 17.759254560801825, 0.10285549601485709
2020wob, ATLAS-ZTF, 91bg, SALT, 348.404667, 4.148938999999999, 0.04302073974248967, 5.438541831586513e-06, 0.04065005366051547, 59117.386485, 59219.12997689983, 485.43372163902916, 0.0, 36.564511107258625, 0.11174839803321508, 9.992704111951543, 0.10002264238445614, 59152.41939485232, 0.07229415862457245, 0.5881250487616063, 0.09248549360725777, 0.05608025484425319, 0.014262197145287429, 0.0021945281006744755, 4.433419080348729e-05, 17.330547950677794, 0.08946949004692653
2021dit, ATLAS-ZTF, 91bg, SALT, 217.84169292200002, 55.76324806829999, 0.041538736775025877, 1.3342563807926082e-05, 0.04138521522381865, 59246.601479, 59325.30729170004, 221.44124795033414, 0.0, 36.67096819706836, 0.12668101195082898, 9.387162620856671, 0.10017053212624427, 59277.13132565835, 0.09597197510083788, -1.4367640337371368, 0.10626016523993309, 0.06853074640281548, 0.023010153946417256, 0.0014454201761370366, 4.378847034423307e-05, 17.733302652490647, 0.12386685671740609
2021dev, ATLAS-ZTF, 91bg, SALT, 162.600624426, 0.926926147397, 0.054194158546843764, 1.3342563807926082e-05, 0.05513597879849819, 59248.555332, 60086.205567100085, 178.05924923601526, 0.0, 37.39798712232765, 0.12212206253399156, 9.374273230317103, 0.10023812143878838, 59274.90891497405, 0.13475775978076854, 0.08838018921103141, 0.15371252202138502, 0.05453439449991418, 0.020030906411373145, 0.0009532548430558534, 2.479503871633996e-05, 18.16797500996268, 0.14994025621595972
2020uzw, ATLAS-ZTF, 91bg, SALT, 27.120525115800007, 12.8961439663, 0.07437478630633197, 1.6678204759907602e-05, 0.07292551373961925, 59109.463708, 59195.19446759997, 240.8743434594225, 0.0, 37.58611873138409, 0.12884820546036596, 10.132701640893778, 0.10011880831621081, 59138.7062466774, 0.25661886592570227, 1.2055938018512191, 0.2544356646269641, 0.2566687148383425, 0.02200273959858571, 0.0005387480857153092, 1.3922389669557745e-05, 18.566718148772868, 0.11218619873152015
2019fdc, ATLAS-ZTF, 91bg, SALT, 240.277677329, 49.009743973599996, 0.042602806238707984, 1.0006922855944561e-05, 0.04187281546988048, 58598.501769, 58726.15180560015, 952.4705672657776, 0.0, 36.58180833742904, 0.10759224453914444, 10.406241066585798, 0.10001697687546163, 58630.5154049476, 0.07918706295458833, 0.7108425959277354, 0.07802639281673185, -0.028889752427569592, 0.01146454050903934, 0.0027747050001949436, 4.170973836893592e-05, 17.2173655790345, 0.03969040775571058
2021hjc, ATLAS-ZTF, 91bg, SALT, 141.38879199999997, -24.76498099999999, 0.053726168121280754, 9.840140808345485e-05, 0.05527243196243928, 59289.435232, 59359.261628, 432.94568891504696, 0.0, 37.30539214848725, 0.12166947964865707, 10.621285470559133, 0.1000262679661254, 59314.683350955274, 0.14768962123343954, -0.009230394909994222, 0.23375789001557068, -0.016324479645604104, 0.01907377746228989, 0.0012437612446914107, 1.962735261709462e-05, 17.853842347050094, 0.0503032614202165
2020fxa, ATLAS-ZTF, 91bg, SALT, 233.637667, 37.533831000000006, 0.06422776653040418, 1.6678204759907602e-05, 0.06476615969986936, 58932.573072, 59022.235972200055, 357.04805605799964, 0.0, 37.5371733710966, 0.10794111253278482, 10.015978275585542, 0.10007992828631282, 58958.81898881426, 0.12629844693583436, 0.6376025857669565, 0.11620271326765241, -0.04129997147563975, 0.011291644448315829, 0.001178640868362225, 1.5464241672462475e-05, 18.03822201729889, 0.09783395399704424
2023hjq, ATLAS-ZTF, 91bg, SALT, 203.30312750000002, -16.140485, 0.02089445492321225, 7.671974189557497e-05, 0.022880448463954477, 60045.057, 60127.18943289993, 488.29926654304836, 0.0, 35.18597432934533, 0.1024546412086978, 7.438884046747055, 0.10090222972099941, 60079.852014825905, 0.04641913077648496, -0.07778568022833887, 0.04826269055898308, 0.12461801115262726, 0.006444190762374978, 0.0058925749519341515, 4.6575132922859216e-05, 16.187698265882318, 0.028584751720901674
2021kut, ATLAS-ZTF, 91bg, SALT, 157.87405495000004, 6.242641550000002, 0.031263628386542, 1.0340486951142714e-05, 0.032294936952898826, 59322.326359, 59394.281107, 478.18822942594306, 0.0, 36.08073227471531, 0.10338398786673893, 9.625233588471195, 0.10002159124175501, 59351.0812085489, 0.04242514639554429, 0.44636231966783346, 0.061041639400476466, -0.06807869523363214, 0.007493693595334364, 0.004722525034116244, 4.4002518076480326e-05, 16.602549967321675, 0.024658349606523314
2020mdd, ATLAS-ZTF, 91bg, SALT, 237.97418837499995, 34.07338725, 0.048780413281777756, 1.6678204759907602e-05, 0.04876801290324091, 58993.480622, 59069.285839, 1022.7733356189441, 0.0, 37.24660236570101, 0.10937172493631857, 10.042103845131951, 0.10005996601951543, 59016.613675565444, 0.0889911153644789, -1.5210419880236048, 0.11572925063411899, -0.13408142858893266, 0.012659738458688258, 0.001465873004423606, 2.0269722444186063e-05, 17.981839553803056, 0.05681899224631805
2021ixf, ATLAS-ZTF, 91bg, SALT, 262.604875, 37.010911, 0.04137081290646493, 7.705309633225521e-07, 0.039985344654697004, 59294.610122, 59429.30665510008, 1808.0245261437663, 0.0, 36.46034619196379, 0.10378988529229144, 10.368326489296535, 0.10000988785727007, 59330.40400478713, 0.04354680086908047, 0.0010859866530221751, 0.05554585103347248, 0.02060559726534811, 0.00795836959296632, 0.002451128691855157, 2.6488715666268385e-05, 17.26087541847631, 0.048821926661946964
2022rky, ATLAS-ZTF, 91bg, SALT, 318.6212385, -9.047615899999997, 0.029777266778339036, 0.0001300899971272793, 0.02746937606073563, 59792.520284, 59896.10650460003, 879.7674555637096, 0.0, 36.0982850066559, 0.10381954536116404, 10.03802868235734, 0.10001284902496617, 59822.42835252238, 0.05839652710710652, 1.0061135811806132, 0.05723865571366338, 0.23975668270105369, 0.008113940528282536, 0.002160081725362803, 2.153395397122326e-05, 17.109735704842674, 0.03326370130495401
2020ucf, ATLAS-ZTF, 91bg, SALT, 90.53387499999998, 46.50856099999999, 0.05632411213490663, 7.73258581081293e-06, 0.0558227338122777, 59094.603333, 59171.4604282002, 184.3311744821484, 0.0, 37.60159866324477, 0.11874924625921228, 9.29129120903925, 0.10040584947774302, 59128.697193760396, 0.11065473269627546, 0.36116065728824753, 0.17426258028413744, 0.13680653982935426, 0.017542146650851794, 0.0006552245654157253, 1.5477619403706607e-05, 18.536246009605943, 0.13041787198016727
2020uvg, ATLAS-ZTF, 91bg, SALT, 16.5956133839, -20.613209012400002, 0.054759863773840685, 5.576976883015644e-06, 0.05332052188810298, 59107.486518, 59185.323714, 167.9357207096799, 0.0, 37.29892755211914, 0.11041613749690338, 9.693297713285972, 0.10027574244285793, 59135.910520499674, 0.11626428774980013, -0.01480659543325713, 0.13735556199914095, -0.038515902077429554, 0.013046553356936996, 0.0013287209138675895, 1.890046783273129e-05, 17.956518437580872, 0.09747626367597537
2021dgm, ATLAS-ZTF, 91bg, SALT, 237.57141719500004, 8.359373961130002, 0.059387751509079, 6.671281903963041e-06, 0.059122140700116184, 59244.602526, 59349.31557870004, 386.090450487826, 0.0, 37.448894157108015, 0.13455962606583594, 9.421599991924811, 0.10022102577925407, 59277.722808228915, 0.15709859082198818, 0.4211884792437548, 0.16838631169287077, 0.029435921583143766, 0.026001331174822714, 0.0010212485515122892, 3.5678441305379493e-05, 18.1205745339612, 0.09884253534922978
2023guy, ATLAS-ZTF, 91bg, SALT, 193.9809658, 7.930628100000004, 0.04152872985216993, 1.6678204759907602e-05, 0.042512240851734544, 60042.268289, 60133.20430559991, 279.38038062705334, 0.0, 36.554150811886444, 0.11301459970795041, 10.117294526543686, 0.10006412886552168, 60076.48310512179, 0.11050449102549464, 0.9021507749653179, 0.11761270941438917, 0.0130590288606325, 0.015138224615858578, 0.0026060631797864223, 4.8803194069987104e-05, 17.177909866411856, 0.05194630585709375
2020uvf, ATLAS-ZTF, 91bg, SALT, 18.511354821900007, 14.381122683100005, 0.05951117022430231, 1.3342563807926082e-05, 0.05782137246382365, 59115.518606, 59185.414754, 126.92618457792037, 0.0, 37.62519926017125, 0.11998083448462438, 9.7314856446687, 0.10019791370358624, 59136.422626767206, 0.16826694145493093, 0.5813213292499042, 0.20099213905219848, 0.01442663047277057, 0.018091603864399276, 0.0009253384697157386, 1.9862023665900772e-05, 18.215482779809246, 0.07150823144262787
2020zpi, ATLAS-ZTF, 91bg, SALT, 40.085208, -1.446861, 0.0370569695919435, 0.00010740763865380498, 0.03552026121730009, 59146.468886, 59256.14928240003, 382.97153021903085, 0.0, 36.35730698424388, 0.11062971279313154, 10.024377200998117, 0.10001333546963588, 59181.99389673172, 0.0737467959188507, 0.07436440845313919, 0.09306470208000489, 0.15084078918130742, 0.01367198153374368, 0.0019046978317016536, 3.402762096942318e-05, 17.376600444321795, 0.06459647349056837
2021bjz, ATLAS-ZTF, 91bg, SALT, 80.56087499999998, -13.562660999999999, 0.055415003135269, 0.00046365409232543135, 0.054581490201412695, 59224.39274, 59304.26411, 186.65199943766925, 0.0, 37.57828775573989, 0.12442985575237957, 10.855441080661418, 0.10001262329104252, 59248.0279040066, 0.2619642404024489, -0.340154911731933, 0.22788584563052605, -0.05344619718082223, 0.020527702182121074, 0.001022292757800952, 2.157466696717119e-05, 18.20000420032141, 0.0853485560232137
2020tpf, ATLAS-ZTF, 91bg, SALT, 81.2790377, -21.246447574999998, 0.02886663679844808, 0.0001300899971272793, 0.02969096836083201, 59091.607062, 59255.168310199864, 2067.688434672042, 0.0, 35.78989722756357, 0.10392328165138727, 9.527532025894834, 0.10001013040517476, 59123.0661608234, 0.03734435385558754, 1.6171927474241077, 0.05643626755791886, 0.04741355153189778, 0.008043857391840992, 0.005302691380622652, 5.999429777180359e-05, 16.48465280992922, 0.02838152751805629
2021klg, ATLAS-ZTF, 91bg, SALT, 139.59963285000003, 39.38095897499999, 0.027579079390983214, 1.3342563807926082e-05, 0.027518725365019373, 59308.471631, 59372.283332, 403.51024957686934, 0.0, 35.763862867325976, 0.10445712611440996, 10.046726548536267, 0.1000160397837406, 59338.734891840366, 0.05184495270441403, -1.7145022199261928, 0.08015305186743449, -0.04644682436163791, 0.00831039055836275, 0.0043943225521766, 4.9170592803688765e-05, 16.686438783093312, 0.02807070348910555
2019njp, ATLAS-ZTF, 91bg, SALT, 51.690667, 1.1832890000000003, 0.04851356200561924, 3.3356409519815205e-06, 0.04691614199984823, 58692.581, 58765.45814809995, 104.70355197348023, 0.0, 37.236133814970486, 0.11888873221069549, 9.119618738411162, 0.10077030908452769, 58721.70171178969, 0.1635648848641722, -0.33234449130665755, 0.14278271450038016, 0.006691231242453154, 0.0188175783705171, 0.0011891346756587834, 2.4800034583355548e-05, 17.985944672680468, 0.061559805986523164
2021aut, ATLAS-ZTF, 91bg, SALT, 201.814170585, -26.77611172050001, 0.04415473278409448, 4.9774223109741444e-06, 0.04624110904300182, 59211.643635, 59317.31459489977, 304.1444280547297, 0.0, 36.77791970695131, 0.12152191482399168, 9.488839897224807, 0.1002133132580811, 59245.11312277415, 0.12188299601984909, 0.27680661429486664, 0.15080711364528265, -0.031518193882436076, 0.01939204131440541, 0.00219453427967853, 6.049233752805257e-05, 17.440276772218976, 0.06341932975352248
2020wcj, ATLAS-ZTF, 91bg, SALT, 43.20962500000001, -1.231031, 0.023848164986191883, 1.4676820188718693e-05, 0.022732208743178314, 59114.516912, 59256.14579859981, 2258.455043344771, 0.0, 35.18500860519388, 0.10223435193457107, 11.041600210933792, 0.10000463095666903, 59148.424018341975, 0.030407855982048204, -1.5804528101485844, 0.035544598338831945, 0.07136818359898676, 0.006283678646418334, 0.005523342457088908, 4.306060844665199e-05, 16.28656767707404, 0.028085250506371822
2021hji, ATLAS-ZTF, 91bg, SALT, 252.17138061800006, 21.997168831300005, 0.057669896418808514, 6.671281903963041e-06, 0.056775281535616715, 59291.572094, 59368.381215299945, 210.83228800946023, 0.0, 37.534863259616884, 0.1202547536493263, 9.68185477970366, 0.10007283558351904, 59314.638920584686, 0.18540612963261083, 0.8719863260963368, 0.19033881143851683, 0.1952935611096782, 0.018804554812158307, 0.0006377204361782131, 1.2773132514499248e-05, 18.412159731938356, 0.06927915666235246
2019hqg, ATLAS-ZTF, 91bg, SALT, 235.10070800000003, 41.7837, 0.07761538938256175, 1.6496154060935408e-06, 0.07770848333684653, 58630.402099, 58704.305095, 193.77601469813717, 0.0, 38.25802958497761, 0.13014803323702656, 9.790805910059877, 0.10008972319155815, 58660.53649590114, 0.2599794667548849, 0.9697621065420836, 0.24560871822335406, -0.037512358445784426, 0.023172707619990317, 0.0006292921847028407, 1.5955808886405376e-05, 18.730874266018088, 0.15079321782962035
2019bdz, ATLAS-ZTF, 91bg, SALT, 222.1537264, 6.814425199999999, 0.03465397385013602, 2.0013845711889123e-05, 0.0351906249715799, 58532.633226, 58633.29490739992, 378.9427774804931, 0.0, 36.542169458450964, 0.1177584046109683, 10.221599011731467, 0.1000076401585671, 58550.1541827925, 0.0907142733958608, -0.5399155966491209, 0.09443907857697192, -0.17498672655362343, 0.0179874909898582, 0.0036030771393067533, 9.29794887112711e-05, 16.756004, 0.04678422628754976
2020svo, ATLAS-ZTF, 91bg, SALT, 40.633471372799995, -0.9631402413949999, 0.03874680529821734, 6.671281903963041e-06, 0.03712600851518433, 59080.564821, 59195.22738429997, 731.6553201720187, 0.0, 36.608221104549436, 0.10514190564486062, 8.599377209689024, 0.100578208818683, 59113.33927643035, 0.03498209110330208, 0.45604620501011106, 0.07607923502931768, 0.00847412456842333, 0.009366016382061108, 0.0023578731089460687, 2.5724945835871545e-05, 17.22685028874173, 0.03249699093010645
2020pst, ATLAS-ZTF, 91bg, SALT, 18.300167, 2.283839, 0.046035180778296964, 0.0001934671752149282, 0.044164491211780094, 59028.583126, 59144.23552080011, 1206.6549291067222, 0.0, 36.74305882373747, 0.10863273769865156, 9.476683198368256, 0.10001718155630046, 59064.34967165279, 0.06401825096691027, -0.44419725399586996, 0.08103976990474743, -0.02506865883461216, 0.012271649917113684, 0.002011284190512723, 3.261619970039908e-05, 17.482338345731257, 0.04669529425072046
2019dfa, ATLAS-ZTF, 91bg, SALT, 149.74937499999993, 17.818719000000005, 0.025459279565998957, 2.2015230283078036e-05, 0.026550577198137765, 58565.391628, 58846.456180599984, 30971.977006470886, 0.0, 35.53563850103126, 0.10534537929409218, 10.372097580448308, 0.10000260670019984, 58598.18289515527, 0.0562873594899429, 0.5304249193302801, 0.061292193234070425, 0.2512713337490161, 0.009530336609652901, 0.003286178688373294, 4.313682761381788e-05, 16.625194548270887, 0.031901836419915175
2020uwo, ATLAS-ZTF, 91bg, SALT, 356.294167, -25.822369, 0.05303669113650618, 0.00010006922855944561, 0.052071158577478904, 59107.424077, 59185.296678, 236.34607354569775, 0.0, 37.15281259003088, 0.13098477370162773, 10.654750089736854, 0.10002481419525339, 59133.321551469075, 0.1972791086664074, -1.7833567152727225, 0.22512764301886357, -0.010902378340617259, 0.023810452821223568, 0.0010983206979475056, 3.094793398921694e-05, 18.07893877386046, 0.08742426598530133
2019obt, ATLAS-ZTF, 91bg, SALT, 5.144220294117602, 5.755045788235299, 0.05600874722472171, 1.3342563807926082e-05, 0.05430659006108727, 58702.578942, 58777.202094899956, 166.98829688607643, 0.0, 37.34791173189001, 0.11994482859431928, 10.347860342027529, 0.1000766397630211, 58726.93739910168, 0.16883213799155783, 0.1902560461749847, 0.18249397256148436, 0.12339900618715101, 0.01875381595640338, 0.0008382766359844651, 1.6983347463215718e-05, 18.199236498600392, 0.07663203107555935
2020uye, ATLAS-ZTF, 91bg, SALT, 24.3304499277, 4.80194699624, 0.05842350001828025, 2.8137919183685023e-06, 0.056744929911531336, 59100.570478, 59170.407596, 222.09375471318197, 0.0, 37.4076269195075, 0.1295746731189679, 9.969850770060262, 0.10005602003302654, 59133.12477770089, 0.21807199860631954, -1.503521291364328, 0.2303909694905848, 0.12310900142437566, 0.02264366404185263, 0.0006254430910705794, 1.815942046611688e-05, 18.59636630708219, 0.10118956476096556
2022syq, ATLAS-ZTF, 91bg, SALT, 1.9159989922000003, 12.263034179100002, 0.09643544605205695, 2.0547244084942462e-05, 0.09484664644487847, 59802.492533, 59882.375649, 353.84978468692725, 0.0, 38.61729624641417, 0.13762810816583493, 9.931183224409693, 0.10007940349344356, 59834.656957143416, 0.18955906085466268, 1.7445914010891928, 0.2714750182789082, 0.051276702094999314, 0.025548422521090068, 0.00039511968441892977, 1.3712792498387684e-05, 19.080460794062308, 0.2593509257623379
2022sue, ATLAS-ZTF, 91bg, SALT, 246.63092069999996, 25.8933216, 0.04996790146068318, 1.3342563807926082e-05, 0.04958474759901025, 59804.274361, 59883.203663, 390.4601636124418, 0.0, 36.80882842243302, 0.10962935798496236, 10.727991060741456, 0.10001356136387415, 59836.31913207105, 0.09733275329563185, 0.12560320021307358, 0.11543486157481908, 0.03837503613505008, 0.012890552531343738, 0.0017235048259588968, 2.4128723987702603e-05, 17.542207445198756, 0.059241053798409625
2019oml, ATLAS-ZTF, 91bg, SALT, 45.084494991700005, 18.74361216260001, 0.03299982950204838, 1.4009691998322387e-05, 0.03197834245250801, 58699.570039, 58794.316736099776, 457.5098193832263, 0.0, 36.253904349189916, 0.10969741817560748, 10.344446567190573, 0.10001618950375703, 58726.055056374826, 0.1231951643640059, -0.8012734383141717, 0.10323328976352603, 0.16703207067998802, 0.013180610375030257, 0.001771324369692089, 2.5341242322393732e-05, 17.38402220568707, 0.03682239299956716
2022rkc, ATLAS-ZTF, 91bg, SALT, 30.5550723, 31.695220000000006, 0.07162937353684633, 1.5928952961513643e-07, 0.07017976244096988, 59786.602197, 59860.361113, 341.4753890524838, 0.0, 37.81447623843097, 0.1221486205747248, 10.29637708468146, 0.10003316295543355, 59818.260832162916, 0.18062870619542082, 0.8629814497914035, 0.1788763802986848, 0.15838835383204192, 0.020000724689986645, 0.0005447848874717242, 1.2482325796927022e-05, 18.638790288373386, 0.10660777318581566
2020vdz, ATLAS-ZTF, 91bg, SALT, 129.31687500000004, -5.923788999999999, 0.04085493037986967, 0.00014343256093520538, 0.041775332673676335, 59114.601678, 59254.2759953998, 618.0338766608514, 0.0, 36.51881279392673, 0.10694939063236333, 10.731414089818013, 0.10001584342853802, 59145.22250187844, 0.08737615001155064, 0.7987634413242817, 0.09868134241612814, 0.045053523774948416, 0.010732371329681283, 0.002430274917900397, 3.063676016432528e-05, 17.150312322540557, 0.06522560917229368
2021kax, ATLAS-ZTF, 91bg, SALT, 194.960700691, 22.7232917924, 0.07255113796810607, 3.4032771851350008e-06, 0.07350297276736414, 59297.409526, 59377.293629, 192.2226681294728, 0.0, 38.01216479766188, 0.1317804303015455, 9.358880238416958, 0.10057057263996667, 59331.87604453221, 0.16061841196278692, 0.25008208538173204, 0.21945036288588682, -0.04745146545245112, 0.023878966680379136, 0.0007328266447089829, 2.3137304680006257e-05, 18.56164621378144, 0.20964274034178257
2021biz, ATLAS-ZTF, 91bg, SALT, 184.14481119999996, 33.526531299999995, 0.021815091825959147, 0.00014343256093520538, 0.023789531495161928, 59229.623671, 59393.19806709979, 10855.844460222816, 0.0, 35.07381022811681, 0.10126911603477472, 10.855283032660632, 0.10000127279342999, 59258.20899830355, 1.7409354768460616e-05, -0.16694387001780664, 0.03403366894623866, 0.039706719257046344, 0.004788802552674571, 0.008145702311663562, 3.726281678671055e-05, 15.833095707632587, 0.019239668812643006
2019gcj, ATLAS-ZTF, 91bg, SALT, 163.77595610000003, 57.6489345, 0.04616193513447227, 6.671281903963041e-06, 0.04717892668500895, 58614.312858, 58679.19880789984, 93.65694824169331, 0.0, 37.09327854475957, 0.12525213078359992, 9.31826988562558, 0.10007644547426216, 58645.09074756471, 0.16075473331147805, -1.2546706703627257, 0.21185506038785573, -0.01626006292546801, 0.02110551615846736, 0.0012684832360682432, 3.0504688004932876e-05, 17.99380354345253, 0.10418950580110148
2021pyz, ATLAS-ZTF, 91bg, SALT, 289.049642239, 45.148508518, 0.061413132005499846, 4.94794034045648e-06, 0.06057403672315313, 59358.529929, 59436.455196, 202.8453389962632, 0.0, 37.623392174390624, 0.1263494187298855, 10.131863395663615, 0.10007887729455957, 59391.791981264636, 0.13308948247504304, -0.6194791382307591, 0.17056873943538414, 0.023145134708896415, 0.02203617096301848, 0.0007640855848495953, 2.1927877814217008e-05, 18.45341916381884, 0.18703741672650998
2021iai, ATLAS-ZTF, 91bg, SALT, 205.87809638999988, 9.6234083465, 0.06973157410117369, 6.671281903963041e-06, 0.0708901093488359, 59288.474913, 59366.22462960007, 271.35840828243886, 0.0, 37.987295381764994, 0.11699940549123553, 9.936876205042552, 0.10013017111149165, 59318.555109353256, 0.1276166455427301, -0.05340226031914308, 0.13601056266002082, -0.11691792518760576, 0.01792486960849759, 0.0008693202491200665, 1.6064229153653325e-05, 18.420700038412402, 0.07726222142160338
2022yuj, ATLAS-ZTF, 91bg, SALT, 117.54660333299995, 37.44785833329999, 0.076128, 0.000181, 0.07639014846809584, 59859.599223, 59927.438111, 373.54698801617667, 0.0, 38.00998109107785, 0.13430715464391746, 11.261210378497506, 0.10001829366447551, 59885.434840641894, 0.17915173446090193, -0.956558970065518, 0.23054776184099518, -0.02629966241467757, 0.025903728592901104, 0.0005845415033866634, 1.5560970325570564e-05, 18.693861628568623, 0.114002208179951
2019eok, ATLAS-ZTF, 91bg, SALT, 256.3819291770001, 12.568426000199997, 0.04634035063997714, 1.7767071256481748e-05, 0.04620174443818771, 58587.553302, 58697.16754630022, 588.8532724822264, 0.0, 37.00791100711474, 0.11349415623495902, 9.008352858442022, 0.10043425187118443, 58619.59490765455, 0.0682768511105678, 0.9784659228718073, 0.11221108135369195, -0.051584997584278335, 0.015090190545218207, 0.002071128423163004, 4.530182887174384e-05, 17.539156161933004, 0.07106164460855947
2022ucj, ATLAS-ZTF, 91bg, SALT, 67.7131283333, -16.306125000000005, 0.031328339821010444, 2.0013845711889123e-05, 0.031609025404605966, 59818.302127, 59932.27406249987, 982.1073450522232, 0.0, 35.85741568316206, 0.10321243966936999, 11.620806329949836, 0.10000680352305097, 59848.9089223842, 0.06048105006266269, 0.11416790221605466, 0.04987410024927086, 0.11520456985330288, 0.007383693068496228, 0.0033473178625808802, 3.239780507094207e-05, 16.793330519418127, 0.11046450122461299
2019xvx, ATLAS-ZTF, 91bg, SALT, 213.037, -4.120410999999999, 0.05449770187347408, 0.00016678204759907602, 0.05507354008079815, 58844.605105, 58911.45768520003, 158.3547301222139, 0.0, 37.43614722844219, 0.12935030613315593, 9.58252967936202, 0.10033761073855046, 58853.39655619639, 0.19882508617592975, 0.6483280544977799, 0.19029957931071928, -0.012570535346438871, 0.02340128993552354, 0.0011972996724480627, 3.52309005573618e-05, 18.08398924494489, 0.09069354289930191
2019one, ATLAS-ZTF, 91bg, SALT, 31.099787859999996, 3.1868144179600004, 0.0763825624008605, 1.2338346621551533e-06, 0.0751311531092549, 58690.630756, 58764.448038, 74.6891417361963, 0.0, 37.83091578121843, 0.14124933406105603, 8.790915049326992, 0.10182022574517652, 58722.59941890747, 0.3193981334370619, 1.104027235127043, 0.2659930833789609, 0.10516426392908236, 0.02846885364719552, 0.0006424574235140986, 1.9605538896323815e-05, 18.587564221534993, 0.1414807057002186
2019omi, ATLAS-ZTF, 91bg, SALT, 57.24912500000003, 0.9269189999999998, 0.03578809177380973, 1.8679589331096515e-05, 0.03455767462254188, 58700.593679, 58778.517896, 195.92944438709063, 0.0, 36.46083221465391, 0.10870302963257586, 10.429306639147844, 0.10001942972632848, 58730.2491649339, 0.07554201757375267, -1.6735200012282503, 0.0901440552352537, 0.07201438668385618, 0.012551100719855964, 0.0016803762748860054, 2.332835939364559e-05, 17.518664464559343, 0.040510586544816256
2020yvu, ATLAS-ZTF, 91bg, SALT, 345.249458, 40.9106, 0.01686029352139923, 2.0623027195652843e-06, 0.015966749506779704, 59138.376154, 59377.45314810006, 1370.917016974024, 0.0, 34.85322948642907, 0.10098342512093528, 8.85283714164105, 0.10003052198262376, 59174.38633869664, 0.024144665032508783, 0.7817682554802852, 0.026044313615822268, 0.018557073763949807, 0.004077162654551567, 0.012090169532712353, 6.507579095353706e-05, 15.525474303048519, 0.02132293440176019
2021abpg, ATLAS-ZTF, 91bg, SALT, 274.174042, 15.297450000000001, 0.04563953809825338, 2.658469420172005e-06, 0.04546687913716864, 59483.28766, 59545.201851, 151.14994416509182, 0.0, 36.99002620483542, 0.1289411468606214, 10.045785383088266, 0.10002963403221246, 59515.0456323727, 0.17683641958865337, 0.023317416876068586, 0.2577312916714952, 0.2022928961008483, 0.021715371832814606, 0.0009168185922825028, 2.5095772965473006e-05, 18.093805542918734, 0.09551013516201419
2020qlr, ATLAS-ZTF, 91bg, SALT, 262.220417, 57.91811900000001, 0.06486691421876593, 3.2959793548892335e-06, 0.06434429958392417, 59042.40017, 59129.119687499944, 229.42605419162766, 0.0, 37.54661453756296, 0.1145600587112096, 9.333545630461263, 0.10053450020882133, 59072.4170030302, 0.1503687035983603, 0.7521633210931333, 0.16347058676174697, 0.16030365090600396, 0.015539358469774991, 0.000682817476703163, 1.1834185284193127e-05, 18.394822525689793, 0.07947257432942911
2021bkw, ATLAS-ZTF, 91bg, SALT, 215.30672592600004, 20.714997117600003, 0.018192252188012015, 1.3676127903124233e-05, 0.019384782719468027, 59229.650756, 59379.292118099984, 4900.391284065225, 0.0, 34.78915509842588, 0.10210346655696312, 9.215415958800861, 0.10002209526460457, 59251.82489699298, 0.04889542629462085, -1.4064937896622047, 0.042187934364715796, 0.08701564409387957, 0.00613259588527037, 0.007807965630124227, 5.058242691884096e-05, 15.829659323730366, 0.01799749225527636
2019gci, ATLAS-ZTF, 91bg, SALT, 189.89819031399998, 45.3771470742, 0.04692112701514326, 1.2675435617529778e-05, 0.04708401843582727, 58612.357977, 58682.326825, 1658.7787122244924, 0.0, 37.26146930621604, 0.11281681955294945, 10.36115721964659, 0.10000874155201199, 58643.672853170756, 0.07460970758984331, -1.1053380299407567, 0.11518370889931073, -0.19498408901776074, 0.015107851682575635, 0.0018121186254670281, 3.2966248373878684e-05, 17.783506803441085, 0.0736728832098849
2022edq, ATLAS-ZTF, 91bg, SALT, 197.94769887800004, 17.460805054199994, 0.07177632200473837, 1.3342563807926082e-05, 0.0727465744907396, 59621.538703, 59699.481055, 1012.6293849324543, 0.0, 37.79135529013192, 0.1414112363832678, 10.662774232638304, 0.10002837797338024, 59653.64594689679, 0.14179492489347467, 0.5518281786918267, 0.226367734532959, 0.021996898592420065, 0.028361544017410107, 0.0007744786772257993, 2.9013979905227644e-05, 18.56783507100646, 0.21678114482807231
2023gxc, ATLAS-ZTF, 91bg, SALT, 201.57966635000002, 1.54142525, 0.07770042033545754, 0.0002968720447263553, 0.07871947218710221, 60043.978862, 60133.204768499825, 168.47127604500963, 0.0, 37.679365855174325, 0.1224166544982984, 9.279037441056962, 0.10074197384245666, 60077.677679634806, 0.1803685382255935, 1.7375463663281376, 0.20099258058145275, 0.03739590899192865, 0.019721363173330547, 0.000972782103155572, 2.1694335372050764e-05, 18.170890617031553, 0.08905460959115677
2022B, ATLAS-ZTF, 91bg, SALT, 153.660472819, -0.8255952385860001, 0.04902057943032043, 1.0006922855944561e-05, 0.04978483108679255, 59560.582275, 59640.466204, 459.76307427780677, 0.0, 36.82873030542066, 0.12543283489636706, 11.486332016517341, 0.10000822786591251, 59578.067232226735, 0.0013912895337853115, -0.04124815948609584, 0.14308474031151514, -0.03313215402027175, 0.022031049578623816, 0.00201130076164309, 5.691305541016897e-05, 17.593357699678293, 0.045595283849160076
2023hro, ATLAS-ZTF, 91bg, SALT, 190.94423727300006, -20.15820181819998, 0.027298885551016765, 0.00012008307427133475, 0.02825229569284827, 60053.955764, 60131.853266, 17670.919077577695, 0.0, 35.783347714087796, 0.10357659508609517, 10.841897763803146, 0.10001528702573124, 60082.835195862004, 0.0641710600539227, 0.571790543772297, 0.06082858694905102, 0.05482312572043372, 0.007932186101970242, 0.004511337616790153, 3.779629927455665e-05, 16.47563620660081, 0.02928494492248572
2021pzt, ATLAS-ZTF, 91bg, SALT, 12.665502351, 38.32155660760001, 0.07595614099153382, 7.115845608446358e-07, 0.07439905476753471, 59366.463379600085, 59470.37383100018, 397.8151674428326, 0.0, 37.43149247415634, 0.12524925578004462, 9.730750185723327, 0.10024338118138573, 59383.28076045591, 0.20093457035545725, 0.6784574941621391, 0.16237121977648428, 0.070933155513796, 0.021874620805671055, 0.0009602234052632745, 2.5339962984509834e-05, 18.090874442858983, 0.059666374661222446
2020tug, ATLAS-ZTF, 91bg, SALT, 359.866168993, 17.865214074600004, 0.05673287584654204, 5.900452084432045e-06, 0.054953852984354186, 59093.426864, 59199.129467600025, 424.0778995932663, 0.0, 37.261403576940474, 0.10942892744303769, 10.086095469481041, 0.10003145156709685, 59127.33846383756, 0.08033607285688049, 0.44574434658069984, 0.11485867371070158, -0.07690827240356994, 0.012274329645300125, 0.0016307702645833328, 2.720033187407745e-05, 17.75942684547798, 0.0866061692717998
2019wmx, ATLAS-ZTF, 91bg, SALT, 42.69608299999999, 33.51258899999999, 0.0398915972729374, 2.268235847347434e-05, 0.037541850252087935, 58813.400117, 58904.18531250022, 701.439302687866, 0.0, 36.60592623262234, 0.10903235264527039, 10.506441874902219, 0.10001277553189358, 58841.917218146766, 0.07325390107507701, 0.60684509085429, 0.07505991650915755, -0.02531612424230132, 0.012497720382212741, 0.0026481662517373467, 4.6859715027528424e-05, 17.27368342316097, 0.053649182179273364
2020skp, ATLAS-ZTF, 91bg, SALT, 20.694557589499997, 10.031349922299999, 0.05858278472058127, 5.49541662332384e-06, 0.056898430547178996, 59073.581064, 59169.30256940005, 424.89024831499006, 0.0, 37.4256191033719, 0.11567311444051191, 9.741363678679521, 0.10015010132195415, 59106.12153030573, 0.1717317553338944, 0.2042997266051405, 0.14299537962570996, 0.09776581295531545, 0.01647001054316273, 0.0008389163388862103, 1.715087153321803e-05, 18.25835088374584, 0.07612189362266887
2019eiy, ATLAS-ZTF, 91bg, SALT, 265.224311043, 38.7354072064, 0.0410283837093727, 0.00016511422712308526, 0.040415474061854216, 58596.631108, 58715.16407410009, 952.1143757694223, 0.0, 36.524050820093095, 0.10969152744625049, 10.858396636532882, 0.10000268093431007, 58618.62645562185, 0.06186315806917264, -0.7395780105264843, 0.07153615199249397, -0.05454459509968831, 0.013197685662008386, 0.0025593793116703988, 4.5076328999847405e-05, 17.36347517014371, 0.056162943005662574
2022vnj, ATLAS-ZTF, 91bg, SALT, 0.31943734999999995, 36.96995937500001, 0.04075486115131022, 0.00012341871522331626, 0.03923870870756198, 59822.458614, 59928.158669000026, 801.7808981305257, 0.0, 36.545924056018464, 0.10416900506253125, 10.833616177406888, 0.10000818923298202, 59858.086715124904, 0.0443645779050712, -0.9802986732060864, 0.05691979810934389, 0.04410423806705465, 0.008419789586710373, 0.0018495405058388818, 2.0568023706119167e-05, 17.461836853669013, 0.13465702799386545
2021fwy, ATLAS-ZTF, 91bg, SALT, 196.67241408299995, 9.331750931740002, 0.0728337201865165, 1.0006922855944561e-05, 0.07387287620995175, 59270.504049, 59350.26842590002, 207.25889261500453, 0.0, 37.93355130504436, 0.12413429429698643, 9.766226289698547, 0.10016044952917103, 59304.09575392678, 0.17058498972983216, 1.1460620857739057, 0.1975572007718729, 0.03557318504592435, 0.0207137283848142, 0.0007117299491597485, 1.7162872417953908e-05, 18.500236548307058, 0.114004238817294
2021dch, ATLAS-ZTF, 91bg, SALT, 196.349005565, 29.50962925139999, 0.02014060006806442, 1.0006922855944561e-05, 0.02306923886908256, 59245.517404, 59371.194317100104, 1264.2098726093327, 0.0, 35.513307058736146, 0.10550219449292729, 9.483875155048784, 0.1000214000363099, 59273.58111950882, 0.042872622987488285, -1.5679552977926092, 0.03937087841494158, -0.015523555722499863, 0.010009111618616002, 0.005190657707197302, 6.841158595542397e-05, 16.52357002041165, 0.03043954739677449
2022mxq, ATLAS-ZTF, 91bg, SALT, 208.70830334999997, 20.6008757, 0.07012184409255552, 1.0006922855944561e-05, 0.07094064557430513, 59728.361442, 59805.270278, 322.35538884047224, 0.0, 37.75586861849217, 0.11537341728645958, 10.201728092083872, 0.10031054720398135, 59758.45981045258, 0.13409198197405203, 1.563228175663861, 0.17771437291749959, 0.05294918984429746, 0.015492620878721417, 0.0008476307093609882, 1.6380273064854727e-05, 18.29859201171997, 0.10618000021100059
2022mox, ATLAS-ZTF, 91bg, SALT, 203.68686259999998, 33.889751100000005, 0.02336249566358337, 3.2689281329418906e-05, 0.024936116474106533, 59722.378425, 59800.256808, 2273.9653423023315, 0.0, 35.622928014508226, 0.10142702673287442, 10.40306550318694, 0.10000404488431146, 59755.17872917903, 0.028630501496081706, -0.8187387405738356, 0.04023726209902351, -0.08245248053043401, 0.004827624778211291, 0.00626621569536253, 3.7658295298000703e-05, 16.335300649027026, 0.03884874193734682
2021ikn, ATLAS-ZTF, 91bg, SALT, 118.83116700000004, 41.144549999999995, 0.06898294132626466, 5.5624314069593894e-06, 0.06918612473689822, 59288.329284, 59346.259663, 92.09493825718297, 0.0, 37.74076241574128, 0.12056747180498967, 8.909135721156069, 0.1037038324778113, 59323.90705504293, 0.17861852418718627, 0.9938263252244428, 0.24226633851777424, -0.08419273560417287, 0.01734861232071797, 0.0011557793895755572, 2.355914047038812e-05, 18.13538296380839, 0.1112018895116774
2021abza, ATLAS-ZTF, 91bg, SALT, 277.9046219124999, 30.91029305, 0.0344900308644551, 4.515586853281323e-06, 0.03363313309371693, 59489.380884, 59545.219846, 191.03602907667462, 0.0, 36.274143804941914, 0.11210094925479605, 9.68325851943212, 0.10001194568246687, 59520.66644328348, 0.13575860119453864, 0.8152774360099224, 0.19739423566633718, 0.13042027646126825, 0.012671110176515576, 0.0024142180219046128, 3.3626228635085825e-05, 17.07740254780377, 0.03896088539560339
2020cli, ATLAS-ZTF, 91bg, SALT, 247.98621670799992, 14.044238104100003, 0.053510352151687555, 1.0006922855944561e-05, 0.05227933492603058, 58871.581596, 58964.41906249989, 187.05256813735562, 0.0, 37.23348837146327, 0.12497659897939888, 10.021337950396738, 0.10004854961744021, 58902.07462507761, 0.2446426717651775, -0.3639108628329435, 0.19712149655944228, 0.040153880146929444, 0.02159765417718811, 0.001082604633385232, 2.3747477296507264e-05, 17.98774721333137, 0.07570914948644535
2021kjh, ATLAS-ZTF, 91bg, SALT, 199.96665264300006, 7.7605462127800005, 0.04927075250171904, 6.671281903963041e-06, 0.05072506870464857, 59306.511557, 59392.19506940013, 294.94091229882656, 0.0, 36.994928452117165, 0.10913942412764441, 9.407293259559935, 0.10015605052871354, 59338.99831602497, 0.11162100630099303, 0.1449996591566638, 0.10520162160917834, 0.05164915001469276, 0.012579004228405464, 0.0014039020605871922, 2.0329143483307505e-05, 17.71518606090665, 0.054197456455057795
2020vav, ATLAS-ZTF, 91bg, SALT, 278.5404682970001, 25.785862384800005, 0.05554608194173995, 4.309491786067682e-06, 0.05502602527844832, 59109.294782, 59185.211212, 99.32145482277865, 0.0, 37.34987298865825, 0.12742448729795466, 9.789055769926597, 0.100455499364603, 59140.12725680204, 0.18288788563586422, 0.8208627916698175, 0.23179246485574512, 0.07308675643515906, 0.021539372350473346, 0.0010499489745232672, 2.8347167717374248e-05, 18.036835547676112, 0.06743231552681023
2021low, ATLAS-ZTF, 91bg, SALT, 176.19274999999996, 20.126189000000004, 0.021929170746516912, 5.670589618368585e-06, 0.02315456514045999, 59321.429025, 59397.300978, 1475.3390141639438, 0.0, 35.04101448207325, 0.10180432562156982, 11.344814674397117, 0.10000435259127702, 59357.10064608736, 0.02357368154116557, 0.20670640845766863, 0.03474840029670967, -0.0032963936680534506, 0.0054336538467263775, 0.009958041700887132, 7.871926804021865e-05, 15.841321585882083, 0.02055960359824432
2020jge, ATLAS-ZTF, 91bg, SALT, 273.68543466400007, 43.4561430773, 0.061991302207248924, 6.109445596046842e-06, 0.061374808940199845, 58956.569893, 59047.32714120019, 289.72763107953836, 0.0, 37.68261741329302, 0.12001316246366306, 9.094448854946185, 0.1005951845984763, 58987.25673008099, 0.15484913097316166, 0.5802207238451496, 0.14174033505619021, 0.012905800520243815, 0.01917307766313489, 0.0008812088066435876, 2.098275314774781e-05, 18.34658096848439, 0.07099493550315955
2021jvs, ATLAS-ZTF, 91bg, SALT, 224.43668682299997, 6.62438029684, 0.021484863371712976, 1.7345332950303908e-05, 0.023392837049447397, 59300.431486, 59453.171469899826, 4242.490110278106, 0.0, 34.9511615093116, 0.10083609421169767, 10.6416434368477, 0.10000302354882977, 59335.744068532265, 0.020073047398909694, -0.7142632616158928, 0.021206444332251828, -0.04631257291905505, 0.0038298931038256464, 0.01069121520435431, 5.129141640834786e-05, 15.687920011598223, 0.01955184276267797
2021dnm, ATLAS-ZTF, 91bg, SALT, 189.35088939300007, 23.093539645200003, 0.04607187282876876, 6.671281903963041e-06, 0.04678299026003473, 59251.594405, 59363.19133100007, 1088.0596612334284, 0.0, 36.854328451836025, 0.11921665432177271, 9.392238072109288, 0.10010564182897984, 59280.74423879608, 0.10009171401179628, 0.7545172933510547, 0.1281393783388185, 0.10485148576058398, 0.018463306108772188, 0.0015047422201081738, 3.9223454448764577e-05, 17.661239987696494, 0.050645407635293786
2022tvz, ATLAS-ZTF, 91bg, SALT, 298.75688374999993, -21.09922125, 0.022128642075445407, 2.3349486663870643e-05, 0.021007043639487324, 59813.057774, 59891.813869, 494.8684956267347, 0.0, 35.27402668425774, 0.10371721196498447, 10.45331536166471, 0.10001186724565427, 59843.64537755207, 0.04771809336307342, 0.1301267148132701, 0.046074002529602476, 0.19291641777972715, 0.007948952585734113, 0.004638704540249751, 5.1703426333555044e-05, 16.373006305030547, 0.027115318242212964
2022mtp, ATLAS-ZTF, 91bg, SALT, 261.5520198, 27.618718, 0.0848019999222262, 2.3349486663870643e-05, 0.08453373640279659, 59723.528101, 59801.310398, 386.22234102691186, 0.0, 38.39953708623562, 0.12467137636297936, 9.361332988664808, 0.10225522255252668, 59754.677971667814, 0.26692245019512484, 1.115188266497339, 0.24039797108365402, -0.014890068265788078, 0.020254974973427996, 0.0005298874684260482, 1.1412412015327563e-05, 18.831725296471955, 0.1315560733090449
2022mxe, ATLAS-ZTF, 91bg, SALT, 233.18919325000007, 23.08641545, 0.051562337835730346, 1.3342563807926082e-05, 0.05105654725487833, 59727.425589, 59806.273422, 319.4746747861544, 0.0, 37.518077334830465, 0.11748374624324397, 9.90032494441544, 0.10026880387531767, 59756.823278647345, 0.1373428807964956, 0.6461317011342627, 0.1661484092293103, 0.18850080182053486, 0.017295910499855967, 0.0006391743970133876, 1.3159283725128705e-05, 18.446406059940358, 0.10112156953743177
2019ftd, ATLAS-ZTF, 91bg, SALT, 194.42139780000002, -24.47664253333299, 0.04795017224882956, 0.00010840833093939942, 0.048240166761343455, 58605.425205, 58679.266296, 142.62620501020905, 0.0, 37.26444223614175, 0.1302208686429605, 10.210176028740566, 0.10001742981844501, 58635.17933389829, 0.24455041722467286, 0.631457902534801, 0.23048867657307015, 0.04335412808445992, 0.023746644883418457, 0.001200024764431456, 2.9371439641984036e-05, 17.94417517362993, 0.060837792968388385
2020mby, ATLAS-ZTF, 91bg, SALT, 269.96866088332996, 50.490919833332995, 0.05321530138161165, 2.214113568214243e-06, 0.05261443311058796, 58990.451049, 59086.1791087999, 625.8764317179713, 0.0, 37.18987266772114, 0.10771053523103229, 10.110895388609459, 0.10001468156807707, 59022.83257589372, 0.08737876883606077, -0.3343877395796707, 0.1083951985722792, 0.004428853588180995, 0.011313965604366991, 0.0012482661963618205, 1.583795146667613e-05, 17.891810544636673, 0.07034562985353722
2020cxx, ATLAS-ZTF, 91bg, SALT, 48.08175000000001, 41.28224999999999, 0.029846941653720437, 8.331070401549483e-07, 0.02886103041513207, 58882.332672, 59052.472037000116, 140.31468145663246, 0.0, 35.74952977027398, 0.12491156242438689, 8.87118070992075, 0.10009291999508355, 58916.57699422946, 0.12339742522090091, 0.9483943075639489, 0.17966625764749555, 0.13385037233143504, 0.021000345198219552, 0.003950755739424287, 0.00011101987878376862, 16.58973205520065, 0.03229478950777603
2021iqt, ATLAS-ZTF, 91bg, SALT, 167.763968671, 55.130817208900005, 0.0575778725036584, 3.4809243446738687e-06, 0.05769216023217519, 59298.475702, 59377.217106500175, 231.7298377640335, 0.0, 37.62806630802879, 0.127471131833446, 8.821021664209104, 0.10095919390415288, 59326.93360772967, 0.14196328171601635, 0.7475675187321074, 0.18724503552946858, 0.13793741457809033, 0.02217146950239146, 0.0006731366092371689, 2.021158659761616e-05, 18.520050792024715, 0.18597964926087288
2020cvw, ATLAS-ZTF, 91bg, SALT, 119.48295800000005, 30.026938999999985, 0.05103530656531726, 1.0006922855944561e-05, 0.051211145007000566, 58879.3597, 58957.295623, 152.0361022911675, 0.0, 37.1116921467375, 0.125225785722384, 9.925476742659807, 0.10004936926646844, 58911.09327383194, 0.14385775523987832, -0.3598677340199974, 0.18438756451971267, 0.05058283635315728, 0.021099469305742403, 0.0011776181620826302, 3.311533537741579e-05, 17.890108194390113, 0.07575384233624022
2021bbz, ATLAS-ZTF, 91bg, SALT, 176.34833299999997, 20.324460999999996, 0.023311793921113252, 9.339794665548258e-06, 0.02388917974298866, 59219.592974, 59371.18785879994, 8246.24360598662, 0.0, 34.9600305775506, 0.10214936665462754, 10.629133703786188, 0.10000095170517775, 59252.08291851377, 0.08919281869748374, -0.29233422064117165, 0.05883259803833085, 0.07965081076816832, 0.005794178808459709, 0.007964401550559918, 5.456478173777986e-05, 15.832137453784364, 0.020155679884238095
2021ify, ATLAS-ZTF, 91bg, SALT, 261.72372290600003, 13.178865883000004, 0.06087752513989542, 1.1014380271966856e-05, 0.06068406605729005, 59293.576329, 59382.351435199846, 307.81139319457867, 0.0, 37.559365639092384, 0.11723260252460696, 9.893628507615906, 0.1012466471551141, 59322.98344552953, 0.13631219835588126, 0.9189479280171531, 0.15514424245708258, 0.0654382770213363, 0.01749777196033725, 0.0008963774681897781, 1.772826938040539e-05, 18.196641750391738, 0.0722147047431293
2021cjf, ATLAS-ZTF, 91bg, SALT, 37.9653006875, 2.0502541375, 0.04021181880432763, 3.869343504298564e-05, 0.03870651470598515, 59242.293815, 59280.245904, 182.30197163500026, 0.0, 36.19707226348332, 0.12610538350978337, 10.434808642831321, 0.10001021303010753, 59265.909991632434, 0.21317488552813302, -1.6026384493454715, 0.22040654924144665, 0.09753979875161614, 0.02124809553775755, 0.002017540127932637, 5.10941743161262e-05, 17.36926041876982, 0.12230444325244143
2020lsc, ATLAS-ZTF, 91bg, SALT, 243.515625, 14.282638999999998, 0.03029462468999137, 2.4016614854266945e-05, 0.03225465719465608, 58985.463388, 59070.19615740003, 783.5597214057937, 0.0, 35.63179535888734, 0.10339464216455886, 12.567729243147093, 0.10001338931575127, 59017.905188140416, 0.04682211247927626, -0.19011781055672528, 0.04835966897318911, 0.08716758646108015, 0.007563998199341721, 0.004263270444349164, 4.4359058297289054e-05, 16.59655423346561, 0.025025139657535316
2019ahi, ATLAS-ZTF, 91bg, SALT, 207.90249509200004, -8.840079727870002, 0.028343608297177376, 8.005538284755649e-05, 0.02878079378439647, 58492.657604, 58634.28586809989, 840.5470596006813, 0.0, 35.95655236910474, 0.1133455882216165, 10.166762407150804, 0.10000417534437549, 58526.3008494012, 0.08147252815251704, 1.0675773132213684, 0.08817511071158635, 0.10812547756801222, 0.015316889090669016, 0.0035631098737300354, 7.915853671908349e-05, 16.759632789877873, 0.026429180091731154
2021hwq, ATLAS-ZTF, 91bg, SALT, 212.39735713000002, 11.153096924500003, 0.0794409319681661, 4.477016215323482e-06, 0.08027307703261938, 59287.64867, 59372.30759260012, 178.49665364231177, 0.0, 38.14828031254169, 0.1166481579622923, 9.581076538355797, 0.1005564931651946, 59320.36027028476, 0.14983453820241266, 1.3275900359474901, 0.15638255632680953, -0.056985530281456115, 0.01726507347374346, 0.0007724371223980731, 1.3999661725064466e-05, 18.43997994189047, 0.06974226017461266
2020nin, ATLAS-ZTF, 91bg, SALT, 276.527708, 30.222531, 0.060604783046535195, -0.49995494857429984, 0.06003584261663768, 59001.562602, 59079.322306, 169.51409322444957, 0.0, 37.842395020040115, 0.12461055972795217, 9.564368859354696, 0.10031714787411544, 59033.72875483162, 0.14734255533039686, -0.44035640554523303, 0.19033111906270717, 0.1112548607252293, 0.0208749928648613, 0.0005028939211099356, 1.3182470067063264e-05, 18.848912079713397, 0.15728149153343493
2021ckc, ATLAS-ZTF, 91bg, SALT, 178.648712033, 25.3834358597, 0.0530867257507859, 1.0006922855944561e-05, 0.05350651241259361, 59233.490268, 59371.19525460014, 889.0461911315442, 0.0, 37.01100729460066, 0.11218314873867312, 10.166746049887644, 0.10004825404351177, 59270.67394268758, 0.08409603049221914, 1.2682118599733583, 0.11694842496646207, 0.07321572643710174, 0.014405211323064509, 0.0015273497637820412, 2.8902375303192406e-05, 17.6765220162303, 0.05926841901074555
2019vdg, ATLAS-ZTF, 91bg, SALT, 95.88309487679999, 50.39996185590001, 0.0360649499728242, 0.0003702561456699488, 0.03599739708777471, 58788.582606, 58899.13793980004, 928.0263546439185, 0.0, 36.52312175111375, 0.11520119280906159, 10.532030342459745, 0.10001008878077274, 58819.452215560355, 0.11561127064123866, 0.1371814708004937, 0.10000856241190237, 0.11643282436099403, 0.016691831536704338, 0.001812837510797445, 3.9615972186243184e-05, 17.453725515826395, 0.07566606958940864
2020lil, ATLAS-ZTF, 91bg, SALT, 219.498583, 9.388539, 0.030714581885845842, 1.6678204759907602e-05, 0.0307466024461776, 58979.466056, 59063.170856500044, 439.7530251914243, 0.0, 36.10645880365885, 0.1036851585896144, 9.613757014686097, 0.10003857491686095, 59011.94660412267, 0.055449704250349896, -1.5111701335324894, 0.051749762120587794, 0.07909267224013193, 0.007952684398208247, 0.002336976800194863, 2.4187792935485237e-05, 17.228592036201402, 0.06018603867975516
2020zj, ATLAS-ZTF, 91bg, SALT, 240.33491700000002, 16.677719, 0.03156750527726752, 1.0006922855944561e-05, 0.033853113973295344, 58855.50259259995, 58970.44407409988, 543.3259586930021, 0.0, 36.202200431601185, 0.10779297071365992, 10.592999514022582, 0.10000316490066737, 58869.26113673497, 0.1478294691805786, -1.080423885399484, 0.08042293839951803, -0.0686780792678299, 0.01172631061734585, 0.003410846350629193, 4.935335988811727e-05, 16.98896006208818, 0.05762599497139629
2020jjf, ATLAS-ZTF, 91bg, SALT, 233.784425502, 23.9455693262, 0.06426779422182796, 1.6678204759907602e-05, 0.0645472757536741, 58959.498857, 59037.3274, 141.46605004299514, 0.0, 37.72128204411567, 0.12514534869593122, 9.944197498211803, 0.10015946072808848, 58988.115122112926, 0.17120524924393976, 0.15933314190596293, 0.1851918881216727, 0.08392462970125476, 0.02155212243638098, 0.0006594778479245842, 1.645183893658463e-05, 18.52064754907505, 0.07261985519509394
2021bta, ATLAS-ZTF, 91bg, SALT, 210.68489379999997, 25.557550477778, 0.06107558583078165, 1.3342563807926082e-05, 0.06209107960384637, 59229.586887, 59323.337835600134, 290.87457964668204, 0.0, 37.26060681279706, 0.11855012025251548, 10.40241383098567, 0.10002171479782014, 59261.88455324902, 0.11992296966855065, 0.5716835631164585, 0.15287771117404592, 0.11055132608048161, 0.01904721645825938, 0.0009930408823240588, 1.544734681042905e-05, 17.980297098730396, 0.06201728874151418
2021ble, ATLAS-ZTF, 91bg, SALT, 174.76495800000004, -9.410319000000001, 0.04985654189764994, 7.090522371563934e-06, 0.05128649135490585, 59226.567339, 59334.18868059991, 464.48387400104343, 0.0, 37.083736118791876, 0.10907322221573648, 9.647152761943847, 0.10017678060787111, 59257.987826212586, 0.11400321695691673, 1.286094467470843, 0.12527193631634237, -0.04883828493328385, 0.012590321427179554, 0.002001841874307344, 2.0358516955760236e-05, 17.333759270533847, 0.04691737094547474
2020oms, ATLAS-ZTF, 91bg, SALT, 324.54576238299995, 6.741035204040004, 0.06503832728173568, 1.3342563807926082e-05, 0.06374219856852079, 59022.396444, 59134.18518520007, 384.5517921488137, 0.0, 37.580489993458855, 0.1128841750516442, 11.303313518193004, 0.10014578032266597, 59050.03258019472, 0.15337011952578905, 0.760354504136106, 0.14007995121814554, -0.004928335466930837, 0.014814322848001464, 0.0010428270170885767, 1.7568286510787885e-05, 18.10826341255156, 0.05747737713886405
2020qqn, ATLAS-ZTF, 91bg, SALT, 356.32099662800005, 21.3588386509, 0.026351563520654014, 2.0013845711889123e-05, 0.024323399168991164, 59043.573521, 59173.22112269979, 1608.2297781238562, 0.0, 35.70645396776304, 0.1027945266111662, 10.524752287395506, 0.10006558036535351, 59078.69555650917, 0.04769721269985894, 0.4536136610277586, 0.05180175079611993, 0.2950477156342496, 0.006811112196105576, 0.0024631036733669897, 2.1750873437157355e-05, 16.89227081222503, 0.0381301168859431
2022rmp, ATLAS-ZTF, 91bg, SALT, 111.79350120000001, 33.835096400000005, 0.02621480224162277, 6.671281903963041e-06, 0.025864612500373002, 59809.50517359981, 59969.26644679997, 3566.415088480815, 0.0, 35.69662278086347, 0.10396781930616572, 10.551612336679302, 0.10000603504028113, 59826.63561049092, 0.038672728383971844, 0.47533792184571655, 0.04639191322697689, -0.034319256887202124, 0.008305411912015304, 0.006156730204382595, 6.860146508959687e-05, 16.204054022150547, 0.02524739326612848
2020cbf, ATLAS-ZTF, 91bg, SALT, 230.71640807499995, 38.4496064575, 0.040134431934241654, 1.0006922855944561e-05, 0.039232987686574405, 58870.522058, 58985.3015509001, 1045.4977247064191, 0.0, 36.50545144788816, 0.10828217267761737, 10.277193457502081, 0.10001352166352259, 58900.32720357824, 0.07944150513139903, 0.05493381096683958, 0.09493303192594837, -0.006124436774119245, 0.011951746147363032, 0.0025496566423007143, 3.679800254130512e-05, 17.13756595139871, 0.03930794775078345
2019huh, ATLAS-ZTF, 91bg, SALT, 348.613333, 8.263299999999997, 0.04072934505459788, 3.5652196725688423e-06, 0.03882825113442406, 58636.609868, 58733.37467590021, 364.7710425722855, 0.0, 36.73405113619198, 0.11195673367029642, 10.140004225631067, 0.10001929942901605, 58664.38778778716, 0.11194585227349307, -0.1830771361916428, 0.09063471477157387, -0.01751254478623987, 0.014706395415372454, 0.0020608680112038126, 3.896382925117782e-05, 17.480367792693823, 0.0994072124147499
2019due, ATLAS-ZTF, 91bg, SALT, 240.40663880200003, 16.435935277600002, 0.04334098358138149, 0.0002321606102579138, 0.04268084091892407, 58575.551162, 58700.17589120008, 1572.9215342463503, 0.0, 36.124515856804386, 0.10359362860182103, 10.96297444065504, 0.10067830849349314, 58607.325667502475, 0.06188730398207554, 0.392708738213845, 0.07037600166179325, 0.041668321691373404, 0.007660742493101712, 0.003330878510133145, 2.9828678492581166e-05, 16.84690309034174, 0.02772424863191046
2020wgr, ATLAS-ZTF, 91bg, SALT, 125.91558299999998, -0.16833100000000004, 0.034964188458670296, 0.0001300899971272793, 0.03557702084223325, 59132.609835, 59222.37872690009, 390.8799197785389, 0.0, 36.326652937311934, 0.10853729830991977, 6.6258859532302, 0.18245828843452247, 59148.33005152788, 0.0711716757468821, 0.003678022624717947, 0.08734943160196962, 0.1250738628058903, 0.012117694769309803, 0.0020819767513332397, 3.308860536129558e-05, 17.250498096099278, 0.07621482524685032
2021dlb, ATLAS-ZTF, 91bg, SALT, 223.27902490699998, 3.5373079904700004, 0.03335307387886322, 1.0006922855944561e-05, 0.034227017169415036, 59246.576465, 59370.2479514, 1025.0082807778415, 0.0, 36.06148906517052, 0.11332483321105062, 10.189053492162435, 0.10000926670255633, 59279.4589040749, 0.05581686731602531, 0.6054244998581515, 0.08085556237620639, 0.027844239508010717, 0.015253815179951821, 0.0037780353730969027, 8.686691948081021e-05, 16.796508470552833, 0.04261317099715414
2020wio, ATLAS-ZTF, 91bg, SALT, 60.00613748970004, -24.600229808100007, 0.0640970094050865, 0.00013075712531767562, 0.06374860189301144, 59115.56343, 59195.395738, 155.40090579587257, 0.0, 37.62701711095417, 0.12580568527705305, 10.268399997601103, 0.10010230562229294, 59147.662190874566, 0.16617077362388954, 0.04679328940238037, 0.19068868469869077, 0.031531793781912384, 0.02229419377296967, 0.0008174684623816581, 1.7849571832760523e-05, nan, 0.1579151410729459
2022myp, ATLAS-ZTF, 91bg, SALT, 205.4382685710001, -25.793415714300007, 0.026338220956846087, 0.00010674051046340866, 0.02775341857179991, 57406.621307, 59809.02868, 2117.2422819759213, 0.0, 35.73295943139917, 0.13042267437144914, 10.8193714727636, 0.10000379914848846, 59758.26675443758, 0.09925492277761805, -1.310290425272782, 0.10232273941596925, 0.03253130877073237, 0.024225493497259436, 0.003853444721861252, 0.00013987910025060703, nan, nan
2021fco, ATLAS-ZTF, 91bg, SALT, 159.97395799999998, 21.844489000000006, 0.05538731731536756, 8.672666475151954e-06, 0.055927174034382285, 59261.411658, 59350.22680559987, 136.50851439434038, 0.0, 37.288607004967204, 0.11587153018572562, 10.794749551774842, 0.10000795396302231, 59295.9822168413, 0.1541682702554681, 1.2058307672406154, 0.16639549512960983, -0.02031530565880865, 0.016121501233269102, 0.0015155486614416374, 3.026290507513435e-05, 17.762598324384676, 0.059041122183248806
2019hyj, ATLAS-ZTF, 91bg, SALT, 353.75208222399993, 23.13927236800001, 0.05710117688163202, 1.177587308363523e-05, 0.05535120113155808, 58643.616691, 58716.37751160003, 69.75484963847546, 0.0, 37.45186505006335, 0.12865723719189726, 10.05089077097579, 0.10009244980990355, 58664.371122507015, 0.20480293434957275, 0.06439499967438644, 0.1890139024580012, 0.07972839457712495, 0.023019434771788378, 0.0008436430004787907, 2.470269812387288e-05, 18.279027129505653, 0.07371387099290445
