mjd,filter,uJy,duJy
59292.437908,c,-18.0,9.0
59292.444333,c,7.0,7.0
59292.457628,c,9.0,8.0
59292.463147,c,-1.0,7.0
59292.654279,c,8.0,26.0
59310.458856,c,5.0,6.0
59310.460698,c,22.0,6.0
59310.465791,c,14.0,7.0
59310.472285,c,-4.0,6.0
59314.458192,c,20.0,9.0
59314.466491,c,66.0,6.0
59314.468338,c,62.0,7.0
59314.488976,c,66.0,12.0
59314.491741,c,10.0,20.0
59318.417357,c,111.0,9.0
59318.442346,c,117.0,9.0
59318.445173,c,99.0,8.0
59318.450704,c,130.0,9.0
59318.452546,c,-21.0,13.0
59322.430735,c,166.0,7.0
59322.432586,c,167.0,8.0
59322.435822,c,163.0,8.0
59322.441358,c,180.0,8.0
59344.357179,c,78.0,9.0
59344.360385,c,80.0,10.0
59344.36322,c,73.0,8.0
59344.374245,c,76.0,8.0
59370.350389,c,24.0,7.0
59370.353157,c,9.0,6.0
59370.359162,c,22.0,8.0
59370.370691,c,9.0,7.0
59294.576027,o,-6.0,8.0
59294.582093,o,-7.0,8.0
59294.584876,o,-5.0,8.0
59294.620981,o,2.0,8.0
59298.500213,o,-44.0,30.0
59298.503444,o,21.0,33.0
59298.506666,o,-5.0,23.0
59298.525553,o,7.0,11.0
59299.478124,o,96.0,101.0
59299.479977,o,33.0,80.0
59299.498676,o,23.0,19.0
59299.517003,o,21.0,16.0
59300.465782,o,-158.0,97.0
59300.470923,o,10.0,51.0
59300.473218,o,-47.0,46.0
59300.484204,o,-58.0,47.0
59304.41275,o,-21.0,16.0
59304.42055,o,0.0,16.0
59304.445269,o,0.0,22.0
59304.45362,o,40.0,17.0
59306.568539,o,-4.0,12.0
59306.571763,o,-29.0,11.0
59306.578674,o,42.0,12.0
59306.595821,o,20.0,11.0
59308.597767,o,-105.0,122.0
59308.614315,o,99.0,45.0
59308.629096,o,-6.0,34.0
59308.642412,o,30.0,23.0
59320.440061,o,106.0,11.0
59320.442807,o,105.0,9.0
59320.445551,o,123.0,11.0
59320.452415,o,129.0,12.0
59324.383189,o,124.0,13.0
59324.391325,o,172.0,14.0
59324.426549,o,152.0,12.0
59324.430004,o,143.0,11.0
59324.631872,o,154.0,22.0
59326.430995,o,119.0,12.0
59326.432841,o,123.0,14.0
59326.435611,o,150.0,13.0
59326.446397,o,162.0,16.0
59328.358124,o,149.0,24.0
59328.36414,o,119.0,20.0
59328.366031,o,89.0,18.0
59328.389838,o,135.0,24.0
59330.459683,o,-16.0,153.0
59330.462469,o,129.0,47.0
59330.494579,o,110.0,41.0
59330.500562,o,474.0,113.0
59332.456117,o,89.0,22.0
59332.459354,o,135.0,21.0
59332.464872,o,155.0,19.0
59332.514074,o,110.0,25.0
59334.405957,o,136.0,12.0
59334.423006,o,90.0,12.0
59334.424862,o,102.0,11.0
59334.427637,o,127.0,11.0
59342.459255,o,77.0,11.0
59342.464359,o,58.0,7.0
59342.49514,o,92.0,11.0
59342.520092,o,61.0,13.0
59346.383114,o,67.0,10.0
59346.384961,o,65.0,9.0
59346.390764,o,72.0,9.0
59346.397941,o,68.0,9.0
59350.451019,o,48.0,8.0
59350.454757,o,68.0,8.0
59350.488134,o,84.0,9.0
59350.516516,o,45.0,10.0
59354.41051,o,39.0,8.0
59354.4142,o,61.0,8.0
59354.417892,o,85.0,11.0
59354.419735,o,82.0,10.0
59354.421592,o,72.0,12.0
59354.429459,o,54.0,9.0
59354.433143,o,66.0,11.0
59354.439638,o,75.0,14.0
59356.40784,o,-22.0,24.0
59356.415659,o,91.0,19.0
59356.438267,o,28.0,16.0
59356.440122,o,50.0,21.0
59356.445332,o,43.0,14.0
59356.449984,o,58.0,15.0
59358.398201,o,51.0,16.0
59358.399122,o,62.0,16.0
59358.401911,o,44.0,16.0
59358.40283,o,95.0,17.0
59358.407916,o,49.0,17.0
59358.408836,o,36.0,18.0
59358.418108,o,34.0,20.0
59358.419031,o,95.0,14.0
59360.380757,o,4.0,32.0
59360.383982,o,18.0,29.0
59360.389472,o,31.0,36.0
59360.393148,o,39.0,41.0
59360.424959,o,46.0,16.0
59362.424668,o,33.0,15.0
59362.427892,o,21.0,14.0
59362.433452,o,50.0,11.0
59362.444509,o,39.0,14.0
59364.408978,o,30.0,15.0
59364.412179,o,36.0,14.0
59364.418602,o,62.0,14.0
59364.454092,o,76.0,14.0
59368.371877,o,55.0,9.0
59368.375083,o,31.0,10.0
59368.406931,o,32.0,10.0
59368.412038,o,16.0,10.0
59311.37068289984,ZTF_g,27.019667477867117,5.332277850782935
59313.28609950002,ZTF_g,61.89591678934782,12.793012910827034
59315.305358800106,ZTF_g,87.88160906101909,13.318423444620048
59317.28569439985,ZTF_g,125.18722136229827,9.21647103173629
59321.37283559982,ZTF_g,169.52821919271975,10.411054848237638
59323.30312500009,ZTF_g,179.79383665173853,12.37601726489062
59325.37288190005,ZTF_g,181.87843139932508,15.39325336066849
59329.345625000075,ZTF_g,172.66328527432367,15.199864680237058
59335.28569439985,ZTF_g,129.44378397518986,10.384438227122581
59338.41168980021,ZTF_g,100.52081474629823,8.315791724081981
59340.36128470022,ZTF_g,87.3964918235628,9.49335417103972
59342.360127300024,ZTF_g,68.38694448879068,7.109486270919764
59345.36579860002,ZTF_g,55.50600877527708,7.132771443056071
59349.23853009986,ZTF_g,38.90917298798032,6.262953546523581
59353.34806710016,ZTF_g,29.487638925787866,7.608815247156426
59362.217164400034,ZTF_g,23.351780513103485,8.52126772364111
59311.32603010023,ZTF_r,31.23788343552545,4.924767556924615
59313.35185190011,ZTF_r,59.014020064016904,7.872510272581958
59317.40956019983,ZTF_r,102.07006703594205,7.178070035620363
59321.40608800016,ZTF_r,144.6697063718096,10.22724849186753
59323.34953700006,ZTF_r,144.85263506012507,9.351808308693938
59325.31189810019,ZTF_r,153.3704175709858,9.581016172973072
59329.28728009993,ZTF_r,148.84011606125023,14.775819498765982
59335.326539400034,ZTF_r,115.1480002317123,15.057129918811059
59338.39210649999,ZTF_r,109.96305577640153,9.391994484503076
59340.311770800035,ZTF_r,100.87752072371809,8.093293516848673
59342.41456020018,ZTF_r,93.7893659755243,9.95906656624285
59345.3249189998,ZTF_r,83.03094867331568,9.776749203770613
59349.29781250004,ZTF_r,83.300038091247,6.817628904870341
59353.3219444002,ZTF_r,64.99309219323005,7.424754641092998
59356.2688310002,ZTF_r,64.17413152024393,13.288741411638828
59359.24232639978,ZTF_r,55.98607221532923,10.665561655920339
59362.26560189994,ZTF_r,51.70145912741628,9.627685003154346
