mjd,filter,uJy,duJy
59313.52316,c,-2.0,6.0
59313.525002,c,27.0,8.0
59313.527778,c,-40.0,8.0
59313.537929,c,3.0,8.0
59317.508052,c,-45.0,6.0
59317.510127,c,-44.0,8.0
59317.513366,c,-7.0,7.0
59317.518432,c,2.0,6.0
59321.491497,c,25.0,10.0
59321.494719,c,16.0,8.0
59321.49982,c,22.0,7.0
59321.519737,c,18.0,8.0
59339.41203,c,122.0,11.0
59339.446262,c,59.0,47.0
59339.449563,c,-9.0,43.0
59339.451849,c,-539.0,9.0
59343.433187,c,109.0,10.0
59343.435027,c,132.0,10.0
59343.43777,c,108.0,9.0
59343.442903,c,82.0,10.0
59343.443818,c,-528.0,8.0
59347.441092,c,65.0,9.0
59347.442922,c,93.0,10.0
59347.445964,c,67.0,9.0
59347.479154,c,74.0,8.0
59351.40942,c,56.0,10.0
59351.41262,c,58.0,10.0
59351.416753,c,49.0,9.0
59351.422411,c,62.0,10.0
59355.506907,c,54.0,9.0
59355.510648,c,69.0,9.0
59355.518223,c,28.0,9.0
59355.528491,c,60.0,8.0
59369.382288,c,11.0,5.0
59369.384243,c,33.0,6.0
59369.389623,c,35.0,8.0
59369.422662,c,61.0,8.0
59373.442506,c,36.0,7.0
59377.414298,c,48.0,7.0
59377.417548,c,39.0,6.0
59377.451383,c,50.0,8.0
59377.457005,c,61.0,7.0
59381.444436,c,32.0,6.0
59381.447685,c,38.0,8.0
59381.457183,c,2.0,6.0
59381.483612,c,54.0,7.0
59309.526995,o,-20.0,11.0
59309.528917,o,-19.0,8.0
59309.531682,o,-20.0,10.0
59309.54948,o,5.0,9.0
59319.487337,o,75.0,13.0
59319.489166,o,112.0,13.0
59319.497571,o,106.0,14.0
59319.502613,o,-3.0,11.0
59323.47142,o,14.0,9.0
59323.473274,o,40.0,10.0
59323.476025,o,-29.0,9.0
59323.483886,o,53.0,11.0
59327.447859,o,79.0,15.0
59327.454119,o,56.0,16.0
59327.456874,o,104.0,16.0
59327.467176,o,80.0,17.0
59329.431447,o,145.0,20.0
59329.434669,o,74.0,22.0
59329.462278,o,107.0,23.0
59329.467558,o,158.0,21.0
59331.483064,o,68.0,38.0
59331.484893,o,77.0,32.0
59331.487638,o,174.0,38.0
59333.470218,o,156.0,19.0
59333.472065,o,173.0,18.0
59333.487628,o,124.0,17.0
59333.495037,o,206.0,16.0
59337.522932,o,141.0,9.0
59337.526161,o,178.0,11.0
59337.532658,o,209.0,11.0
59337.546902,o,116.0,11.0
59341.548314,o,124.0,9.0
59341.552021,o,160.0,10.0
59341.558045,o,170.0,10.0
59341.571109,o,88.0,10.0
59345.427927,o,124.0,10.0
59345.430229,o,217.0,11.0
59345.432994,o,139.0,11.0
59345.439412,o,142.0,11.0
59349.411234,o,117.0,11.0
59349.41554,o,100.0,10.0
59349.418308,o,133.0,10.0
59349.450404,o,134.0,10.0
59353.395681,o,62.0,11.0
59353.411455,o,72.0,10.0
59353.414254,o,128.0,11.0
59353.416559,o,135.0,11.0
59353.417481,o,45.0,10.0
59353.41886,o,53.0,10.0
59353.423265,o,134.0,11.0
59353.428458,o,152.0,13.0
59357.399525,o,136.0,14.0
59357.400447,o,114.0,20.0
59357.402292,o,107.0,17.0
59357.402752,o,86.0,17.0
59357.411695,o,117.0,18.0
59357.434481,o,110.0,16.0
59357.435986,o,24.0,16.0
59357.442526,o,120.0,16.0
59359.384787,o,135.0,62.0
59359.387591,o,133.0,72.0
59359.390976,o,109.0,61.0
59359.396535,o,25.0,69.0
59361.485945,o,68.0,21.0
59361.490964,o,136.0,19.0
59361.49376,o,137.0,16.0
59361.504252,o,106.0,20.0
59363.390101,o,37.0,13.0
59363.392168,o,78.0,16.0
59363.396635,o,126.0,14.0
59363.432892,o,139.0,19.0
59367.382567,o,45.0,8.0
59367.385777,o,92.0,9.0
59367.39039,o,57.0,10.0
59367.395563,o,36.0,10.0
59369.618209,o,40.0,50.0
59371.378783,o,58.0,11.0
59371.381871,o,91.0,11.0
59371.384625,o,36.0,12.0
59371.419972,o,54.0,10.0
59383.413492,o,-30.0,11.0
59383.416906,o,50.0,13.0
59383.422536,o,86.0,12.0
59383.455438,o,46.0,13.0
59385.424462,o,21.0,16.0
59385.441882,o,77.0,20.0
59385.450349,o,56.0,13.0
59385.464113,o,53.0,11.0
59387.408334,o,35.0,23.0
59387.411667,o,46.0,19.0
59387.417453,o,79.0,20.0
59387.418826,o,75.0,22.0
59387.422033,o,60.0,26.0
59387.427253,o,12.0,31.0
59387.444109,o,28.0,29.0
59324.38177079987,ZTF_g,30.11064093486094,9.178234664418598
59324.38271989999,ZTF_g,40.42257728040082,6.896503125064053
59328.3505092999,ZTF_g,76.23963351929176,16.87741630216698
59328.36093749991,ZTF_g,97.00899379892005,10.504417046616227
59334.45170139987,ZTF_g,154.69632620165933,16.45647047298541
59336.41609949991,ZTF_g,134.58603540559454,9.689667881498627
59336.42887730012,ZTF_g,145.68002254601637,11.02062819667217
59339.38017359981,ZTF_g,116.94078369603274,10.051698500024992
59339.3820369998,ZTF_g,123.49495038890949,9.626372268364781
59343.381458300166,ZTF_g,89.32042894004091,10.328618598373069
59343.38287039986,ZTF_g,80.0537351398024,9.83895140412244
59345.392696800176,ZTF_g,69.36519316226872,8.18234628924408
59345.39982639998,ZTF_g,76.33399638475446,6.855756839574784
59349.358680599835,ZTF_g,49.35282305414449,6.15993282337009
59349.38142360002,ZTF_g,56.565027161280526,6.174521193034474
59352.34197920002,ZTF_g,33.24249407338528,7.319973223624151
59353.3567476999,ZTF_g,32.24758528462785,6.274878184984725
59356.31185190007,ZTF_g,39.0984913427063,8.258052570169182
59328.311701400205,ZTF_r,86.4752845997407,11.777650301983162
59334.358298600186,ZTF_r,134.9459950441225,16.566761641627266
59334.38016200019,ZTF_r,156.6462490475452,13.944862889031574
59336.37436340004,ZTF_r,151.59329751527702,11.487940613876663
59336.39087959984,ZTF_r,184.9779661380543,12.033181098053397
59339.33234950015,ZTF_r,136.58883473629822,11.985313102517342
59339.338078700006,ZTF_r,173.8233037390343,15.278294757759843
59341.400358799845,ZTF_r,154.55348416674306,10.801684109599178
59341.4144791998,ZTF_r,174.6687450642011,18.705329367773356
59343.3275462999,ZTF_r,118.22300661195793,12.861672718693953
59343.353784699924,ZTF_r,167.59922265893556,13.230043562778253
59345.3435531999,ZTF_r,108.1603290926114,8.206108724649145
59345.345902800094,ZTF_r,150.5003812177503,10.633246206669103
59349.32074069977,ZTF_r,96.03996652268786,9.497891021718504
59349.33339119982,ZTF_r,120.95025825174739,10.162262754424434
59353.33304399997,ZTF_r,118.34633144226414,10.25660585253958
59354.40041670017,ZTF_r,75.53600294161411,9.53316323563788
59356.35673609981,ZTF_r,112.602906332721,13.429657779838777
