mjd,filter,uJy,duJy
59338.359977,c,0.0,10.0
59338.365487,c,10.0,13.0
59338.369623,c,20.0,11.0
59338.378786,c,2.0,25.0
59338.379713,c,19.0,18.0
59338.408456,c,10.0,12.0
59338.415784,c,31.0,19.0
59338.419012,c,33.0,16.0
59342.334465,c,-2.0,8.0
59342.334923,c,-10.0,12.0
59342.337668,c,3.0,10.0
59342.338586,c,10.0,10.0
59342.343645,c,-15.0,8.0
59342.345018,c,22.0,10.0
59342.357014,c,16.0,12.0
59342.359321,c,-18.0,10.0
59346.330586,c,17.0,9.0
59346.333805,c,22.0,9.0
59346.341173,c,-12.0,10.0
59346.355539,c,8.0,9.0
59349.327217,c,53.0,11.0
59349.330417,c,56.0,10.0
59349.336394,c,75.0,12.0
59349.348808,c,57.0,13.0
59350.305144,c,34.0,10.0
59350.311104,c,75.0,10.0
59350.314761,c,59.0,10.0
59350.324929,c,81.0,13.0
59368.305558,c,216.0,10.0
59368.309272,c,207.0,9.0
59368.315729,c,213.0,10.0
59368.327708,c,199.0,10.0
59372.261044,c,155.0,8.0
59372.264734,c,154.0,10.0
59372.271718,c,185.0,9.0
59372.282807,c,148.0,11.0
59376.284729,c,134.0,10.0
59376.288425,c,119.0,10.0
59376.293966,c,104.0,10.0
59376.305966,c,118.0,11.0
59380.249608,c,101.0,13.0
59380.252831,c,98.0,11.0
59380.260673,c,67.0,14.0
59380.274995,c,70.0,10.0
59394.2605,c,70.0,12.0
59394.264617,c,51.0,8.0
59394.270115,c,49.0,10.0
59394.281574,c,59.0,12.0
59402.25541,c,29.0,27.0
59402.258625,c,29.0,20.0
59402.265979,c,22.0,14.0
59402.276509,c,23.0,14.0
59331.441769,o,37.0,28.0
59331.445944,o,28.0,29.0
59331.475786,o,-86.0,40.0
59332.385736,o,-51.0,18.0
59332.388965,o,-8.0,21.0
59332.394499,o,0.0,17.0
59332.405593,o,5.0,19.0
59333.446879,o,-57.0,22.0
59333.458948,o,10.0,25.0
59333.468151,o,6.0,27.0
59333.475544,o,83.0,35.0
59334.347183,o,13.0,12.0
59334.350392,o,-10.0,13.0
59334.356451,o,-27.0,12.0
59334.367552,o,-15.0,14.0
59335.364558,o,-19.0,10.0
59335.367328,o,-36.0,9.0
59335.373318,o,7.0,8.0
59335.40734,o,-32.0,13.0
59336.355874,o,-16.0,11.0
59336.361403,o,-4.0,13.0
59336.365113,o,-54.0,11.0
59336.37525,o,-18.0,14.0
59344.328974,o,-41.0,9.0
59344.330818,o,-5.0,11.0
59344.332209,o,2.0,9.0
59344.334514,o,-14.0,9.0
59344.33774,o,-1.0,9.0
59344.341924,o,-3.0,15.0
59344.348864,o,-22.0,8.0
59344.35301,o,-21.0,15.0
59348.297429,o,6.0,10.0
59348.30757,o,33.0,10.0
59348.311714,o,20.0,9.0
59348.315398,o,32.0,10.0
59348.318624,o,29.0,10.0
59348.320929,o,55.0,10.0
59348.324655,o,-5.0,11.0
59348.334794,o,22.0,16.0
59352.30837,o,103.0,11.0
59352.312099,o,115.0,12.0
59352.317623,o,125.0,11.0
59352.334711,o,142.0,13.0
59354.319048,o,154.0,20.0
59354.32271,o,126.0,24.0
59354.333734,o,132.0,22.0
59354.341203,o,168.0,24.0
59358.301634,o,264.0,27.0
59358.304841,o,232.0,33.0
59358.312192,o,273.0,32.0
59358.322444,o,187.0,30.0
59359.326163,o,214.0,20.0
59359.329387,o,200.0,28.0
59359.335372,o,206.0,26.0
59359.350148,o,236.0,25.0
59360.355018,o,138.0,36.0
59360.358246,o,169.0,35.0
59360.363772,o,258.0,36.0
59360.374847,o,171.0,39.0
59361.322411,o,179.0,27.0
59361.326098,o,235.0,29.0
59361.332669,o,154.0,26.0
59361.343846,o,205.0,24.0
59362.324576,o,197.0,17.0
59362.327801,o,206.0,18.0
59362.334663,o,154.0,19.0
59362.344743,o,238.0,22.0
59364.282728,o,194.0,10.0
59364.286873,o,216.0,12.0
59364.294254,o,201.0,12.0
59364.304436,o,180.0,10.0
59366.329713,o,190.0,13.0
59366.332946,o,206.0,12.0
59366.340292,o,227.0,14.0
59366.351312,o,202.0,10.0
59370.271565,o,161.0,14.0
59370.277061,o,156.0,12.0
59370.28348,o,167.0,13.0
59370.298714,o,184.0,15.0
59374.257575,o,140.0,13.0
59374.262634,o,163.0,15.0
59374.265835,o,161.0,13.0
59374.280517,o,133.0,13.0
59382.253067,o,66.0,31.0
59382.256272,o,128.0,22.0
59382.26408,o,118.0,20.0
59382.277868,o,100.0,20.0
59384.292338,o,112.0,43.0
59384.295578,o,165.0,31.0
59384.301632,o,101.0,26.0
59384.323669,o,152.0,68.0
59386.285432,o,-5.0,128.0
59386.29138,o,215.0,84.0
59386.302826,o,274.0,115.0
59388.248754,o,92.0,21.0
59388.251978,o,86.0,19.0
59388.257501,o,124.0,19.0
59388.267662,o,101.0,19.0
59392.279044,o,82.0,12.0
59392.283652,o,59.0,12.0
59392.289199,o,75.0,10.0
59392.300722,o,74.0,11.0
59396.266416,o,28.0,11.0
59396.269646,o,65.0,11.0
59396.275637,o,50.0,12.0
59396.285809,o,85.0,10.0
59349.21204859996,ZTF_g,50.93838833665569,7.332083132275587
59357.204120399896,ZTF_g,211.87396791121898,26.76624509604887
59359.254120400175,ZTF_g,243.99942337201003,21.930634450609357
59362.183611100074,ZTF_g,232.76988927462617,12.130579258961987
59365.207870400045,ZTF_g,217.11468557399263,13.425568791025785
59367.232164400164,ZTF_g,187.90122004965176,13.384025431403364
59369.225868099835,ZTF_g,166.08086572165575,11.243985442507075
59371.185057899915,ZTF_g,146.45870845663455,9.888261167042968
59352.23677079985,ZTF_r,88.24904209345918,14.690213661316138
59354.22935190005,ZTF_r,158.9584429258675,14.250560918742165
59359.192592599895,ZTF_r,231.40460646385185,17.10794714251073
59362.23259259993,ZTF_r,237.7297863182555,14.240357578743458
59371.227037000004,ZTF_r,174.41844086831608,12.584854615152077
59373.21537039988,ZTF_r,166.91262989973353,14.961107755507504
59375.22789350012,ZTF_r,145.8915035075021,14.05963364753201
59377.21243060008,ZTF_r,135.37235993551374,9.47681173319559
