mjd,filter,uJy,duJy
59851.46498,c,22.0,8.0
59851.467852,c,9.0,8.0
59851.497381,c,14.0,8.0
59851.504764,c,42.0,8.0
59853.343691,c,2.0,8.0
59853.345576,c,2.0,8.0
59853.348347,c,17.0,8.0
59853.353474,c,-20.0,9.0
59855.429133,c,-4.0,7.0
59855.432362,c,1.0,7.0
59855.43516,c,6.0,7.0
59855.443981,c,4.0,8.0
59856.513927,c,44.0,10.0
59856.518643,c,27.0,8.0
59856.551915,c,-10.0,9.0
59856.558745,c,4.0,8.0
59857.515825,c,4.0,7.0
59857.52095,c,10.0,8.0
59857.524183,c,24.0,9.0
59857.534871,c,18.0,8.0
59869.363836,c,65.0,8.0
59869.393629,c,51.0,9.0
59869.403836,c,33.0,10.0
59869.405796,c,29.0,10.0
59871.431027,c,102.0,12.0
59871.434198,c,100.0,11.0
59871.440076,c,103.0,10.0
59871.450946,c,101.0,11.0
59875.417804,c,181.0,12.0
59875.420973,c,184.0,10.0
59875.43686,c,118.0,8.0
59883.408818,c,159.0,11.0
59883.418801,c,199.0,10.0
59899.360165,c,63.0,9.0
59899.362939,c,67.0,8.0
59899.392099,c,83.0,9.0
59901.319169,c,56.0,8.0
59901.361149,c,40.0,8.0
59901.365333,c,40.0,7.0
59901.393294,c,79.0,8.0
59904.422735,c,47.0,9.0
59904.42551,c,67.0,9.0
59904.438948,c,64.0,9.0
59904.448206,c,56.0,10.0
59905.380463,c,21.0,12.0
59905.384821,c,32.0,9.0
59905.391746,c,43.0,10.0
59905.402852,c,48.0,13.0
59907.353984,c,46.0,7.0
59907.360486,c,58.0,6.0
59907.370217,c,55.0,8.0
59907.384163,c,66.0,8.0
59908.301513,c,49.0,7.0
59908.317063,c,53.0,9.0
59908.330735,c,17.0,7.0
59908.333991,c,36.0,8.0
59909.324744,c,55.0,9.0
59909.328445,c,29.0,8.0
59909.333553,c,44.0,9.0
59909.369096,c,12.0,10.0
59927.278379,c,5.0,10.0
59927.28155,c,14.0,9.0
59927.28795,c,28.0,11.0
59927.299316,c,25.0,10.0
59851.455927,o,-31.0,7.0
59851.488157,o,-42.0,13.0
59851.489518,o,0.0,12.0
59851.490907,o,-53.0,13.0
59851.494082,o,-58.0,9.0
59851.494533,o,-9.0,12.0
59851.497728,o,-19.0,11.0
59851.500468,o,-23.0,12.0
59851.53567,o,27.0,16.0
59853.44768,o,-129.0,16.0
59853.458737,o,-69.0,8.0
59853.462355,o,-55.0,10.0
59853.468156,o,-1.0,12.0
59853.468608,o,-21.0,14.0
59853.473403,o,-10.0,11.0
59853.509673,o,-33.0,18.0
59854.44266,o,-46.0,13.0
59854.458345,o,-105.0,10.0
59854.461839,o,-82.0,13.0
59854.462762,o,-30.0,10.0
59854.489832,o,-7.0,12.0
59854.490736,o,-59.0,12.0
59854.521142,o,-62.0,16.0
59858.494674,o,6.0,16.0
59858.498426,o,18.0,21.0
59858.505906,o,29.0,21.0
59858.539733,o,19.0,14.0
59859.434042,o,39.0,27.0
59859.436913,o,29.0,21.0
59859.440575,o,-2.0,65.0
59859.443481,o,68.0,21.0
59859.44374,o,66.0,63.0
59859.453603,o,63.0,19.0
59859.453694,o,-27.0,41.0
59859.459118,o,27.0,42.0
59860.428991,o,65.0,24.0
59860.433343,o,54.0,31.0
59860.466486,o,76.0,31.0
59860.493983,o,52.0,42.0
59861.375047,o,-44.0,127.0
59861.402802,o,-101.0,98.0
59861.435031,o,-104.0,71.0
59861.439345,o,30.0,68.0
59861.474755,o,-403.0,258.0
59864.507778,o,-44.0,20.0
59864.510667,o,-5.0,20.0
59864.517894,o,50.0,22.0
59864.547335,o,-29.0,22.0
59866.54256,o,-14.0,19.0
59866.545797,o,11.0,22.0
59866.557853,o,12.0,20.0
59866.563751,o,34.0,20.0
59867.445688,o,54.0,15.0
59867.448868,o,27.0,14.0
59867.454761,o,31.0,16.0
59867.462795,o,16.0,12.0
59867.464713,o,-17.0,16.0
59867.466024,o,58.0,13.0
59867.473873,o,24.0,14.0
59867.497567,o,36.0,12.0
59868.417284,o,33.0,12.0
59868.420518,o,74.0,12.0
59868.431579,o,23.0,10.0
59868.43713,o,79.0,10.0
59869.432681,o,89.0,9.0
59869.467727,o,51.0,10.0
59869.471433,o,101.0,10.0
59869.498829,o,58.0,10.0
59870.450077,o,-6.0,13.0
59870.461289,o,79.0,11.0
59870.467208,o,-1.0,12.0
59870.478733,o,11.0,12.0
59871.407317,o,116.0,10.0
59871.412031,o,101.0,11.0
59871.417651,o,102.0,8.0
59871.428215,o,126.0,10.0
59872.441822,o,78.0,11.0
59872.444596,o,97.0,10.0
59872.463084,o,80.0,11.0
59872.479931,o,114.0,11.0
59873.423433,o,80.0,14.0
59873.426205,o,96.0,13.0
59873.43268,o,43.0,11.0
59873.443303,o,87.0,13.0
59875.426515,o,167.0,9.0
59875.430279,o,116.0,11.0
59875.459729,o,165.0,10.0
59876.442863,o,159.0,11.0
59876.477522,o,126.0,9.0
59877.332404,o,123.0,12.0
59877.336209,o,120.0,10.0
59877.351997,o,164.0,10.0
59880.388384,o,121.0,17.0
59880.400245,o,126.0,16.0
59880.409474,o,-526.0,79.0
59880.412705,o,-120.0,46.0
59881.407007,o,184.0,14.0
59881.410708,o,146.0,11.0
59881.426458,o,114.0,12.0
59883.372069,o,156.0,12.0
59883.375311,o,149.0,12.0
59883.396709,o,127.0,11.0
59884.363453,o,167.0,12.0
59884.367821,o,157.0,13.0
59884.383345,o,138.0,12.0
59885.331956,o,122.0,77.0
59887.418196,o,-26.0,35.0
59891.399745,o,87.0,25.0
59891.421043,o,66.0,11.0
59891.428307,o,63.0,12.0
59893.3805,o,164.0,21.0
59893.383735,o,94.0,20.0
59893.389297,o,114.0,22.0
59893.399948,o,114.0,19.0
59893.481512,o,88.0,32.0
59893.48856,o,55.0,39.0
59893.491725,o,97.0,44.0
59893.501478,o,117.0,50.0
59895.345477,o,107.0,16.0
59895.350101,o,143.0,15.0
59895.376211,o,19.0,15.0
59895.381377,o,103.0,18.0
59895.429704,o,90.0,18.0
59895.43332,o,65.0,19.0
59895.441059,o,44.0,16.0
59895.456985,o,97.0,18.0
59896.352143,o,78.0,13.0
59896.371047,o,113.0,14.0
59896.374283,o,110.0,14.0
59896.379904,o,94.0,15.0
59897.285928,o,77.0,13.0
59897.287742,o,87.0,12.0
59897.290962,o,88.0,13.0
59897.314163,o,39.0,12.0
59897.376087,o,66.0,13.0
59897.378931,o,91.0,12.0
59897.385866,o,95.0,13.0
59897.396025,o,65.0,12.0
59899.367534,o,124.0,9.0
59899.370715,o,69.0,10.0
59899.371167,o,98.0,12.0
59899.374822,o,54.0,13.0
59899.376651,o,127.0,11.0
59899.380753,o,110.0,12.0
59899.391658,o,74.0,13.0
59899.394403,o,86.0,12.0
59902.367643,o,95.0,13.0
59902.377527,o,46.0,11.0
59902.392774,o,79.0,14.0
59902.40304,o,87.0,13.0
59906.372947,o,9.0,10.0
59906.380194,o,44.0,10.0
59906.383818,o,50.0,14.0
59906.400725,o,36.0,12.0
59907.374907,o,22.0,11.0
59907.378076,o,-15.0,10.0
59907.384428,o,3.0,12.0
59907.407124,o,55.0,10.0
59909.407066,o,2.0,11.0
59909.410731,o,55.0,14.0
59909.417108,o,40.0,14.0
59909.429993,o,51.0,13.0
59910.307228,o,-64.0,38.0
59915.353968,o,16.0,14.0
59915.357136,o,49.0,14.0
59915.359922,o,48.0,12.0
59915.365823,o,96.0,12.0
59915.367209,o,58.0,16.0
59915.371303,o,119.0,16.0
59915.37584,o,38.0,18.0
59915.389031,o,67.0,15.0
59917.352362,o,80.0,26.0
59917.353266,o,-4.0,25.0
59917.356158,o,62.0,24.0
59917.357513,o,96.0,21.0
59917.360704,o,51.0,23.0
59917.364858,o,-17.0,22.0
59917.373733,o,72.0,18.0
59917.375541,o,-9.0,30.0
59926.345639,o,-12.0,16.0
59926.348803,o,3.0,16.0
59926.359748,o,-5.0,17.0
59926.365172,o,-4.0,16.0
59870.344270799775,ZTF_g,57.080004673363284,5.818317978144559
59874.21703700023,ZTF_g,156.1590650004062,8.72604108148147
59877.407615699805,ZTF_g,195.94040437695855,11.02438507463654
59880.2396644,ZTF_g,202.0737960667623,8.766261247247208
59882.221215299796,ZTF_g,196.0537709268389,14.148906745915001
59885.26483799983,ZTF_g,164.2320825489519,9.842259523153357
59894.38714119978,ZTF_g,89.78421709097265,24.46288687218558
59897.15313659981,ZTF_g,47.441498683979084,6.255944603746814
59903.21791670006,ZTF_g,30.940661890455974,6.202690959942853
59872.39160879981,ZTF_r,116.51075056425135,10.382746999309227
59874.27499999991,ZTF_r,154.2868100863946,13.259194569699845
59877.36789349979,ZTF_r,186.93559300115373,13.928664628694802
59880.227557899896,ZTF_r,196.11914896022378,12.351827210984746
59882.240833300166,ZTF_r,194.6109174322052,10.506309847149527
59888.32003469998,ZTF_r,123.43547709764785,32.827034349635746
59897.220324099995,ZTF_r,107.90560398995308,11.708068307510972
59899.17902779998,ZTF_r,114.95905894353085,17.111354076605824
59903.20193290012,ZTF_r,84.24885359896838,11.31671673307121
59907.18347219983,ZTF_r,56.29554138140429,7.2260450615623935
59913.28555560019,ZTF_r,58.754130020458625,11.190857979357444
