csp-norm,2008cd,CSP2008cd,198.75729,-15.95189,0.0074,0.009710610283174695,54585.0
++++++++++++++++++++++++++++++++++++++++++++++++++++++++++++++++
t0,54553.01884812872,0.5611941621209553
x0,0.002178452185454166,0.00017819438379590094
x1,3.848593663335258,0.9278227338984646
c,0.88835749574989,0.012859499168830873
mu,34.591159412888516,0.17177834613524098
hostMass,-333.0,-333.0
++++++++++++++++++++++++++++++++++++++++++++++++++++++++++++++++
0.3149725042609227,-9.09455593619577e-06,-0.13010558586498916,-0.0009265698780832831
-9.09455593619577e-06,3.1753238416400844e-08,-0.00015557108834524558,1.021957805209937e-06
-0.13010558586498916,-0.00015557108834524558,0.8862565515932035,-0.006418580422652321
-0.0009265698780832831,1.021957805209937e-06,-0.006418580422652321,0.0001653667188731619
++++++++++++++++++++++++++++++++++++++++++++++++++++++++++++++++
zp,15.111,15.111,15.111,15.111,15.111,14.903,14.903,14.903,14.903,14.545,14.545,14.545,14.545,14.545,14.328,14.328,14.328,14.328,14.439,14.439,14.439,14.439,14.439
filter,g,g,g,g,g,r,r,r,r,i,i,i,i,i,B,B,B,B,V,V,V,V,V
mjd,54587.74,54589.77,54591.72,54592.77,54595.73,54589.77,54591.72,54592.77,54595.73,54587.74,54589.77,54591.72,54592.77,54595.73,54587.74,54589.77,54591.72,54595.73,54587.74,54589.77,54591.72,54592.77,54595.73
flux,0.04690293284059379,0.04134281080471346,0.03614098626396132,0.035579513055974295,0.03317416496945389,0.15502437888710432,0.14348285182325904,0.12405092300422253,0.12393672048206794,0.15834341239145763,0.13514500541175595,0.11344882442111641,0.10974885550989485,0.10548725713234389,0.007812679345516046,0.007578792209160475,0.006873849195903234,0.004579309531517446,0.055513677743521145,0.0510504999975406,0.04385306977749858,0.04134281080471346,0.03502676269138131
dflux,0.0013391751253080068,0.0010281096705031891,0.0012316219040189986,0.0009830982765440814,0.0016499448949936998,0.003997916427412403,0.0037002725279353106,0.00205659220378806,0.0029678983885884267,0.001895915740921171,0.0031118287485370896,0.0022987850329819017,0.0021227310608300277,0.0033033500465232024,0.0006979871290963157,0.0004188195351290958,0.00043684238624333474,0.000354286795412848,0.0013805096417586773,0.0009874042103875285,0.0009693640776162813,0.0009138752626695015,0.0009678252195481753
mag,18.433,18.57,18.716,18.733,18.809,16.927,17.011,17.169,17.17,16.546,16.718,16.908,16.944,16.987,19.596,19.629,19.735,20.176,17.578,17.669,17.834,17.898,18.078
dmag,0.031,0.027,0.037,0.03,0.054,0.028,0.028,0.018,0.026,0.013,0.025,0.022,0.021,0.034,0.097,0.06,0.069,0.084,0.027,0.021,0.024,0.024,0.03
