# Combined data from 'ATLAS-ZTF' for 'SN 2021agej'
ra, dec, filter, mjd, mag, dmag, flux, dflux, zp, source
22.49196, 19.43909, o, 59457.494797, 22.552, 2.622, 4, 9, 22.394850021680092, ATLAS-ZTF
22.49196, 19.43909, o, 59457.496181, 19.339, 0.217, 67, 14, 19.334812993247933, ATLAS-ZTF
22.49196, 19.43909, o, 59457.49664, -22.563, 2.9, -3, 10, nan, ATLAS-ZTF
22.49196, 19.43909, o, 59457.501971, -23.134, 5.364, -2, 11, nan, ATLAS-ZTF
22.49196, 19.43909, o, 59457.536803, 20.223, 0.354, 30, 10, 20.207196863200842, ATLAS-ZTF
22.49196, 19.43909, o, 59457.537261, -20.902, 0.505, -16, 8, nan, ATLAS-ZTF
22.49196, 19.43909, o, 59461.497256, 22.396, 2.062, 4, 8, 22.394850021680092, ATLAS-ZTF
22.49196, 19.43909, o, 59461.499562, 19.758, 0.302, 45, 14, 19.76696871556164, ATLAS-ZTF
22.49196, 19.43909, o, 59461.500023, -20.917, 0.587, -16, 9, nan, ATLAS-ZTF
22.49196, 19.43909, o, 59461.526077, -20.658, 0.464, -20, 9, nan, ATLAS-ZTF
22.49196, 19.43909, o, 59461.52838, -21.16, 0.858, -12, 11, nan, ATLAS-ZTF
22.49196, 19.43909, o, 59461.529304, -24.087, 10.1, -1, 8, nan, ATLAS-ZTF
22.49196, 19.43909, c, 59463.570316, 22.381, 2.8, 4, 11, 22.394850021680092, ATLAS-ZTF
22.49196, 19.43909, c, 59463.573518, 22.391, 3.611, 4, 14, 22.394850021680092, ATLAS-ZTF
22.49196, 19.43909, c, 59463.584903, 19.275, 0.606, 71, 43, 19.27185412820231, ATLAS-ZTF
22.49196, 19.43909, c, 59463.590448, 22.611, 6.2, 3, 20, 22.707196863200842, ATLAS-ZTF
22.49196, 19.43909, o, 59465.487658, -20.914, 0.511, -16, 8, nan, ATLAS-ZTF
22.49196, 19.43909, o, 59465.489495, -21.719, 1.212, -8, 9, nan, ATLAS-ZTF
22.49196, 19.43909, o, 59465.492256, -21.196, 0.596, -12, 7, nan, ATLAS-ZTF
22.49196, 19.43909, o, 59465.497913, -20.851, 0.413, -17, 7, nan, ATLAS-ZTF
22.49196, 19.43909, c, 59467.449102, -21.258, 0.813, -11, 9, nan, ATLAS-ZTF
22.49196, 19.43909, c, 59467.450931, -20.89, 0.597, -16, 10, nan, ATLAS-ZTF
22.49196, 19.43909, c, 59467.454133, -21.241, 0.798, -12, 9, nan, ATLAS-ZTF
22.49196, 19.43909, c, 59467.46986, 21.305, 0.854, 11, 9, 21.296518287104437, ATLAS-ZTF
22.49196, 19.43909, o, 59469.466373, -19.756, 0.293, -46, 13, nan, ATLAS-ZTF
22.49196, 19.43909, o, 59469.468218, -22.609, 3.938, -3, 13, nan, ATLAS-ZTF
22.49196, 19.43909, o, 59469.473483, -20.201, 0.442, -30, 13, nan, ATLAS-ZTF
22.49196, 19.43909, o, 59469.48524, -21.238, 1.138, -12, 13, nan, ATLAS-ZTF
22.49196, 19.43909, o, 59475.535397, -18.963, 0.627, -94, 59, nan, ATLAS-ZTF
22.49196, 19.43909, o, 59475.53822, 21.911, 9.96, 6, 62, 21.95462187404089, ATLAS-ZTF
22.49196, 19.43909, o, 59475.54334, -18.961, 0.976, -94, 92, nan, ATLAS-ZTF
22.49196, 19.43909, o, 59475.553613, -19.378, 1.307, -64, 84, nan, ATLAS-ZTF
22.49196, 19.43909, o, 59485.426258, 21.237, 1.123, 12, 13, 21.202046884880936, ATLAS-ZTF
22.49196, 19.43909, o, 59485.428101, -20.525, 0.484, -22, 11, nan, ATLAS-ZTF
22.49196, 19.43909, o, 59485.431737, -20.895, 0.837, -16, 13, nan, ATLAS-ZTF
22.49196, 19.43909, o, 59485.438207, -21.649, 1.63, -8, 13, nan, ATLAS-ZTF
22.49196, 19.43909, o, 59487.474683, 20.54, 0.433, 22, 10, 20.543943297944484, ATLAS-ZTF
22.49196, 19.43909, o, 59487.477885, 22.026, 1.981, 6, 11, 21.95462187404089, ATLAS-ZTF
22.49196, 19.43909, o, 59487.484408, -23.535, 5.357, -1, 8, nan, ATLAS-ZTF
22.49196, 19.43909, o, 59487.496064, -21.086, 0.714, -13, 10, nan, ATLAS-ZTF
22.49196, 19.43909, o, 59489.615405, 22.24, 6.231, 5, 29, 22.15257498915995, ATLAS-ZTF
22.49196, 19.43909, o, 59489.619581, -20.557, 1.279, -22, 28, nan, ATLAS-ZTF
22.49196, 19.43909, o, 59489.629479, 18.461, 0.511, 150, 77, 18.459771852360795, ATLAS-ZTF
22.49196, 19.43909, o, 59489.639351, -20.182, 1.812, -31, 56, nan, ATLAS-ZTF
22.49196, 19.43909, o, 59491.459695, 22.371, 2.744, 4, 11, 22.394850021680092, ATLAS-ZTF
22.49196, 19.43909, o, 59491.462643, -21.037, 0.808, -14, 11, nan, ATLAS-ZTF
22.49196, 19.43909, o, 59491.47038, 21.38, 1.224, 10, 12, 21.4, ATLAS-ZTF
22.49196, 19.43909, o, 59491.480278, -23.428, 7.571, -2, 12, nan, ATLAS-ZTF
22.49196, 19.43909, o, 59493.402779, -21.295, 1.365, -11, 15, nan, ATLAS-ZTF
22.49196, 19.43909, o, 59493.404623, 20.011, 1.091, 36, 39, 20.00924374808178, ATLAS-ZTF
22.49196, 19.43909, o, 59493.425282, -21.666, 2.593, -8, 20, nan, ATLAS-ZTF
22.49196, 19.43909, o, 59493.433221, -21.454, 1.647, -10, 16, nan, ATLAS-ZTF
22.49196, 19.43909, o, 59497.495477, -23.222, 7.2, -2, 13, nan, ATLAS-ZTF
22.49196, 19.43909, o, 59497.498726, -21.567, 1.383, -9, 12, nan, ATLAS-ZTF
22.49196, 19.43909, o, 59497.503897, 21.819, 2.258, 7, 15, 21.787254899964356, ATLAS-ZTF
22.49196, 19.43909, o, 59497.518731, -23.761, 13.6, -1, 16, nan, ATLAS-ZTF
22.49196, 19.43909, o, 59501.349075, 20.582, 0.73, 21, 16, 20.5944517631652, ATLAS-ZTF
22.49196, 19.43909, o, 59501.378381, -20.295, 0.594, -28, 16, nan, ATLAS-ZTF
22.49196, 19.43909, o, 59501.383182, -20.28, 0.573, -28, 16, nan, ATLAS-ZTF
22.49196, 19.43909, o, 59501.389397, 22.021, 2.485, 6, 14, 21.95462187404089, ATLAS-ZTF
22.49196, 19.43909, o, 59503.369265, -20.047, 0.446, -35, 16, nan, ATLAS-ZTF
22.49196, 19.43909, o, 59503.371552, 21.978, 2.958, 6, 17, 21.95462187404089, ATLAS-ZTF
22.49196, 19.43909, o, 59503.376453, -20.139, 0.533, -32, 17, nan, ATLAS-ZTF
22.49196, 19.43909, o, 59503.381561, 21.348, 3.014, 10, 32, 21.4, ATLAS-ZTF
22.49196, 19.43909, o, 59505.446398, -20.12, 0.795, -32, 26, nan, ATLAS-ZTF
22.49196, 19.43909, o, 59505.452399, -21.583, 3.773, -8, 32, nan, ATLAS-ZTF
22.49196, 19.43909, o, 59505.460832, -19.174, 0.424, -78, 33, nan, ATLAS-ZTF
22.49196, 19.43909, o, 59511.425621, -21.229, 1.252, -12, 15, nan, ATLAS-ZTF
22.49196, 19.43909, o, 59511.435437, -21.363, 1.484, -10, 15, nan, ATLAS-ZTF
22.49196, 19.43909, o, 59511.439568, 24.359, 28.0, 1, 18, 23.9, ATLAS-ZTF
22.49196, 19.43909, o, 59511.449566, -18.9, 0.353, -100, 35, nan, ATLAS-ZTF
22.49196, 19.43909, o, 59513.452438, 21.71, 2.0, 8, 15, 21.64227503252014, ATLAS-ZTF
22.49196, 19.43909, o, 59513.455665, 20.806, 0.842, 17, 14, 20.823877696554312, ATLAS-ZTF
22.49196, 19.43909, o, 59513.465644, 20.986, 1.048, 15, 15, 20.959771852360795, ATLAS-ZTF
22.49196, 19.43909, o, 59513.470943, 20.442, 0.577, 24, 14, 20.449471895720983, ATLAS-ZTF
22.49196, 19.43909, o, 59515.419913, 21.064, 0.908, 14, 12, 21.034679910804403, ATLAS-ZTF
22.49196, 19.43909, o, 59515.4245, -20.253, 0.363, -29, 10, nan, ATLAS-ZTF
22.49196, 19.43909, o, 59515.430981, -21.93, 1.6, -6, 10, nan, ATLAS-ZTF
22.49196, 19.43909, o, 59515.442273, 20.495, 0.493, 23, 11, 20.495680409956016, ATLAS-ZTF
22.49196, 19.43909, o, 59517.421982, -21.263, 1.0, -11, 11, nan, ATLAS-ZTF
22.49196, 19.43909, o, 59517.425208, 22.389, 2.909, 4, 12, 22.394850021680092, ATLAS-ZTF
22.49196, 19.43909, o, 59517.435217, 21.314, 1.016, 11, 11, 21.296518287104437, ATLAS-ZTF
22.49196, 19.43909, o, 59517.440757, 20.295, 0.38, 28, 10, 20.28210492164445, ATLAS-ZTF
22.49196, 19.43909, c, 59519.392832, 24.715, 19.25, 0, 9, inf, ATLAS-ZTF
22.49196, 19.43909, c, 59519.407971, 21.866, 1.241, 6, 8, 21.95462187404089, ATLAS-ZTF
22.49196, 19.43909, c, 59519.41125, -21.883, 1.148, -6, 7, nan, ATLAS-ZTF
22.49196, 19.43909, c, 59519.416652, 21.328, 0.667, 11, 7, 21.296518287104437, ATLAS-ZTF
22.49196, 19.43909, o, 59521.399667, -21.376, 1.143, -10, 12, nan, ATLAS-ZTF
22.49196, 19.43909, o, 59521.40289, -21.256, 0.897, -11, 10, nan, ATLAS-ZTF
22.49196, 19.43909, o, 59521.408293, -21.317, 1.078, -11, 12, nan, ATLAS-ZTF
22.49196, 19.43909, o, 59521.418489, -22.95, 4.714, -2, 11, nan, ATLAS-ZTF
22.49196, 19.43909, c, 59523.40579, 20.997, 0.795, 14, 12, 21.034679910804403, ATLAS-ZTF
22.49196, 19.43909, c, 59523.409567, -20.834, 0.663, -17, 11, nan, ATLAS-ZTF
22.49196, 19.43909, c, 59523.4147, -22.599, 3.067, -3, 10, nan, ATLAS-ZTF
22.49196, 19.43909, c, 59523.425065, -23.046, 5.4, -2, 12, nan, ATLAS-ZTF
22.49196, 19.43909, o, 59525.306481, 21.186, 1.221, 12, 15, 21.202046884880936, ATLAS-ZTF
22.49196, 19.43909, o, 59525.309737, 20.349, 0.507, 26, 13, 20.362566630072955, ATLAS-ZTF
22.49196, 19.43909, o, 59525.312983, -22.045, 2.548, -6, 14, nan, ATLAS-ZTF
22.49196, 19.43909, o, 59525.31808, 21.971, 2.562, 6, 15, 21.95462187404089, ATLAS-ZTF
22.49196, 19.43909, c, 59527.380455, -23.718, 9.667, -1, 11, nan, ATLAS-ZTF
22.49196, 19.43909, c, 59527.397934, 21.363, 1.053, 10, 11, 21.4, ATLAS-ZTF
22.49196, 19.43909, c, 59527.401914, -20.554, 0.519, -22, 11, nan, ATLAS-ZTF
22.49196, 19.43909, c, 59527.407066, -22.662, 2.8, -3, 9, nan, ATLAS-ZTF
22.49196, 19.43909, o, 59529.370684, -20.802, 0.731, -17, 13, nan, ATLAS-ZTF
22.49196, 19.43909, o, 59529.39366, 21.999, 2.265, 6, 13, 21.95462187404089, ATLAS-ZTF
22.49196, 19.43909, o, 59529.401745, -21.01, 0.723, -14, 10, nan, ATLAS-ZTF
22.49196, 19.43909, o, 59529.404561, 21.913, 1.583, 6, 10, 21.95462187404089, ATLAS-ZTF
22.49196, 19.43909, o, 59531.370277, -19.728, 0.858, -47, 40, nan, ATLAS-ZTF
22.49196, 19.43909, o, 59531.374126, 19.25, 0.706, 72, 51, 19.256668758921826, ATLAS-ZTF
22.49196, 19.43909, o, 59531.380674, 18.826, 0.807, 107, 86, 18.826540555786973, ATLAS-ZTF
22.49196, 19.43909, o, 59531.390926, 18.685, 0.404, 122, 49, 18.684100423313126, ATLAS-ZTF
22.49196, 19.43909, o, 59539.458458, 19.297, 1.34, 69, 93, 19.30287727315686, ATLAS-ZTF
22.49196, 19.43909, o, 59539.462116, 19.257, 0.834, 72, 60, 19.256668758921826, ATLAS-ZTF
22.49196, 19.43909, o, 59539.470902, -21.306, 3.471, -11, 38, nan, ATLAS-ZTF
22.49196, 19.43909, o, 59539.484213, -20.365, 3.697, -26, 96, nan, ATLAS-ZTF
22.49196, 19.43909, o, 59541.37801, 21.458, 3.9, 10, 37, 21.4, ATLAS-ZTF
22.49196, 19.43909, o, 59541.381248, 21.663, 4.846, 8, 38, 21.64227503252014, ATLAS-ZTF
22.49196, 19.43909, o, 59541.389203, -23.017, 12.7, -2, 29, nan, ATLAS-ZTF
22.49196, 19.43909, o, 59541.408914, 20.528, 1.096, 22, 24, 20.543943297944484, ATLAS-ZTF
22.49196, 19.43909, o, 59543.341471, -20.602, 0.466, -21, 10, nan, ATLAS-ZTF
22.49196, 19.43909, o, 59543.344742, -19.9, 0.296, -40, 12, nan, ATLAS-ZTF
22.49196, 19.43909, o, 59543.34999, 22.978, 4.952, 2, 12, 23.147425010840045, ATLAS-ZTF
22.49196, 19.43909, o, 59543.359853, 20.93, 0.869, 15, 13, 20.959771852360795, ATLAS-ZTF
22.49196, 19.43909, o, 59545.361027, -20.609, 0.622, -21, 13, nan, ATLAS-ZTF
22.49196, 19.43909, o, 59545.3643, 21.346, 1.464, 10, 15, 21.4, ATLAS-ZTF
22.49196, 19.43909, o, 59545.369845, 21.158, 1.059, 12, 13, 21.202046884880936, ATLAS-ZTF
22.49196, 19.43909, o, 59545.384913, 22.588, 4.579, 3, 15, 22.707196863200842, ATLAS-ZTF
22.49196, 19.43909, o, 59545.385373, -21.233, 1.418, -12, 16, nan, ATLAS-ZTF
22.49196, 19.43909, o, 59551.305803, -22.897, 3.76, -2, 10, nan, ATLAS-ZTF
22.49196, 19.43909, o, 59551.312299, 22.402, 2.725, 4, 11, 22.394850021680092, ATLAS-ZTF
22.49196, 19.43909, o, 59551.315975, -21.027, 0.652, -14, 9, nan, ATLAS-ZTF
22.49196, 19.43909, o, 59551.326521, -23.927, 12.333, -1, 12, nan, ATLAS-ZTF
22.49196, 19.43909, o, 59557.278927, 18.966, 0.155, 94, 15, 18.967180366000754, ATLAS-ZTF
22.49196, 19.43909, o, 59557.282292, 18.6, 0.122, 132, 16, 18.598565171985374, ATLAS-ZTF
22.49196, 19.43909, o, 59557.294991, 18.722, 0.115, 118, 14, 18.720294981734686, ATLAS-ZTF
22.49196, 19.43909, o, 59557.301599, 19.066, 0.178, 86, 15, 19.06375387189108, ATLAS-ZTF
22.49196, 19.43909, o, 59565.293247, 18.107, 0.124, 208, 26, 18.104841662593095, ATLAS-ZTF
22.49196, 19.43909, o, 59565.298688, 17.748, 0.101, 289, 29, 17.74775539310863, ATLAS-ZTF
22.49196, 19.43909, o, 59565.30192, 18.139, 0.156, 202, 31, 18.13662157638344, ATLAS-ZTF
22.49196, 19.43909, o, 59565.312036, 17.915, 0.123, 248, 30, 17.913870797934457, ATLAS-ZTF
22.49196, 19.43909, o, 59569.386293, 17.895, 0.116, 252, 29, 17.896498648046137, ATLAS-ZTF
22.49196, 19.43909, o, 59569.392769, 18.046, 0.145, 220, 32, 18.043943297944484, ATLAS-ZTF
22.49196, 19.43909, o, 59569.405244, 17.649, 0.12, 316, 38, 17.65078229345399, ATLAS-ZTF
22.49196, 19.43909, o, 59569.408471, 17.785, 0.174, 279, 49, 17.785989491816004, ATLAS-ZTF
22.49196, 19.43909, o, 59573.243335, 18.111, 0.06, 207, 12, 18.110074136357703, ATLAS-ZTF
22.49196, 19.43909, o, 59573.247946, 18.06, 0.063, 217, 14, 18.058850665378674, ATLAS-ZTF
22.49196, 19.43909, o, 59573.258451, 18.009, 0.06, 227, 14, 18.00993535701719, ATLAS-ZTF
22.49196, 19.43909, o, 59573.264088, 17.945, 0.062, 241, 15, 17.944957393562827, ATLAS-ZTF
22.49196, 19.43909, o, 59584.792687, 18.826, 0.328, 107, 35, 18.826540555786973, ATLAS-ZTF
22.49196, 19.43909, o, 59584.79642, -20.31, 2.7, -27, 74, nan, ATLAS-ZTF
22.49196, 19.43909, o, 59584.802176, 18.651, 0.138, 126, 17, 18.64907363720609, ATLAS-ZTF
22.49196, 19.43909, o, 59584.812942, -19.089, 5.667, -84, 476, nan, ATLAS-ZTF
22.49196, 19.43909, o, 59587.29546, 18.793, 0.115, 110, 13, 18.796518287104437, ATLAS-ZTF
22.49196, 19.43909, o, 59587.298663, 18.525, 0.081, 141, 11, 18.52695221836155, ATLAS-ZTF
22.49196, 19.43909, o, 59587.307391, 18.651, 0.106, 126, 13, 18.64907363720609, ATLAS-ZTF
22.49196, 19.43909, o, 59587.321131, 18.503, 0.114, 144, 16, 18.504093769761873, ATLAS-ZTF
22.49196, 19.43909, o, 59591.235602, 18.494, 0.139, 145, 20, 18.496579994412564, ATLAS-ZTF
22.49196, 19.43909, o, 59591.238839, 18.466, 0.131, 149, 20, 18.467034328969312, ATLAS-ZTF
22.49196, 19.43909, o, 59591.244929, 18.549, 0.191, 138, 26, 18.550302283996906, ATLAS-ZTF
22.49196, 19.43909, o, 59591.255139, 18.268, 0.127, 179, 23, 18.267867422550268, ATLAS-ZTF
22.49196, 19.43909, o, 59593.278814, 18.981, 0.265, 93, 25, 18.97879262861516, ATLAS-ZTF
22.49196, 19.43909, o, 59593.284822, 18.709, 0.213, 119, 25, 18.711132596518674, ATLAS-ZTF
22.49196, 19.43909, o, 59593.288975, 19.009, 0.266, 90, 24, 19.014393726401686, ATLAS-ZTF
22.49196, 19.43909, o, 59593.298836, 18.83, 0.234, 107, 25, 18.826540555786973, ATLAS-ZTF
22.49196, 19.43909, o, 59597.219714, 18.695, 0.187, 121, 23, 18.69303657420887, ATLAS-ZTF
22.49196, 19.43909, o, 59597.222546, 18.707, 0.169, 119, 20, 18.711132596518674, ATLAS-ZTF
22.49196, 19.43909, o, 59597.228626, 18.891, 0.253, 101, 26, 18.889196565543394, ATLAS-ZTF
22.49196, 19.43909, o, 59597.245253, 18.807, 0.212, 109, 23, 18.80643375514844, ATLAS-ZTF
22.49196, 19.43909, o, 59597.78449, 17.881, 0.154, 256, 39, 17.879400086720374, ATLAS-ZTF
22.49196, 19.43909, o, 59597.790324, 18.946, 0.457, 96, 44, 18.944321917401076, ATLAS-ZTF
22.49196, 19.43909, o, 59597.797471, 18.617, 0.304, 130, 39, 18.615141619232908, ATLAS-ZTF
22.49196, 19.43909, o, 59597.808328, 19.476, 0.674, 59, 40, 19.47286997089464, ATLAS-ZTF
22.49196, 19.43909, o, 59601.307001, 18.922, 0.168, 98, 16, 18.92193481076876, ATLAS-ZTF
22.49196, 19.43909, o, 59601.310233, 19.402, 0.26, 63, 16, 19.401648626366043, ATLAS-ZTF
22.49196, 19.43909, o, 59601.324085, 19.318, 0.281, 68, 19, 19.318727718234406, ATLAS-ZTF
22.49196, 19.43909, o, 59601.329641, 19.246, 0.306, 73, 22, 19.241692849698858, ATLAS-ZTF
22.49196, 19.43909, o, 59603.31964, 19.445, 0.234, 60, 14, 19.45462187404089, ATLAS-ZTF
22.49196, 19.43909, o, 59603.322843, 19.31, 0.184, 68, 13, 19.318727718234406, ATLAS-ZTF
22.49196, 19.43909, o, 59603.32834, 19.152, 0.145, 79, 12, 19.155932271773896, ATLAS-ZTF
22.49196, 19.43909, o, 59603.338416, 19.462, 0.211, 60, 13, 19.45462187404089, ATLAS-ZTF
22.49196, 19.43909, o, 59606.217944, 19.13, 0.189, 81, 15, 19.128787452803373, ATLAS-ZTF
22.49196, 19.43909, o, 59606.221177, 19.481, 0.238, 58, 14, 19.491430016092657, ATLAS-ZTF
22.49196, 19.43909, o, 59606.241087, 19.504, 0.25, 57, 14, 19.51031286081877, ATLAS-ZTF
22.49196, 19.43909, o, 59606.256895, 19.239, 0.202, 73, 15, 19.241692849698858, ATLAS-ZTF
22.49196, 19.43909, o, 59609.241793, 19.537, 0.171, 56, 10, 19.529529932484497, ATLAS-ZTF
22.49196, 19.43909, o, 59609.24743, 19.615, 0.22, 52, 11, 19.609991640913, ATLAS-ZTF
22.49196, 19.43909, o, 59609.250637, 19.944, 0.333, 38, 13, 19.950541008457975, ATLAS-ZTF
22.49196, 19.43909, o, 59610.263805, 19.534, 0.269, 56, 15, 19.529529932484497, ATLAS-ZTF
22.49196, 19.43909, o, 59610.267492, 19.337, 0.23, 67, 15, 19.334812993247933, ATLAS-ZTF
22.49196, 19.43909, o, 59610.273058, 19.25, 0.22, 72, 16, 19.256668758921826, ATLAS-ZTF
22.49196, 19.43909, o, 59610.287373, 19.584, 0.283, 53, 15, 19.589310325998028, ATLAS-ZTF
22.49196, 19.43909, o, 59611.265456, 20.408, 2.026, 25, 50, 20.405149978319905, ATLAS-ZTF
22.49196, 19.43909, o, 59611.268232, 18.783, 0.433, 111, 48, 18.786692553033355, ATLAS-ZTF
22.49196, 19.43909, o, 59611.274235, 19.171, 0.382, 78, 30, 19.1697634932738, ATLAS-ZTF
22.49196, 19.43909, c, 59613.247649, 19.882, 0.286, 40, 12, 19.894850021680092, ATLAS-ZTF
22.49196, 19.43909, c, 59613.251763, 20.374, 0.51, 26, 13, 20.362566630072955, ATLAS-ZTF
22.49196, 19.43909, c, 59613.256344, -22.279, 4.556, -4, 20, nan, ATLAS-ZTF
22.49196, 19.43909, c, 59613.258176, 19.649, 0.214, 50, 11, 19.65257498915995, ATLAS-ZTF
22.49196, 19.43909, c, 59613.27008, 19.664, 0.24, 50, 12, 19.65257498915995, ATLAS-ZTF
22.49196, 19.43909, c, 59614.213159, 19.367, 0.482, 65, 31, 19.36771660839286, ATLAS-ZTF
22.49196, 19.43909, c, 59614.225553, 19.938, 0.302, 38, 12, 19.950541008457975, ATLAS-ZTF
22.49196, 19.43909, c, 59614.236721, 19.489, 0.241, 58, 14, 19.491430016092657, ATLAS-ZTF
22.49196, 19.43909, c, 59614.237178, 20.427, 0.98, 24, 24, 20.449471895720983, ATLAS-ZTF
22.49196, 19.43909, c, 59614.23952, 19.711, 0.218, 47, 10, 19.719755355160704, ATLAS-ZTF
22.49196, 19.43909, o, 59615.215009, 19.77, 1.335, 45, 60, 19.76696871556164, ATLAS-ZTF
22.49196, 19.43909, o, 59615.218232, 19.961, 0.679, 38, 26, 19.950541008457975, ATLAS-ZTF
22.49196, 19.43909, o, 59615.235653, 19.207, 0.19, 75, 14, 19.21234684152075, ATLAS-ZTF
22.49196, 19.43909, o, 59615.239413, 19.954, 0.406, 38, 15, 19.950541008457975, ATLAS-ZTF
22.49196, 19.43909, o, 59618.247001, 19.649, 0.344, 50, 17, 19.65257498915995, ATLAS-ZTF
22.49196, 19.43909, o, 59618.250202, -21.34, 1.867, -11, 20, nan, ATLAS-ZTF
22.49196, 19.43909, o, 59618.260279, 21.005, 1.167, 14, 17, 21.034679910804403, ATLAS-ZTF
22.49196, 19.43909, o, 59618.265802, 19.784, 0.493, 44, 22, 19.79136830878453, ATLAS-ZTF
22.49196, 19.43909, o, 59621.275532, 20.234, 0.72, 29, 21, 20.24400500525261, ATLAS-ZTF
22.49196, 19.43909, o, 59621.278733, 19.526, 0.335, 56, 19, 19.529529932484497, ATLAS-ZTF
22.49196, 19.43909, o, 59621.284274, 20.236, 0.856, 29, 25, 20.24400500525261, ATLAS-ZTF
22.49196, 19.43909, o, 59621.2962, 20.69, 1.062, 19, 20, 20.703115997617928, ATLAS-ZTF
22.49196, 19.43909, o, 59624.245082, 19.35, 0.506, 66, 33, 19.351140161145327, ATLAS-ZTF
22.49196, 19.43909, o, 59624.245543, -21.651, 4.231, -8, 34, nan, ATLAS-ZTF
22.49196, 19.43909, o, 59624.248311, 19.323, 0.514, 68, 35, 19.318727718234406, ATLAS-ZTF
22.49196, 19.43909, o, 59624.249232, 20.806, 1.915, 17, 33, 20.823877696554312, ATLAS-ZTF
22.49196, 19.43909, o, 59624.254302, -24.104, 43.75, -1, 36, nan, ATLAS-ZTF
22.49196, 19.43909, o, 59624.254789, 20.464, 1.579, 24, 37, 20.449471895720983, ATLAS-ZTF
22.49196, 19.43909, o, 59624.266792, -20.566, 1.835, -22, 40, nan, ATLAS-ZTF
22.49196, 19.43909, o, 59627.272376, 21.619, 7.657, 8, 63, 21.64227503252014, ATLAS-ZTF
22.49196, 19.43909, o, 59627.275592, 18.657, 0.574, 125, 72, 18.657724967479858, ATLAS-ZTF
22.49196, 19.43909, o, 59627.276987, -21.322, 9.545, -11, 103, nan, ATLAS-ZTF
22.49196, 19.43909, o, 59627.280666, -20.706, 4.413, -19, 84, nan, ATLAS-ZTF
22.49196, 19.43909, o, 59627.282954, -20.238, 3.223, -29, 94, nan, ATLAS-ZTF
22.49196, 19.43909, o, 59627.287076, -19.148, 0.939, -80, 75, nan, ATLAS-ZTF
22.49196, 19.43909, o, 59627.29854, 17.618, 0.716, 326, 233, 17.61695599983015, ATLAS-ZTF
22.4932394, 19.438141600000002, zg, 59459.341713000002, 17.7896423, 0.0248680711, 2709.5217403208094, 62.0598069678482, 26.3718739, ATLAS-ZTF
22.493130699999998, 19.4381445, zg, 59459.347592600003, 17.7846985, 0.0248009451, 2734.5641756766727, 62.464322085024506, 26.3769188, ATLAS-ZTF
22.493267599999999, 19.4381521, zg, 59460.411111100002, 17.8918934, 0.0263268482, 2548.49367459668, 61.79567911223293, 26.4076023, ATLAS-ZTF
22.493217999999999, 19.438167, zg, 59461.433009300003, 17.8567085, 0.025809424, 2612.119011086889, 62.09361611057341, 26.3991909, ATLAS-ZTF
22.493281100000001, 19.438196399999999, zg, 59461.433946800003, 17.9467812, 0.0271678902, 2412.0482995888765, 60.355603021385434, 26.4027462, ATLAS-ZTF
22.493231399999999, 19.438232200000002, zg, 59462.474826400001, 17.9144402, 0.0266672652, 2456.6811866290373, 60.33967406501068, 26.3903122, ATLAS-ZTF
22.493186600000001, 19.438194200000002, zg, 59463.365081000004, 17.8861732, 0.0262416024, 2490.278275891808, 60.188554176350934, 26.3767929, ATLAS-ZTF
22.493238399999999, 19.4381509, zg, 59465.400439800003, 17.9913464, 0.0278822985, 2184.179466601598, 56.09092116341767, 26.3395672, ATLAS-ZTF
22.493251999999998, 19.438153100000001, zg, 59467.440798600001, 17.8308258, 0.0254392661, 2515.8876311036006, 58.94832892636292, 26.3325539, ATLAS-ZTF
22.493259299999998, 19.438166899999999, zg, 59471.362847199998, 17.8938942, 0.0263567884, 2046.2974356115913, 49.67489181766047, 26.1713161, ATLAS-ZTF
22.4933075, 19.438178199999999, zg, 59476.496666699997, 17.904892, 0.0265222471, 2365.9974923695067, 57.79633197788007, 26.3399277, ATLAS-ZTF
22.493267599999999, 19.4381187, zg, 59478.359814800002, 17.9939728, 0.0279253256, 2222.666173117365, 57.16736377805093, 26.3611584, ATLAS-ZTF
22.493264799999999, 19.438148000000002, zg, 59483.280115699999, 18.0727844, 0.0292646457, 1644.82387028075, 44.334146353157706, 26.1130829, ATLAS-ZTF
22.493321099999999, 19.438197500000001, zg, 59485.325405099997, 17.9835548, 0.0277553052, 499.37068041251626, 12.7657027388791, 24.7296124, ATLAS-ZTF
22.493285400000001, 19.4381664, zg, 59488.359965299998, 17.8289337, 0.0254125521, 2672.1264136155587, 62.54332443387473, 26.3960762, ATLAS-ZTF
22.493247799999999, 19.438174400000001, zg, 59497.380787000002, 17.8283806, 0.0254047494, 2664.8882380607224, 62.35475760156859, 26.3925781, ATLAS-ZTF
22.493213099999998, 19.4382132, zg, 59501.411122700003, 17.8729496, 0.0260462016, 2540.099681291407, 60.93556435999133, 26.3850765, ATLAS-ZTF
22.4932287, 19.438128800000001, zg, 59503.325405099997, 18.002079, 0.0280587208, 2224.1426593192273, 57.478600809033615, 26.3699856, ATLAS-ZTF
22.493307000000001, 19.4381521, zg, 59505.2158681, 17.8904705, 0.0263056103, 2476.318145451815, 59.997133583277446, 26.3749866, ATLAS-ZTF
22.493189399999999, 19.438149599999999, zg, 59511.371469899997, 17.9281082, 0.02687704, 2171.287039246106, 53.74949122038311, 26.2699013, ATLAS-ZTF
22.493281199999998, 19.438135899999999, zg, 59517.221817099999, 17.8758945, 0.0260895062, 2593.5820990111297, 62.32202256480315, 26.4106445, ATLAS-ZTF
22.493288499999998, 19.4381865, zg, 59520.3008912, 17.8998222, 0.0264457576, 2578.4540716361307, 62.80454779198666, 26.4282207, ATLAS-ZTF
22.493210000000001, 19.438162299999998, zg, 59522.266527799999, 17.8455429, 0.0256486721, 2707.0809331827286, 63.950185044104224, 26.426796, ATLAS-ZTF
22.493271, 19.4381223, zg, 59524.319108800002, 17.829071, 0.0254144855, 2739.5889131886834, 64.12721838423452, 26.4232845, ATLAS-ZTF
22.493315899999999, 19.438127999999999, zg, 59526.325914399997, 17.9200478, 0.0267530177, 2515.6973946867743, 61.98789045898327, 26.4216938, ATLAS-ZTF
22.493292, 19.438180500000001, zg, 59529.321377300002, 17.8604698, 0.0258639436, 2630.9594832107523, 62.67359178909112, 26.4107552, ATLAS-ZTF
22.493288100000001, 19.438181199999999, zg, 59531.359745399997, 17.910677, 0.0266099572, 2449.5146431279113, 60.03436150397834, 26.3833771, ATLAS-ZTF
22.493351700000002, 19.438276299999998, zg, 59537.233796300003, 18.2908154, 0.0335040987, 1367.219613672929, 42.19023062906726, 26.1304111, ATLAS-ZTF
22.4931649, 19.438205700000001, zg, 59540.373807900003, 17.6630898, 0.0232421961, 2850.684537071754, 61.02418685081925, 26.3004627, ATLAS-ZTF
22.4931813, 19.438193399999999, zg, 59622.138819400003, 17.9041443, 0.0265109465, 2273.191586646862, 55.505619388708006, 26.2957344, ATLAS-ZTF
22.493314000000002, 19.4381746, zg, 59624.137557900001, 17.9755135, 0.0276251864, 2151.7578696943538, 54.748761234516955, 26.307497, ATLAS-ZTF
22.493210900000001, 19.438052800000001, zg, 59627.175358799999, 18.153904, 0.0307461936, 1601.391503714535, 45.348670318653255, 26.1651478, ATLAS-ZTF
22.493239899999999, 19.438231800000001, zg, 59629.1715625, 17.6404114, 0.0229703635, 2590.053410922065, 54.79643035994028, 26.1736832, ATLAS-ZTF
22.493920899999999, 19.438350199999999, zg, 59459.347592600003, 18.8388004, 0.0485450327, 1035.7319178977639, 46.309259654817815, 26.3769188, ATLAS-ZTF
22.4938827, 19.438227900000001, zg, 59461.433009300003, 19.0887203, 0.0581114516, 839.8239197614057, 44.94958061807397, 26.3991909, ATLAS-ZTF
22.493993, 19.438363800000001, zg, 59461.433946800003, 19.5443192, 0.0813750699, 553.8227604837723, 41.50857791153573, 26.4027462, ATLAS-ZTF
22.493969499999999, 19.438431399999999, zg, 59488.359965299998, 19.3458328, 0.0702152774, 660.8415786597438, 42.73706132272219, 26.3960762, ATLAS-ZTF
22.493946600000001, 19.438628399999999, zg, 59529.321377300002, 19.6275368, 0.0865724161, 516.7581800019083, 41.204303574061996, 26.4107552, ATLAS-ZTF
22.493790799999999, 19.438496300000001, zg, 59627.175358799999, 18.4522266, 0.0372163318, 1216.6578988077763, 41.70400125802934, 26.1651478, ATLAS-ZTF
22.4925532, 19.438784099999999, zg, 59459.347592600003, 19.341362, 0.0699830279, 651.9626554943756, 42.02339436528709, 26.3769188, ATLAS-ZTF
22.492540300000002, 19.438338699999999, zg, 59467.440798600001, 19.2917442, 0.0674592257, 655.124558451678, 40.70435825620255, 26.3325539, ATLAS-ZTF
22.493839900000001, 19.437731599999999, zg, 59460.411111100002, 19.2362099, 0.0647493601, 738.8511608455887, 44.0623971681514, 26.4076023, ATLAS-ZTF
22.493816899999999, 19.438019799999999, zg, 59501.411122700003, 19.0403576, 0.0561025031, 866.7374460696295, 44.78633027240716, 26.3850765, ATLAS-ZTF
22.493802500000001, 19.4379986, zg, 59522.266527799999, 19.2067986, 0.0633619949, 772.678734768609, 45.09241364264314, 26.426796, ATLAS-ZTF
22.493361799999999, 19.437550600000002, zg, 59488.359965299998, 19.3588676, 0.0708970577, 652.9552829049109, 42.637067977245856, 26.3960762, ATLAS-ZTF
22.493278400000001, 19.438127699999999, zr, 59459.381701400001, 17.0091209, 0.0158963744, 5690.892212552498, 83.32093273147481, 26.3970718, ATLAS-ZTF
22.4932096, 19.438063400000001, zr, 59459.387800899996, 17.0909729, 0.016522754, 5330.328809825684, 81.11704415667192, 26.4078579, ATLAS-ZTF
22.4932327, 19.438161999999998, zr, 59460.370706000002, 17.0731564, 0.0163817387, 5374.361062191478, 81.0891063726555, 26.3989735, ATLAS-ZTF
22.493269900000001, 19.438201400000001, zr, 59461.386087999999, 17.067091, 0.0163343325, 5424.586015201134, 81.61005524070595, 26.4030075, ATLAS-ZTF
22.493183999999999, 19.438098, zr, 59461.394687499997, 17.0401268, 0.0161272511, 5581.015645568441, 82.89899546010044, 26.4069099, ATLAS-ZTF
22.493247799999999, 19.438167799999999, zr, 59462.412118100001, 16.9424095, 0.0154250059, 6107.725636542568, 86.7721860672759, 26.4071083, ATLAS-ZTF
22.493255000000001, 19.438153499999999, zr, 59463.395636599998, 16.9452362, 0.0154443039, 6018.469722006008, 85.61110423716238, 26.3939514, ATLAS-ZTF
22.4932394, 19.438175900000001, zr, 59465.362812500003, 17.1051331, 0.0166367535, 5006.733093627681, 76.71825251284868, 26.3540192, ATLAS-ZTF
22.493269900000001, 19.4381485, zr, 59467.3921759, 16.8706207, 0.0149546098, 6284.892880721235, 86.56625822560817, 26.3663654, ATLAS-ZTF
22.493247400000001, 19.438140099999998, zr, 59469.380081000003, 16.987484, 0.0157397594, 5812.389104456195, 84.26135707955169, 26.3983707, ATLAS-ZTF
22.493319400000001, 19.438161300000001, zr, 59471.422500000001, 17.0676918, 0.0163390171, 4754.985533673872, 71.55678295010665, 26.2605648, ATLAS-ZTF
22.493236899999999, 19.4381819, zr, 59474.298148100002, 17.0475006, 0.0161832869, 5364.701967166951, 79.96280375213038, 26.3713646, ATLAS-ZTF
22.493297399999999, 19.4380901, zr, 59476.432395800002, 17.086153, 0.0164843425, 5336.315763647424, 81.01936395840221, 26.4042568, ATLAS-ZTF
22.493254400000001, 19.438176299999999, zr, 59478.287604199999, 17.2010918, 0.0174554996, 4768.771573355612, 76.6680616584431, 26.3971081, ATLAS-ZTF
22.493247100000001, 19.438155200000001, zr, 59485.382037000003, 17.3480186, 0.0188774299, 1160.994172916674, 20.185921789745763, 25.0100937, ATLAS-ZTF
22.49324, 19.4381439, zr, 59490.309606499999, 16.9846306, 0.0157193728, 5612.537296501857, 81.25874934535403, 26.3575287, ATLAS-ZTF
22.493242500000001, 19.4381758, zr, 59503.279386599999, 17.0092335, 0.0158971958, 5665.5850053090335, 82.95469355837318, 26.3923454, ATLAS-ZTF
22.493274499999998, 19.4381673, zr, 59505.305115700001, 17.1046295, 0.0166326649, 5253.633347770207, 80.48172530121457, 26.4057789, ATLAS-ZTF
22.493319100000001, 19.4381533, zr, 59517.278113400003, 17.0032158, 0.0158532653, 5937.711330684928, 86.69888006648362, 26.4372635, ATLAS-ZTF
22.4932956, 19.438178600000001, zr, 59520.267800900001, 16.9920769, 0.0157726929, 5992.274227693852, 87.05088837583236, 26.4360561, ATLAS-ZTF
22.4932908, 19.438162299999998, zr, 59522.312870399997, 16.9245529, 0.0153045189, 6344.819622415931, 89.43646845597041, 26.4306011, ATLAS-ZTF
22.4932558, 19.438160400000001, zr, 59524.257858800003, 16.9505386, 0.0154806459, 6252.242294767681, 89.14573228942257, 26.4406281, ATLAS-ZTF
22.493355699999999, 19.438245899999998, zr, 59526.2565741, 16.9800529, 0.0156868044, 6053.068100459303, 87.4552169262307, 26.4349918, ATLAS-ZTF
22.493214099999999, 19.438142899999999, zr, 59529.206909699999, 17.0483456, 0.0161897372, 5629.768801687441, 83.9471659843773, 26.424572, ATLAS-ZTF
22.4932081, 19.438203699999999, zr, 59531.2468056, 17.0443611, 0.016159378, 5520.859309973471, 82.16881051190025, 26.3993778, ATLAS-ZTF
22.493338999999999, 19.438168699999999, zr, 59537.319872699998, 17.0655403, 0.0163222607, 4831.763625153736, 72.63763074761357, 26.2758045, ATLAS-ZTF
22.493226499999999, 19.4381734, zr, 59540.224363399997, 17.0380783, 0.0161117539, 5675.896140652629, 84.22731173501491, 26.4231644, ATLAS-ZTF
22.493235599999998, 19.438150499999999, zr, 59622.183321800003, 16.9220142, 0.0152875874, 5745.831422032678, 80.90353777007836, 26.3203964, ATLAS-ZTF
22.4932476, 19.438157499999999, zr, 59624.163900500003, 17.0952873, 0.0165573172, 5116.71514691528, 78.02915232839072, 26.3677654, ATLAS-ZTF
22.4932561, 19.438158600000001, zr, 59636.121064799998, 17.096981, 0.0165709145, 4931.66082107775, 75.26886314644405, 26.329464, ATLAS-ZTF
22.493263299999999, 19.438140600000001, zr, 59636.124097200001, 17.0942039, 0.0165486243, 4918.060194795476, 74.96031733286983, 26.3236885, ATLAS-ZTF
22.493229400000001, 19.4381725, zr, 59636.127129599998, 17.0836372, 0.0164643768, 4991.093204168646, 75.68619227877565, 26.3291264, ATLAS-ZTF
22.493239299999999, 19.438174199999999, zr, 59636.130162000001, 17.0431404, 0.0161501039, 5112.016418543619, 76.04019828773899, 26.314621, ATLAS-ZTF
22.493295, 19.438110699999999, zr, 59636.133182899997, 17.1220131, 0.0167748835, 4757.910189293115, 73.51084801177379, 26.3155537, ATLAS-ZTF
22.493286699999999, 19.4381567, zr, 59638.121886599998, 16.8374062, 0.0147492504, 2687.0909113139246, 36.502952121194355, 25.4106121, ATLAS-ZTF
22.4932412, 19.4382287, zr, 59638.124965299998, 16.9778671, 0.0156713035, 2790.826769097855, 40.28224638985857, 25.5921993, ATLAS-ZTF
22.4933868, 19.438172300000002, zr, 59638.128043999997, 16.8587265, 0.0148801981, 3102.437491420094, 42.519429915742975, 25.5879841, ATLAS-ZTF
22.493351400000002, 19.438143100000001, zr, 59638.131111100003, 16.6840496, 0.0138945961, 2477.5845264112054, 31.706630162307597, 25.1691208, ATLAS-ZTF
22.493162999999999, 19.438052800000001, zr, 59638.134189800003, 16.8722725, 0.0149650155, 3327.473151855175, 45.86352290282111, 25.6775589, ATLAS-ZTF
22.493244399999998, 19.438157799999999, zr, 59639.1224306, 16.9623375, 0.015562268, 5527.749576757038, 79.23132706949136, 26.3187084, ATLAS-ZTF
22.493200999999999, 19.438131200000001, zr, 59639.124988399999, 17.0100651, 0.0159032941, 5288.923922022618, 77.46938182206858, 26.3184834, ATLAS-ZTF
22.493258900000001, 19.4382074, zr, 59639.127557899999, 17.0557022, 0.0162461381, 5041.79101535663, 75.44156006575292, 26.3121643, ATLAS-ZTF
22.4932239, 19.438158699999999, zr, 59639.130104199998, 17.0210075, 0.0159839746, 5192.561392835209, 76.44377063994848, 26.3094616, ATLAS-ZTF
22.4932728, 19.438214200000001, zr, 59639.132662000004, 16.8613396, 0.0148964589, 6060.9843133722925, 83.15758774739251, 26.3176975, ATLAS-ZTF
22.493213600000001, 19.438118100000001, zr, 59640.123912000003, 17.0634384, 0.0163059309, 5000.711960074405, 75.1022792778121, 26.311018, ATLAS-ZTF
22.493270599999999, 19.438197899999999, zr, 59640.126388899997, 17.082592, 0.0164560918, 4877.997798776852, 73.93396225075892, 26.303196, ATLAS-ZTF
22.493232899999999, 19.438153499999999, zr, 59640.128854199997, 17.1053047, 0.0166381467, 4775.813952566832, 73.18600301480718, 26.3029232, ATLAS-ZTF
22.4932689, 19.438167499999999, zr, 59640.131330999997, 17.0491447, 0.0161958374, 5000.887905719926, 74.5978323479684, 26.2967625, ATLAS-ZTF
22.493216, 19.438135599999999, zr, 59640.133796299997, 17.0781212, 0.0164207723, 4864.68181985477, 73.5738866639159, 26.2957573, ATLAS-ZTF
22.491030500000001, 19.438668400000001, zr, 59471.422500000001, 20.5688, 0.173107266, 189.10626628383676, 30.150665139839862, 26.2605648, ATLAS-ZTF
22.491282000000002, 19.438052800000001, zr, 59461.386087999999, 20.3862095, 0.158253878, 255.10513465212549, 37.18341221328676, 26.4030075, ATLAS-ZTF
22.4908933, 19.437577099999999, zr, 59636.124097200001, 20.5863514, 0.174495101, 197.2126823019586, 31.695219120400726, 26.3236885, ATLAS-ZTF
22.493307600000001, 19.438158900000001, zi, 59458.318449099999, 16.7122993, 0.0162574034, 4250.105200166074, 63.63946825088154, 25.7832985, ATLAS-ZTF
22.493239800000001, 19.438147699999998, zi, 59461.347291700004, 16.7283669, 0.0163640305, 4393.393670384125, 66.21647846466406, 25.8353672, ATLAS-ZTF
22.4932725, 19.4381828, zi, 59464.364629600001, 16.5235386, 0.0151330493, 5238.417637706003, 73.01334524720419, 25.8215389, ATLAS-ZTF
22.4932613, 19.4381427, zi, 59467.340474500001, 16.4524403, 0.014766111, 5425.005214956914, 73.78056366599472, 25.7884407, ATLAS-ZTF
22.4932579, 19.438180599999999, zi, 59470.347002299997, 16.6646042, 0.0159513876, 4625.940473726453, 67.96325773015609, 25.8276043, ATLAS-ZTF
22.493253500000002, 19.438167799999999, zi, 59473.400775499998, 16.6833496, 0.0160698052, 4720.636499645638, 69.86937401264483, 25.868351, ATLAS-ZTF
22.493269900000001, 19.438162800000001, zi, 59476.372106499999, 16.6830463, 0.0160678774, 4668.745063949116, 69.09304762117712, 25.8560467, ATLAS-ZTF
22.4932175, 19.438121299999999, zi, 59483.320659700003, 16.8688641, 0.0173772313, 3654.2629946558413, 58.486557794497976, 25.7758636, ATLAS-ZTF
22.4932117, 19.438149500000002, zi, 59486.333715300003, 16.7288094, 0.0163670015, 2876.071774590434, 43.35553225777869, 25.3758087, ATLAS-ZTF
22.493216400000001, 19.4381594, zi, 59489.296423599997, 16.7307396, 0.0163799375, 3851.2373072729656, 58.10161447536194, 25.6947403, ATLAS-ZTF
22.493275799999999, 19.4381308, zi, 59496.345347199996, 16.6843185, 0.0160759967, 4613.17532071462, 68.30516557090466, 25.8443184, ATLAS-ZTF
22.493242200000001, 19.438159200000001, zi, 59503.203506899998, 16.7168846, 0.0162876453, 4458.619796673069, 66.88587656699427, 25.8398857, ATLAS-ZTF
22.493184299999999, 19.438139499999998, zi, 59509.308310200002, 16.647192, 0.0158434995, 4979.663541644851, 72.6652537572826, 25.890192, ATLAS-ZTF
22.493263599999999, 19.438160499999999, zi, 59512.257326400002, 16.693634, 0.0161357857, 4587.758198593964, 68.18146324264956, 25.8476353, ATLAS-ZTF
22.493308200000001, 19.438075699999999, zi, 59517.295798599996, 16.5461731, 0.0152560398, 5420.0138960312115, 76.15841431098423, 25.8811741, ATLAS-ZTF
22.493253299999999, 19.438189900000001, zi, 59520.332476900003, 16.6177158, 0.0156654026, 5058.248017676535, 72.9822688976344, 25.8777161, ATLAS-ZTF
22.4932783, 19.438185099999998, zi, 59523.238680599999, 16.6100235, 0.0156198461, 5067.5686411082, 72.90411973774935, 25.8720226, ATLAS-ZTF
22.493230100000002, 19.438179300000002, zi, 59526.290555599997, 16.5156002, 0.0150906341, 5587.274389940195, 77.65745773732512, 25.8836002, ATLAS-ZTF
22.493269099999999, 19.438169299999998, zi, 59529.299560200001, 16.7338047, 0.0164005347, 4508.16787584974, 68.09790753709814, 25.8688049, ATLAS-ZTF
22.493267800000002, 19.438129199999999, zi, 59532.324097199999, 16.6934605, 0.0161346737, 4729.335020362141, 70.28067871101787, 25.8804607, ATLAS-ZTF
22.4933649, 19.438181799999999, zi, 59538.134398100003, 16.5058136, 0.0150388479, 5691.152197160248, 78.82980404794587, 25.8938141, ATLAS-ZTF
22.493263899999999, 19.438151699999999, zi, 59542.246932900001, 16.5744133, 0.0154138347, 5076.915791281252, 72.07527984208816, 25.8384132, ATLAS-ZTF
22.493275000000001, 19.438153700000001, zi, 59550.1916088, 16.565403, 0.0153629566, 5243.242206615381, 74.19085972311747, 25.8644028, ATLAS-ZTF
22.493268700000002, 19.438185300000001, zi, 59460.491226899998, 16.6959839, 0.0164401531, 3590.8679934552233, 54.372709794129804, 25.5839825, ATLAS-ZTF
22.493227099999999, 19.438182999999999, zi, 59469.455891199999, 16.6583958, 0.0162100866, 3711.931216678345, 55.41928712693488, 25.5823956, ATLAS-ZTF
22.493271199999999, 19.438173500000001, zi, 59489.312800899999, 16.703228, 0.0164855197, 2943.068429297583, 44.68674099381421, 25.3752289, ATLAS-ZTF
22.493189099999999, 19.438189300000001, zi, 59505.289733799997, 16.7778931, 0.0169734433, 3348.1127906056495, 52.341445706887534, 25.5898933, ATLAS-ZTF
22.493299100000002, 19.438124699999999, zi, 59512.308692099999, 16.7454109, 0.0167565811, 3486.579722268656, 53.80971512396531, 25.6014099, ATLAS-ZTF
22.493231699999999, 19.438135200000001, zi, 59524.284143500001, 16.7823334, 0.0170036517, 3422.9468842204133, 53.606572528222905, 25.6183338, ATLAS-ZTF
22.493237799999999, 19.438151600000001, zi, 59530.268182899999, 16.706646, 0.0165070556, 3664.375071475442, 55.71154648708992, 25.6166458, ATLAS-ZTF
22.493235800000001, 19.438173899999999, zi, 59550.1656019, 16.8588982, 0.0175465383, 3168.104949600683, 51.19961422763059, 25.6108971, ATLAS-ZTF
