atlas-norm,2024any,ATLAS2024any,47.241,-2.946061,0.0082,0.007482479084897096,60328.3544999999
++++++++++++++++++++++++++++++++++++++++++++++++++++++++++++++++
mu,-434.0,-434.0
hostMass,nan,nan
++++++++++++++++++++++++++++++++++++++++++++++++++++++++++++++++
++++++++++++++++++++++++++++++++++++++++++++++++++++++++++++++++
zp,nan,nan,nan,nan,nan,nan,nan,nan,nan,nan,nan,nan,nan,nan,nan,nan,nan,nan,nan,nan,nan,nan,nan,nan,nan,nan,nan,nan,nan,nan,nan,nan,nan,nan,nan,nan,nan,nan,nan,nan,nan,nan,nan,nan
filter,c,c,c,c,c,c,c,o,c,c,c,c,c,o,o,c,c,c,c,c,c,c,c,o,o,c,c,c,c,c,c,c,o,o,o,o,o,o,o,o,o,o,o,o
mjd,60695.080956,60695.091585,60695.106111,60696.302544,60696.305718,60696.316311,60696.321809,60698.285071,60699.037831,60699.041006,60699.046433,60699.056875,60700.314435,60700.800401,60700.806303,60703.032206,60703.037287,60703.040444,60703.046341,60703.058221,60703.059573,60704.310602,60704.316735,60704.785747,60704.789825,60707.03658,60707.04022,60707.058422,60708.268472,60708.269837,60708.273024,60708.278527,60712.263592,60712.271468,60714.223606,60716.772119,60718.335614,60718.341167,60719.089708,60720.270739,60720.798217,60724.260548,60724.27625,60724.282192
flux,26.0,38.0,14.0,13.0,16.0,29.0,12.0,22.0,34.0,20.0,12.0,14.0,36.0,-17.0,16.0,32.0,33.0,29.0,17.0,17.0,20.0,-113.0,357.0,40.0,22.0,26.0,12.0,15.0,27.0,37.0,16.0,28.0,34.0,64.0,24.0,73.0,40.0,37.0,103.0,26.0,-27.0,14.0,36.0,14.0
dflux,11.0,11.0,10.0,12.0,11.0,13.0,11.0,10.0,15.0,12.0,10.0,11.0,25.0,13.0,12.0,22.0,11.0,11.0,13.0,12.0,12.0,86.0,346.0,22.0,21.0,10.0,10.0,10.0,25.0,23.0,15.0,16.0,23.0,23.0,22.0,39.0,22.0,26.0,38.0,23.0,20.0,12.0,14.0,14.0
mag,20.381,19.961,21.05,21.096,20.904,20.232,21.164,20.542,20.075,20.647,21.214,21.05,20.019,-20.821,20.926,20.131,20.097,20.253,20.82,20.81,20.62,-18.767,17.517,19.897,20.555,20.362,21.233,20.928,20.331,19.988,20.883,20.292,20.066,19.379,20.448,19.242,19.88,19.974,18.864,20.342,-20.34,21.033,20.008,21.004
dmag,0.438,0.282,0.75,0.944,0.72,0.432,0.892,0.444,0.433,0.607,0.814,0.79,0.708,0.739,0.773,0.687,0.326,0.379,0.75,0.679,0.606,0.766,0.967,0.554,0.952,0.388,0.876,0.663,0.93,0.623,0.947,0.578,0.667,0.354,0.926,0.538,0.536,0.692,0.366,0.883,0.757,0.843,0.4,0.957
