atlas-norm,2025aet,ATLAS2025aet,102.776299444,19.7778688889,0.07,0.07026530830932581,60699.409440000076
++++++++++++++++++++++++++++++++++++++++++++++++++++++++++++++++
mu,-404.0,-404.0
hostMass,nan,nan
++++++++++++++++++++++++++++++++++++++++++++++++++++++++++++++++
++++++++++++++++++++++++++++++++++++++++++++++++++++++++++++++++
zp,nan,nan,nan,nan,nan,nan,nan,nan,nan,nan,nan,nan,nan,nan,nan,nan,nan,nan,nan,nan,nan,nan,nan,nan,nan,nan,nan,nan,nan,nan,nan,nan,nan,nan,nan,nan,nan,nan,nan,nan,nan,nan,nan,nan,nan,nan,nan,nan,nan,nan,nan,nan,nan,nan,nan,nan,nan,nan,nan,nan,nan,nan,nan,nan,nan,nan,nan,nan,nan,nan,nan,nan,nan,nan,nan,nan,nan,nan,nan,nan,nan
filter,o,o,o,o,o,o,o,o,o,o,o,o,o,o,o,o,o,o,o,o,o,o,o,o,o,o,o,o,o,o,o,o,o,o,o,o,c,c,c,c,o,o,o,o,o,o,o,o,o,o,o,o,o,o,o,o,o,o,o,o,o,o,o,o,o,o,o,o,o,o,o,o,o,o,o,o,o,o,o,o,o
mjd,60695.362479,60695.397617,60695.408082,60695.411297,60696.391072,60696.39502,60696.403515,60696.421926,60697.277253,60699.409455,60699.412694,60699.418058,60699.429283,60700.430525,60700.440424,60700.446002,60700.449247,60703.405115,60703.408392,60703.413921,60704.392339,60704.395555,60704.4011,60704.411631,60708.345776,60708.352774,60708.360224,60708.360693,60708.363549,60708.364918,60708.397581,60708.402984,60709.360015,60709.363487,60709.366357,60709.369527,60709.374722,60709.377938,60709.412827,60709.435095,60710.34995,60710.355206,60710.389086,60710.391811,60711.240261,60711.244545,60711.250088,60711.255464,60711.261318,60711.265884,60712.352497,60712.355717,60712.361283,60712.380584,60718.394286,60718.399811,60718.410444,60718.42063,60719.393901,60719.399097,60719.40187,60719.413959,60720.360394,60720.365566,60720.36933,60720.37919,60720.397515,60720.400706,60720.422671,60720.429058,60721.36275,60721.366499,60721.372546,60721.383218,60722.360438,60722.363209,60722.36916,60722.379295,60724.342694,60724.345901,60724.35326
flux,20.0,36.0,56.0,33.0,55.0,43.0,60.0,57.0,29.0,135.0,105.0,137.0,111.0,115.0,120.0,104.0,145.0,142.0,147.0,128.0,134.0,156.0,165.0,136.0,154.0,175.0,189.0,183.0,154.0,163.0,151.0,160.0,182.0,171.0,176.0,162.0,225.0,209.0,200.0,210.0,155.0,172.0,158.0,151.0,179.0,157.0,178.0,153.0,164.0,179.0,159.0,160.0,151.0,166.0,114.0,162.0,86.0,78.0,140.0,139.0,108.0,125.0,101.0,77.0,144.0,110.0,133.0,84.0,125.0,126.0,120.0,104.0,90.0,117.0,103.0,93.0,113.0,126.0,83.0,95.0,73.0
dflux,12.0,12.0,12.0,12.0,13.0,11.0,10.0,13.0,16.0,12.0,13.0,11.0,12.0,13.0,12.0,16.0,12.0,12.0,12.0,10.0,19.0,14.0,15.0,20.0,12.0,12.0,11.0,12.0,13.0,12.0,13.0,11.0,12.0,12.0,13.0,14.0,12.0,12.0,12.0,11.0,11.0,14.0,12.0,14.0,21.0,17.0,14.0,15.0,17.0,16.0,18.0,17.0,18.0,19.0,42.0,45.0,42.0,52.0,28.0,23.0,23.0,21.0,21.0,18.0,19.0,19.0,21.0,21.0,20.0,21.0,14.0,17.0,19.0,16.0,14.0,15.0,15.0,13.0,12.0,12.0,13.0
mag,20.649,20.005,19.519,20.105,19.542,19.821,19.447,19.512,20.231,18.572,18.847,18.56,18.785,18.749,18.705,18.852,18.495,18.519,18.483,18.628,18.58,18.417,18.359,18.567,18.429,18.295,18.211,18.244,18.434,18.37,18.453,18.391,18.249,18.317,18.284,18.374,18.019,18.099,18.148,18.096,18.423,18.313,18.402,18.453,18.27,18.413,18.273,18.44,18.361,18.266,18.394,18.389,18.452,18.35,18.757,18.375,19.066,19.164,18.538,18.541,18.815,18.654,18.889,19.179,18.502,18.791,18.59,19.082,18.656,18.647,18.707,18.86,19.02,18.726,18.863,18.982,18.77,18.647,19.099,18.955,19.247
dmag,0.614,0.332,0.208,0.366,0.227,0.252,0.167,0.227,0.54,0.089,0.124,0.083,0.105,0.111,0.101,0.148,0.084,0.082,0.078,0.076,0.141,0.087,0.093,0.15,0.079,0.069,0.058,0.063,0.085,0.073,0.086,0.07,0.064,0.07,0.076,0.087,0.052,0.057,0.062,0.055,0.073,0.082,0.076,0.09,0.117,0.111,0.08,0.1,0.103,0.089,0.114,0.107,0.116,0.112,0.366,0.275,0.495,0.657,0.197,0.168,0.215,0.165,0.211,0.236,0.133,0.17,0.16,0.247,0.157,0.167,0.12,0.16,0.207,0.135,0.133,0.161,0.137,0.101,0.141,0.131,0.174
