# Combined data from 'ATLAS-ZTF' for 'SN 2021uef'
ra, dec, filter, mjd, mag, dmag, flux, dflux, zp, source
297.4018, 42.23985, c, 59322.554752, -21.718, 1.806, -8, 14, nan, ATLAS-ZTF
297.4018, 42.23985, c, 59322.557982, 21.114, 1.18, 13, 15, 21.115141619232908, ATLAS-ZTF
297.4018, 42.23985, c, 59322.565361, 21.304, 0.877, 11, 10, 21.296518287104437, ATLAS-ZTF
297.4018, 42.23985, c, 59322.575529, 21.374, 0.827, 10, 8, 21.4, ATLAS-ZTF
297.4018, 42.23985, c, 59326.548648, 20.815, 0.77, 17, 13, 20.823877696554312, ATLAS-ZTF
297.4018, 42.23985, c, 59326.559264, 23.664, 8.333, 1, 10, 23.9, ATLAS-ZTF
297.4018, 42.23985, c, 59326.562956, -21.84, 1.385, -7, 9, nan, ATLAS-ZTF
297.4018, 42.23985, c, 59326.575436, -21.868, 1.22, -6, 8, nan, ATLAS-ZTF
297.4018, 42.23985, o, 59328.54749, -23.427, 14.273, -2, 22, nan, ATLAS-ZTF
297.4018, 42.23985, o, 59328.554392, -21.384, 2.039, -10, 21, nan, ATLAS-ZTF
297.4018, 42.23985, o, 59328.558513, 20.622, 0.975, 20, 20, 20.647425010840045, ATLAS-ZTF
297.4018, 42.23985, o, 59328.573084, -20.353, 0.645, -26, 17, nan, ATLAS-ZTF
297.4018, 42.23985, o, 59332.582864, 19.4, 0.339, 63, 21, 19.401648626366043, ATLAS-ZTF
297.4018, 42.23985, o, 59332.587002, 22.136, 3.756, 5, 19, 22.15257498915995, ATLAS-ZTF
297.4018, 42.23985, o, 59332.609822, 20.858, 1.271, 16, 21, 20.889700043360186, ATLAS-ZTF
297.4018, 42.23985, o, 59332.615314, 21.095, 1.946, 13, 26, 21.115141619232908, ATLAS-ZTF
297.4018, 42.23985, o, 59334.545359, -21.307, 1.402, -11, 15, nan, ATLAS-ZTF
297.4018, 42.23985, o, 59334.55156, -26.587, 180.0, 0, 15, inf, ATLAS-ZTF
297.4018, 42.23985, o, 59334.556232, 21.278, 1.266, 11, 14, 21.296518287104437, ATLAS-ZTF
297.4018, 42.23985, o, 59334.567381, -20.674, 0.563, -20, 11, nan, ATLAS-ZTF
297.4018, 42.23985, o, 59342.546298, 20.672, 0.593, 20, 12, 20.647425010840045, ATLAS-ZTF
297.4018, 42.23985, o, 59342.551563, 21.318, 0.856, 11, 9, 21.296518287104437, ATLAS-ZTF
297.4018, 42.23985, o, 59342.562295, -23.288, 7.737, -2, 14, nan, ATLAS-ZTF
297.4018, 42.23985, c, 59344.527248, 20.94, 0.785, 15, 12, 20.959771852360795, ATLAS-ZTF
297.4018, 42.23985, c, 59344.535316, -21.638, 1.382, -8, 11, nan, ATLAS-ZTF
297.4018, 42.23985, c, 59344.538525, -20.835, 0.603, -17, 10, nan, ATLAS-ZTF
297.4018, 42.23985, c, 59344.546373, -21.084, 0.885, -13, 12, nan, ATLAS-ZTF
297.4018, 42.23985, o, 59346.563106, -20.685, 0.449, -19, 9, nan, ATLAS-ZTF
297.4018, 42.23985, o, 59346.564948, -21.529, 0.927, -9, 8, nan, ATLAS-ZTF
297.4018, 42.23985, o, 59346.570212, 21.092, 0.726, 13, 10, 21.115141619232908, ATLAS-ZTF
297.4018, 42.23985, o, 59346.581784, 20.589, 0.481, 21, 10, 20.5944517631652, ATLAS-ZTF
297.4018, 42.23985, o, 59350.529111, 21.019, 0.598, 14, 8, 21.034679910804403, ATLAS-ZTF
297.4018, 42.23985, o, 59350.546761, -21.133, 0.636, -13, 8, nan, ATLAS-ZTF
297.4018, 42.23985, o, 59350.550012, -20.755, 0.517, -18, 9, nan, ATLAS-ZTF
297.4018, 42.23985, o, 59354.501602, -20.697, 0.507, -19, 10, nan, ATLAS-ZTF
297.4018, 42.23985, o, 59354.505296, -20.9, 0.515, -16, 8, nan, ATLAS-ZTF
297.4018, 42.23985, o, 59354.521686, -22.669, 3.14, -3, 10, nan, ATLAS-ZTF
297.4018, 42.23985, o, 59354.530008, 21.023, 0.631, 14, 9, 21.034679910804403, ATLAS-ZTF
297.4018, 42.23985, o, 59354.558827, -20.496, 0.559, -23, 13, nan, ATLAS-ZTF
297.4018, 42.23985, c, 59356.561079, -22.93, 3.3, -2, 8, nan, ATLAS-ZTF
297.4018, 42.23985, c, 59356.563365, -24.614, 15.75, 0, 8, inf, ATLAS-ZTF
297.4018, 42.23985, c, 59356.566111, -21.473, 0.885, -9, 8, nan, ATLAS-ZTF
297.4018, 42.23985, c, 59356.5716, 21.197, 0.768, 12, 9, 21.202046884880936, ATLAS-ZTF
297.4018, 42.23985, o, 59358.534083, 20.912, 0.85, 16, 13, 20.889700043360186, ATLAS-ZTF
297.4018, 42.23985, o, 59358.535925, -20.311, 0.59, -27, 16, nan, ATLAS-ZTF
297.4018, 42.23985, o, 59358.538757, 21.075, 1.006, 14, 14, 21.034679910804403, ATLAS-ZTF
297.4018, 42.23985, o, 59358.545213, 20.769, 0.891, 18, 16, 20.761818737241732, ATLAS-ZTF
297.4018, 42.23985, o, 59358.554222, -19.604, 0.385, -52, 20, nan, ATLAS-ZTF
297.4018, 42.23985, o, 59360.50867, 21.916, 2.047, 6, 13, 21.95462187404089, ATLAS-ZTF
297.4018, 42.23985, o, 59360.514204, -20.868, 0.92, -16, 15, nan, ATLAS-ZTF
297.4018, 42.23985, o, 59360.518337, 21.174, 1.389, 12, 17, 21.202046884880936, ATLAS-ZTF
297.4018, 42.23985, o, 59360.528662, 19.706, 0.357, 48, 17, 19.69689690656103, ATLAS-ZTF
297.4018, 42.23985, o, 59362.525953, 20.458, 0.671, 24, 16, 20.449471895720983, ATLAS-ZTF
297.4018, 42.23985, o, 59362.52918, 21.446, 1.493, 10, 14, 21.4, ATLAS-ZTF
297.4018, 42.23985, o, 59362.531952, 20.733, 0.953, 18, 18, 20.761818737241732, ATLAS-ZTF
297.4018, 42.23985, o, 59362.537025, -21.112, 1.25, -13, 16, nan, ATLAS-ZTF
297.4018, 42.23985, o, 59364.518191, 23.048, 8.238, 2, 18, 23.147425010840045, ATLAS-ZTF
297.4018, 42.23985, o, 59364.520477, -19.754, 0.359, -46, 16, nan, ATLAS-ZTF
297.4018, 42.23985, o, 59364.524597, -19.879, 0.458, -41, 19, nan, ATLAS-ZTF
297.4018, 42.23985, o, 59364.539552, -20.714, 1.057, -19, 20, nan, ATLAS-ZTF
297.4018, 42.23985, o, 59368.500696, -23.344, 8.455, -2, 14, nan, ATLAS-ZTF
297.4018, 42.23985, o, 59368.508506, -20.735, 0.869, -18, 16, nan, ATLAS-ZTF
297.4018, 42.23985, o, 59368.51225, 21.037, 0.849, 14, 12, 21.034679910804403, ATLAS-ZTF
297.4018, 42.23985, o, 59368.519182, -20.711, 0.622, -19, 12, nan, ATLAS-ZTF
297.4018, 42.23985, c, 59370.501104, -23.681, 6.0, -1, 7, nan, ATLAS-ZTF
297.4018, 42.23985, c, 59370.505277, -21.089, 0.519, -13, 7, nan, ATLAS-ZTF
297.4018, 42.23985, c, 59370.521868, -20.664, 0.322, -20, 6, nan, ATLAS-ZTF
297.4018, 42.23985, c, 59370.526476, -24.012, 7.75, -1, 7, nan, ATLAS-ZTF
297.4018, 42.23985, o, 59372.503348, -21.997, 2.25, -6, 13, nan, ATLAS-ZTF
297.4018, 42.23985, o, 59372.506557, 21.788, 1.959, 7, 14, 21.787254899964356, ATLAS-ZTF
297.4018, 42.23985, o, 59372.509761, 20.496, 0.511, 23, 12, 20.495680409956016, ATLAS-ZTF
297.4018, 42.23985, o, 59372.519887, -22.279, 2.667, -4, 12, nan, ATLAS-ZTF
297.4018, 42.23985, c, 59374.47663, -26.313, 84.0, 0, 9, inf, ATLAS-ZTF
297.4018, 42.23985, c, 59374.48091, 20.334, 0.3, 27, 8, 20.32159058960253, ATLAS-ZTF
297.4018, 42.23985, c, 59374.48691, 23.684, 7.0, 1, 8, 23.9, ATLAS-ZTF
297.4018, 42.23985, c, 59374.511401, 22.543, 2.345, 4, 8, 22.394850021680092, ATLAS-ZTF
297.4018, 42.23985, o, 59376.545362, 22.376, 2.971, 4, 12, 22.394850021680092, ATLAS-ZTF
297.4018, 42.23985, o, 59376.548575, 22.43, 2.969, 4, 12, 22.394850021680092, ATLAS-ZTF
297.4018, 42.23985, o, 59376.554999, -20.51, 0.5, -23, 11, nan, ATLAS-ZTF
297.4018, 42.23985, o, 59376.589481, 24.275, 19.0, 1, 13, 23.9, ATLAS-ZTF
297.4018, 42.23985, c, 59378.49597, 21.202, 0.746, 12, 9, 21.202046884880936, ATLAS-ZTF
297.4018, 42.23985, c, 59378.499195, -22.887, 2.793, -2, 7, nan, ATLAS-ZTF
297.4018, 42.23985, c, 59378.502462, 22.681, 2.0, 3, 6, 22.707196863200842, ATLAS-ZTF
297.4018, 42.23985, c, 59378.516202, 21.504, 0.888, 9, 8, 21.514393726401686, ATLAS-ZTF
297.4018, 42.23985, c, 59382.545082, -20.889, 0.443, -16, 7, nan, ATLAS-ZTF
297.4018, 42.23985, c, 59382.548311, 23.408, 4.667, 2, 7, 23.147425010840045, ATLAS-ZTF
297.4018, 42.23985, c, 59382.553854, 21.376, 0.686, 10, 7, 21.4, ATLAS-ZTF
297.4018, 42.23985, c, 59382.564917, -21.228, 0.532, -12, 6, nan, ATLAS-ZTF
297.4018, 42.23985, o, 59384.447524, -21.868, 3.489, -6, 23, nan, ATLAS-ZTF
297.4018, 42.23985, o, 59384.450752, -21.135, 1.267, -13, 16, nan, ATLAS-ZTF
297.4018, 42.23985, o, 59384.453508, 20.339, 0.685, 27, 18, 20.32159058960253, ATLAS-ZTF
297.4018, 42.23985, o, 59384.48067, -23.091, 5.316, -2, 11, nan, ATLAS-ZTF
297.4018, 42.23985, o, 59386.507889, 21.018, 0.881, 14, 12, 21.034679910804403, ATLAS-ZTF
297.4018, 42.23985, o, 59386.522256, 21.243, 1.119, 12, 13, 21.202046884880936, ATLAS-ZTF
297.4018, 42.23985, o, 59386.52737, -20.674, 0.683, -20, 13, nan, ATLAS-ZTF
297.4018, 42.23985, o, 59386.530593, 20.048, 0.373, 35, 13, 20.03982988912431, ATLAS-ZTF
297.4018, 42.23985, o, 59388.458751, 21.261, 4.1, 11, 47, 21.296518287104437, ATLAS-ZTF
297.4018, 42.23985, o, 59388.462424, -19.614, 0.773, -52, 40, nan, ATLAS-ZTF
297.4018, 42.23985, o, 59388.468367, -20.403, 11.321, -25, 284, nan, ATLAS-ZTF
297.4018, 42.23985, o, 59388.468824, 18.868, 1.683, 103, 173, 18.86790693823707, ATLAS-ZTF
297.4018, 42.23985, o, 59388.473861, -20.175, 0.784, -31, 24, nan, ATLAS-ZTF
297.4018, 42.23985, o, 59390.450779, -20.663, 1.559, -20, 31, nan, ATLAS-ZTF
297.4018, 42.23985, o, 59390.452622, 22.103, 5.609, 5, 29, 22.15257498915995, ATLAS-ZTF
297.4018, 42.23985, o, 59390.461109, 19.477, 0.48, 59, 28, 19.47286997089464, ATLAS-ZTF
297.4018, 42.23985, o, 59390.467192, 21.37, 2.761, 10, 28, 21.4, ATLAS-ZTF
297.4018, 42.23985, o, 59392.382403, -19.686, 0.632, -48, 31, nan, ATLAS-ZTF
297.4018, 42.23985, o, 59392.388759, 20.011, 0.936, 36, 34, 20.00924374808178, ATLAS-ZTF
297.4018, 42.23985, o, 59392.396512, -20.323, 1.23, -27, 33, nan, ATLAS-ZTF
297.4018, 42.23985, o, 59392.421377, -20.105, 0.679, -33, 22, nan, ATLAS-ZTF
297.4018, 42.23985, o, 59392.448998, -19.113, 0.435, -82, 36, nan, ATLAS-ZTF
297.4018, 42.23985, o, 59394.456971, 19.539, 0.238, 56, 13, 19.529529932484497, ATLAS-ZTF
297.4018, 42.23985, o, 59394.458813, 19.353, 0.171, 66, 11, 19.351140161145327, ATLAS-ZTF
297.4018, 42.23985, o, 59394.462977, -20.509, 0.574, -23, 13, nan, ATLAS-ZTF
297.4018, 42.23985, o, 59394.468051, -21.845, 1.522, -7, 10, nan, ATLAS-ZTF
297.4018, 42.23985, o, 59398.436464, -24.504, 14.571, -1, 8, nan, ATLAS-ZTF
297.4018, 42.23985, o, 59398.441673, -20.907, 0.649, -16, 10, nan, ATLAS-ZTF
297.4018, 42.23985, o, 59398.472989, -22.013, 1.74, -6, 10, nan, ATLAS-ZTF
297.4018, 42.23985, o, 59398.477215, 23.03, 4.846, 2, 11, 23.147425010840045, ATLAS-ZTF
297.4018, 42.23985, o, 59402.459308, 20.019, 0.362, 36, 13, 20.00924374808178, ATLAS-ZTF
297.4018, 42.23985, o, 59402.493735, -21.2, 1.008, -12, 12, nan, ATLAS-ZTF
297.4018, 42.23985, o, 59402.494195, 20.143, 0.377, 32, 12, 20.137125054200233, ATLAS-ZTF
297.4018, 42.23985, o, 59402.494655, 20.312, 0.47, 27, 13, 20.32159058960253, ATLAS-ZTF
297.4018, 42.23985, o, 59402.498351, -22.797, 3.889, -3, 11, nan, ATLAS-ZTF
297.4018, 42.23985, o, 59402.499271, 19.657, 0.384, 50, 19, 19.65257498915995, ATLAS-ZTF
297.4018, 42.23985, o, 59402.499733, 24.183, 20.222, 1, 16, 23.9, ATLAS-ZTF
297.4018, 42.23985, o, 59402.502509, -22.331, 3.524, -4, 15, nan, ATLAS-ZTF
297.4018, 42.23985, o, 59402.502968, 19.625, 0.373, 51, 19, 19.631074559755156, ATLAS-ZTF
297.4018, 42.23985, o, 59402.503889, 21.402, 0.881, 10, 9, 21.4, ATLAS-ZTF
297.4018, 42.23985, o, 59402.538306, 21.712, 2.069, 8, 16, 21.64227503252014, ATLAS-ZTF
297.4018, 42.23985, o, 59402.538767, 20.091, 0.505, 33, 17, 20.10371515030528, ATLAS-ZTF
297.4018, 42.23985, c, 59404.385905, -21.968, 1.523, -6, 9, nan, ATLAS-ZTF
297.4018, 42.23985, c, 59404.3922, -22.356, 2.2, -4, 9, nan, ATLAS-ZTF
297.4018, 42.23985, c, 59404.39624, 22.26, 2.147, 4, 10, 22.394850021680092, ATLAS-ZTF
297.4018, 42.23985, c, 59404.403433, -20.172, 0.304, -31, 9, nan, ATLAS-ZTF
297.4018, 42.23985, o, 59406.389831, 20.2, 0.413, 30, 12, 20.207196863200842, ATLAS-ZTF
297.4018, 42.23985, o, 59406.390291, -20.59, 0.565, -21, 12, nan, ATLAS-ZTF
297.4018, 42.23985, o, 59406.396067, -20.711, 0.513, -19, 10, nan, ATLAS-ZTF
297.4018, 42.23985, o, 59406.396528, 22.084, 1.94, 5, 10, 22.15257498915995, ATLAS-ZTF
297.4018, 42.23985, o, 59406.41282, 21.174, 1.185, 12, 15, 21.202046884880936, ATLAS-ZTF
297.4018, 42.23985, o, 59406.413281, 22.168, 2.671, 5, 13, 22.15257498915995, ATLAS-ZTF
297.4018, 42.23985, o, 59406.415584, -21.158, 0.989, -12, 12, nan, ATLAS-ZTF
297.4018, 42.23985, o, 59406.416046, -20.704, 0.646, -19, 12, nan, ATLAS-ZTF
297.4018, 42.23985, o, 59406.416508, 20.53, 0.502, 22, 11, 20.543943297944484, ATLAS-ZTF
297.4018, 42.23985, o, 59406.417429, 20.495, 0.57, 23, 13, 20.495680409956016, ATLAS-ZTF
297.4018, 42.23985, o, 59406.422508, 20.669, 0.561, 20, 11, 20.647425010840045, ATLAS-ZTF
297.4018, 42.23985, o, 59406.447457, 19.535, 0.4, 56, 22, 19.529529932484497, ATLAS-ZTF
297.4018, 42.23985, c, 59408.396731, -21.637, 1.098, -8, 9, nan, ATLAS-ZTF
297.4018, 42.23985, c, 59408.432158, -20.805, 0.54, -17, 9, nan, ATLAS-ZTF
297.4018, 42.23985, c, 59408.435729, -21.993, 1.535, -6, 9, nan, ATLAS-ZTF
297.4018, 42.23985, c, 59408.438505, 22.166, 1.694, 5, 8, 22.15257498915995, ATLAS-ZTF
297.4018, 42.23985, o, 59410.471273, -21.176, 0.808, -12, 10, nan, ATLAS-ZTF
297.4018, 42.23985, o, 59410.474572, -20.637, 0.544, -20, 11, nan, ATLAS-ZTF
297.4018, 42.23985, o, 59410.510031, 22.56, 3.029, 3, 10, 22.707196863200842, ATLAS-ZTF
297.4018, 42.23985, o, 59410.517972, -21.958, 2.028, -6, 12, nan, ATLAS-ZTF
297.4018, 42.23985, c, 59412.468927, 20.925, 0.648, 16, 10, 20.889700043360186, ATLAS-ZTF
297.4018, 42.23985, c, 59412.472137, -21.454, 0.932, -10, 9, nan, ATLAS-ZTF
297.4018, 42.23985, c, 59412.477654, -22.745, 2.818, -3, 8, nan, ATLAS-ZTF
297.4018, 42.23985, c, 59412.488229, -22.04, 1.744, -6, 10, nan, ATLAS-ZTF
297.4018, 42.23985, o, 59414.384538, 20.746, 1.034, 18, 19, 20.761818737241732, ATLAS-ZTF
297.4018, 42.23985, o, 59414.390296, 20.476, 1.056, 23, 25, 20.495680409956016, ATLAS-ZTF
297.4018, 42.23985, o, 59414.40368, 21.551, 1.627, 9, 14, 21.514393726401686, ATLAS-ZTF
297.4018, 42.23985, o, 59414.428483, -20.155, 1.333, -32, 42, nan, ATLAS-ZTF
297.4018, 42.23985, o, 59416.468189, 18.068, 19.435, 215, 4182, 18.068903850210987, ATLAS-ZTF
297.4018, 42.23985, o, 59416.471396, 15.769, 2.55, 1788, 4560, 15.769081213850251, ATLAS-ZTF
297.4018, 42.23985, o, 59416.47653, 20.771, 21.885, 18, 391, 20.761818737241732, ATLAS-ZTF
297.4018, 42.23985, o, 59416.511342, -20.522, 1.843, -22, 41, nan, ATLAS-ZTF
297.4018, 42.23985, o, 59418.430285, 18.997, 0.287, 92, 26, 18.99053043163611, ATLAS-ZTF
297.4018, 42.23985, o, 59418.433977, 19.896, 0.465, 40, 19, 19.894850021680092, ATLAS-ZTF
297.4018, 42.23985, o, 59418.440438, 20.499, 0.752, 23, 17, 20.495680409956016, ATLAS-ZTF
297.4018, 42.23985, o, 59418.450587, 19.595, 0.377, 53, 20, 19.589310325998028, ATLAS-ZTF
297.4018, 42.23985, o, 59420.417605, 20.935, 4.46, 15, 68, 20.959771852360795, ATLAS-ZTF
297.4018, 42.23985, o, 59420.45106, 19.598, 0.419, 53, 22, 19.589310325998028, ATLAS-ZTF
297.4018, 42.23985, o, 59420.454264, 21.931, 2.877, 6, 18, 21.95462187404089, ATLAS-ZTF
297.4018, 42.23985, o, 59420.459762, 20.522, 1.178, 22, 26, 20.543943297944484, ATLAS-ZTF
297.4018, 42.23985, o, 59422.394819, 19.174, 0.191, 78, 15, 19.1697634932738, ATLAS-ZTF
297.4018, 42.23985, o, 59422.398515, 19.768, 0.388, 45, 18, 19.76696871556164, ATLAS-ZTF
297.4018, 42.23985, o, 59422.419553, 19.834, 0.404, 42, 17, 19.841876774005247, ATLAS-ZTF
297.4018, 42.23985, o, 59422.448006, 21.07, 1.016, 14, 14, 21.034679910804403, ATLAS-ZTF
297.4018, 42.23985, o, 59424.38208, 19.156, 0.245, 79, 19, 19.155932271773896, ATLAS-ZTF
297.4018, 42.23985, o, 59424.385281, 19.011, 0.157, 90, 14, 19.014393726401686, ATLAS-ZTF
297.4018, 42.23985, o, 59424.404606, 19.177, 0.184, 78, 14, 19.1697634932738, ATLAS-ZTF
297.4018, 42.23985, o, 59424.414402, 18.654, 0.177, 125, 22, 18.657724967479858, ATLAS-ZTF
297.4018, 42.23985, o, 59426.423856, 18.604, 0.085, 131, 11, 18.606821760860587, ATLAS-ZTF
297.4018, 42.23985, o, 59426.427642, 18.695, 0.098, 121, 12, 18.69303657420887, ATLAS-ZTF
297.4018, 42.23985, o, 59426.433694, 18.926, 0.116, 98, 11, 18.92193481076876, ATLAS-ZTF
297.4018, 42.23985, o, 59426.448155, 18.775, 0.1, 112, 11, 18.776954943324544, ATLAS-ZTF
297.4018, 42.23985, o, 59428.505828, 18.65, 0.11, 126, 14, 18.64907363720609, ATLAS-ZTF
297.4018, 42.23985, o, 59428.509498, 18.768, 0.129, 113, 14, 18.767303891291448, ATLAS-ZTF
297.4018, 42.23985, o, 59428.523422, 18.986, 0.123, 92, 11, 18.99053043163611, ATLAS-ZTF
297.4018, 42.23985, o, 59428.531721, 18.728, 0.123, 117, 14, 18.729535345634595, ATLAS-ZTF
297.4018, 42.23985, c, 59430.412882, 19.304, 0.124, 69, 9, 19.30287727315686, ATLAS-ZTF
297.4018, 42.23985, c, 59430.416587, 19.128, 0.096, 81, 8, 19.128787452803373, ATLAS-ZTF
297.4018, 42.23985, c, 59430.422129, 19.116, 0.115, 82, 9, 19.115465369040706, ATLAS-ZTF
297.4018, 42.23985, c, 59430.457594, 19.199, 0.125, 76, 10, 19.197966019298022, ATLAS-ZTF
297.4018, 42.23985, o, 59432.498308, 18.553, 0.091, 138, 12, 18.550302283996906, ATLAS-ZTF
297.4018, 42.23985, o, 59432.502005, 18.744, 0.111, 116, 13, 18.738855026932704, ATLAS-ZTF
297.4018, 42.23985, o, 59432.509846, 18.614, 0.116, 130, 15, 18.615141619232908, ATLAS-ZTF
297.4018, 42.23985, o, 59432.545122, 18.509, 0.097, 143, 14, 18.511659906337343, ATLAS-ZTF
297.4018, 42.23985, c, 59434.43152, 18.923, 0.09, 98, 9, 18.92193481076876, ATLAS-ZTF
297.4018, 42.23985, c, 59434.43476, 19.023, 0.081, 89, 7, 19.026524983387716, ATLAS-ZTF
297.4018, 42.23985, c, 59434.442218, 18.973, 0.074, 94, 7, 18.967180366000754, ATLAS-ZTF
297.4018, 42.23985, c, 59434.452949, 18.9, 0.079, 100, 8, 18.9, ATLAS-ZTF
297.4018, 42.23985, o, 59436.418777, 18.456, 0.097, 150, 15, 18.459771852360795, ATLAS-ZTF
297.4018, 42.23985, o, 59436.422014, 18.446, 0.118, 152, 18, 18.44539103013807, ATLAS-ZTF
297.4018, 42.23985, o, 59436.451067, 18.501, 0.103, 144, 15, 18.504093769761873, ATLAS-ZTF
297.4018, 42.23985, o, 59436.4584, 18.614, 0.105, 130, 14, 18.615141619232908, ATLAS-ZTF
297.4018, 42.23985, c, 59438.423717, 19.036, 0.076, 88, 7, 19.038793319624578, ATLAS-ZTF
297.4018, 42.23985, c, 59438.427874, 19.04, 0.126, 88, 11, 19.038793319624578, ATLAS-ZTF
297.4018, 42.23985, c, 59438.457141, 19.11, 0.093, 82, 8, 19.115465369040706, ATLAS-ZTF
297.4018, 42.23985, c, 59438.465502, 18.97, 0.087, 94, 8, 18.967180366000754, ATLAS-ZTF
297.4018, 42.23985, o, 59440.415983, 18.605, 0.111, 131, 14, 18.606821760860587, ATLAS-ZTF
297.4018, 42.23985, o, 59440.420121, 18.528, 0.098, 141, 14, 18.52695221836155, ATLAS-ZTF
297.4018, 42.23985, o, 59440.440727, 18.514, 0.099, 143, 14, 18.511659906337343, ATLAS-ZTF
297.4018, 42.23985, o, 59440.446851, 18.389, 0.087, 160, 14, 18.389700043360186, ATLAS-ZTF
297.4018, 42.23985, o, 59442.356948, 18.614, 0.083, 130, 11, 18.615141619232908, ATLAS-ZTF
297.4018, 42.23985, o, 59442.360641, 18.983, 0.147, 93, 14, 18.97879262861516, ATLAS-ZTF
297.4018, 42.23985, o, 59442.368027, 18.888, 0.13, 101, 13, 18.889196565543394, ATLAS-ZTF
297.4018, 42.23985, o, 59442.382518, 18.87, 0.111, 103, 11, 18.86790693823707, ATLAS-ZTF
297.4018, 42.23985, o, 59444.412797, 19.051, 0.185, 87, 16, 19.051201868453454, ATLAS-ZTF
297.4018, 42.23985, o, 59444.416466, 18.898, 0.171, 100, 17, 18.9, ATLAS-ZTF
297.4018, 42.23985, o, 59444.423504, 19.26, 0.255, 72, 18, 19.256668758921826, ATLAS-ZTF
297.4018, 42.23985, o, 59444.458394, 18.961, 0.183, 94, 17, 18.967180366000754, ATLAS-ZTF
297.4018, 42.23985, o, 59446.364361, 18.857, 0.158, 104, 16, 18.85741665175305, ATLAS-ZTF
297.4018, 42.23985, o, 59446.367152, 19.172, 0.179, 78, 14, 19.1697634932738, ATLAS-ZTF
297.4018, 42.23985, o, 59446.373153, 19.016, 0.179, 90, 16, 19.014393726401686, ATLAS-ZTF
297.4018, 42.23985, o, 59446.383745, 18.851, 0.155, 105, 16, 18.847026752325153, ATLAS-ZTF
297.4018, 42.23985, o, 59448.351645, 19.263, 0.317, 72, 23, 19.256668758921826, ATLAS-ZTF
297.4018, 42.23985, o, 59448.385102, 19.565, 0.383, 54, 21, 19.569015600442576, ATLAS-ZTF
297.4018, 42.23985, o, 59448.388313, 19.507, 0.427, 57, 24, 19.51031286081877, ATLAS-ZTF
297.4018, 42.23985, o, 59448.393808, 19.016, 0.293, 90, 26, 19.014393726401686, ATLAS-ZTF
297.4018, 42.23985, o, 59452.363822, 19.165, 0.179, 78, 14, 19.1697634932738, ATLAS-ZTF
297.4018, 42.23985, o, 59452.367496, 19.406, 0.223, 63, 14, 19.401648626366043, ATLAS-ZTF
297.4018, 42.23985, o, 59452.373004, 19.194, 0.18, 76, 14, 19.197966019298022, ATLAS-ZTF
297.4018, 42.23985, o, 59452.407547, 19.495, 0.292, 58, 17, 19.491430016092657, ATLAS-ZTF
297.4018, 42.23985, o, 59453.355846, 19.478, 0.173, 59, 10, 19.47286997089464, ATLAS-ZTF
297.4018, 42.23985, o, 59453.367666, 19.277, 0.18, 71, 13, 19.27185412820231, ATLAS-ZTF
297.4018, 42.23985, o, 59453.378759, 19.55, 0.238, 55, 13, 19.54909327626439, ATLAS-ZTF
297.4018, 42.23985, o, 59453.401343, 19.916, 0.342, 39, 13, 19.92233848243375, ATLAS-ZTF
297.4018, 42.23985, o, 59454.361904, 19.811, 0.216, 43, 9, 19.816328861051034, ATLAS-ZTF
297.4018, 42.23985, o, 59454.365597, 19.518, 0.187, 57, 11, 19.51031286081877, ATLAS-ZTF
297.4018, 42.23985, o, 59454.371589, 19.141, 0.153, 80, 12, 19.14227503252014, ATLAS-ZTF
297.4018, 42.23985, o, 59454.406804, 19.712, 0.254, 47, 12, 19.719755355160704, ATLAS-ZTF
297.4018, 42.23985, c, 59456.350306, 20.196, 0.278, 30, 8, 20.207196863200842, ATLAS-ZTF
297.4018, 42.23985, c, 59456.353508, 20.024, 0.21, 36, 8, 20.00924374808178, ATLAS-ZTF
297.4018, 42.23985, c, 59456.358994, 19.9, 0.234, 40, 9, 19.894850021680092, ATLAS-ZTF
297.4018, 42.23985, c, 59456.394691, 20.179, 0.289, 31, 9, 20.171595765414317, ATLAS-ZTF
297.4018, 42.23985, o, 59458.380334, 19.225, 0.143, 74, 11, 19.226920700672558, ATLAS-ZTF
297.4018, 42.23985, o, 59458.383866, 19.589, 0.193, 53, 10, 19.589310325998028, ATLAS-ZTF
297.4018, 42.23985, o, 59458.413442, 19.346, 0.194, 66, 13, 19.351140161145327, ATLAS-ZTF
297.4018, 42.23985, o, 59458.418657, 19.856, 0.496, 42, 21, 19.841876774005247, ATLAS-ZTF
297.4018, 42.23985, o, 59462.329638, 19.259, 0.148, 72, 11, 19.256668758921826, ATLAS-ZTF
297.4018, 42.23985, o, 59462.332432, 20.057, 0.307, 34, 11, 20.07130270739436, ATLAS-ZTF
297.4018, 42.23985, o, 59462.338422, 19.921, 0.268, 39, 10, 19.92233848243375, ATLAS-ZTF
297.4018, 42.23985, o, 59462.349012, 19.288, 0.143, 70, 10, 19.287254899964356, ATLAS-ZTF
297.4018, 42.23985, c, 59464.346646, 21.169, 0.792, 12, 10, 21.202046884880936, ATLAS-ZTF
297.4018, 42.23985, c, 59464.34985, -22.055, 1.543, -6, 8, nan, ATLAS-ZTF
297.4018, 42.23985, c, 59464.356284, 21.037, 0.623, 14, 9, 21.034679910804403, ATLAS-ZTF
297.4018, 42.23985, c, 59464.359492, 21.127, 1.655, 13, 21, 21.115141619232908, ATLAS-ZTF
297.4018, 42.23985, c, 59464.363193, 20.664, 0.862, 20, 17, 20.647425010840045, ATLAS-ZTF
297.4018, 42.23985, c, 59464.367774, 21.089, 0.8, 13, 11, 21.115141619232908, ATLAS-ZTF
297.4018, 42.23985, o, 59466.425236, 20.684, 1.119, 19, 22, 20.703115997617928, ATLAS-ZTF
297.4018, 42.23985, o, 59466.43078, 19.728, 0.399, 47, 19, 19.719755355160704, ATLAS-ZTF
297.4018, 42.23985, o, 59466.462393, 19.182, 0.301, 77, 23, 19.183773187068795, ATLAS-ZTF
297.4018, 42.23985, o, 59466.471677, 20.698, 1.096, 19, 21, 20.703115997617928, ATLAS-ZTF
297.4018, 42.23985, c, 59468.343519, 20.848, 0.569, 17, 10, 20.823877696554312, ATLAS-ZTF
297.4018, 42.23985, c, 59468.346305, 20.992, 0.679, 15, 10, 20.959771852360795, ATLAS-ZTF
297.4018, 42.23985, c, 59468.352724, 20.034, 0.318, 35, 11, 20.03982988912431, ATLAS-ZTF
297.4018, 42.23985, c, 59468.36423, 20.559, 0.55, 22, 12, 20.543943297944484, ATLAS-ZTF
297.4018, 42.23985, o, 59470.308416, -20.684, 1.585, -19, 31, nan, ATLAS-ZTF
297.4018, 42.23985, o, 59470.311641, 19.093, 0.329, 84, 28, 19.089301784845293, ATLAS-ZTF
297.4018, 42.23985, o, 59470.317647, -25.001, 78.0, 0, 28, inf, ATLAS-ZTF
297.4018, 42.23985, o, 59470.331925, 19.592, 0.529, 53, 28, 19.589310325998028, ATLAS-ZTF
297.4018, 42.23985, o, 59472.341596, 20.241, 0.653, 29, 19, 20.24400500525261, ATLAS-ZTF
297.4018, 42.23985, o, 59472.344385, 19.461, 0.254, 60, 15, 19.45462187404089, ATLAS-ZTF
297.4018, 42.23985, o, 59472.349944, 19.376, 0.205, 64, 13, 19.38455006504028, ATLAS-ZTF
297.4018, 42.23985, o, 59472.361518, 20.355, 0.494, 26, 13, 20.362566630072955, ATLAS-ZTF
297.4018, 42.23985, o, 59476.305816, 21.92, 4.085, 6, 25, 21.95462187404089, ATLAS-ZTF
297.4018, 42.23985, o, 59476.309476, 21.667, 3.508, 8, 27, 21.64227503252014, ATLAS-ZTF
297.4018, 42.23985, o, 59476.315889, 20.08, 0.822, 34, 28, 20.07130270739436, ATLAS-ZTF
297.4018, 42.23985, o, 59476.349585, 19.998, 0.586, 36, 21, 20.00924374808178, ATLAS-ZTF
297.4018, 42.23985, o, 59478.292952, 20.633, 1.385, 20, 28, 20.647425010840045, ATLAS-ZTF
297.4018, 42.23985, o, 59478.295719, 20.261, 1.012, 29, 29, 20.24400500525261, ATLAS-ZTF
297.4018, 42.23985, o, 59478.303107, 19.039, 0.29, 88, 26, 19.038793319624578, ATLAS-ZTF
297.4018, 42.23985, o, 59478.314637, 19.571, 0.542, 54, 29, 19.569015600442576, ATLAS-ZTF
297.4018, 42.23985, o, 59479.285369, 20.945, 1.39, 15, 21, 20.959771852360795, ATLAS-ZTF
297.4018, 42.23985, o, 59479.288571, 19.332, 0.341, 67, 23, 19.334812993247933, ATLAS-ZTF
297.4018, 42.23985, o, 59479.29633, 19.067, 0.244, 86, 21, 19.06375387189108, ATLAS-ZTF
297.4018, 42.23985, o, 59479.308243, 20.179, 1.056, 31, 32, 20.171595765414317, ATLAS-ZTF
297.4018, 42.23985, o, 59480.308382, 20.384, 0.679, 26, 17, 20.362566630072955, ATLAS-ZTF
297.4018, 42.23985, o, 59480.311206, -22.105, 4.08, -5, 21, nan, ATLAS-ZTF
297.4018, 42.23985, o, 59480.316699, 21.233, 1.54, 12, 18, 21.202046884880936, ATLAS-ZTF
297.4018, 42.23985, o, 59480.331859, 19.676, 0.342, 49, 17, 19.674509799928714, ATLAS-ZTF
297.4018, 42.23985, o, 59481.356466, 20.533, 0.883, 22, 20, 20.543943297944484, ATLAS-ZTF
297.4018, 42.23985, o, 59481.359711, 22.957, 7.538, 2, 18, 23.147425010840045, ATLAS-ZTF
297.4018, 42.23985, o, 59481.36952, 19.704, 0.419, 48, 20, 19.69689690656103, ATLAS-ZTF
297.4018, 42.23985, o, 59481.384816, 19.991, 0.564, 37, 21, 19.97949568983251, ATLAS-ZTF
297.4018, 42.23985, o, 59482.388242, 19.446, 0.35, 60, 21, 19.45462187404089, ATLAS-ZTF
297.4018, 42.23985, o, 59482.39242, 20.266, 0.662, 28, 19, 20.28210492164445, ATLAS-ZTF
297.4018, 42.23985, o, 59484.32076, 21.112, 1.0, 13, 13, 21.115141619232908, ATLAS-ZTF
297.4018, 42.23985, o, 59484.324468, 20.289, 0.424, 28, 12, 20.28210492164445, ATLAS-ZTF
297.4018, 42.23985, o, 59484.330906, -20.865, 0.779, -16, 13, nan, ATLAS-ZTF
297.4018, 42.23985, o, 59484.342386, 19.584, 0.214, 53, 11, 19.589310325998028, ATLAS-ZTF
297.4018, 42.23985, o, 59486.323537, 22.054, 2.258, 6, 12, 21.95462187404089, ATLAS-ZTF
297.4018, 42.23985, o, 59486.323997, 17.622, 0.789, 325, 256, 17.620291597552814, ATLAS-ZTF
297.4018, 42.23985, o, 59486.326777, 20.053, 0.368, 35, 13, 20.03982988912431, ATLAS-ZTF
297.4018, 42.23985, o, 59486.332325, 20.106, 0.38, 33, 12, 20.10371515030528, ATLAS-ZTF
297.4018, 42.23985, o, 59486.332785, 20.948, 0.909, 15, 14, 20.959771852360795, ATLAS-ZTF
297.4018, 42.23985, o, 59486.344771, 20.426, 0.622, 24, 15, 20.449471895720983, ATLAS-ZTF
297.4018, 42.23985, o, 59488.308139, -21.819, 1.615, -7, 11, nan, ATLAS-ZTF
297.4018, 42.23985, o, 59488.311358, 21.014, 0.852, 14, 12, 21.034679910804403, ATLAS-ZTF
297.4018, 42.23985, o, 59488.317788, 20.263, 0.481, 28, 14, 20.28210492164445, ATLAS-ZTF
297.4018, 42.23985, o, 59488.355783, 20.918, 0.889, 16, 14, 20.889700043360186, ATLAS-ZTF
297.4018, 42.23985, o, 59490.308331, 21.431, 1.842, 10, 18, 21.4, ATLAS-ZTF
297.4018, 42.23985, o, 59490.311563, 19.611, 0.332, 52, 17, 19.609991640913, ATLAS-ZTF
297.4018, 42.23985, o, 59490.317143, 19.716, 0.335, 47, 16, 19.719755355160704, ATLAS-ZTF
297.4018, 42.23985, o, 59490.329187, 19.722, 0.354, 47, 17, 19.719755355160704, ATLAS-ZTF
297.4018, 42.23985, o, 59492.315513, 19.71, 0.241, 47, 11, 19.719755355160704, ATLAS-ZTF
297.4018, 42.23985, o, 59492.318762, 20.916, 0.76, 16, 12, 20.889700043360186, ATLAS-ZTF
297.4018, 42.23985, o, 59492.325204, 20.232, 0.507, 29, 15, 20.24400500525261, ATLAS-ZTF
297.4018, 42.23985, o, 59492.336286, -21.687, 1.42, -8, 11, nan, ATLAS-ZTF
297.4018, 42.23985, o, 59494.277689, -21.258, 1.617, -11, 18, nan, ATLAS-ZTF
297.4018, 42.23985, o, 59494.280909, -21.246, 1.197, -12, 14, nan, ATLAS-ZTF
297.4018, 42.23985, o, 59494.287364, 20.873, 1.065, 16, 17, 20.889700043360186, ATLAS-ZTF
297.4018, 42.23985, o, 59494.297609, 20.282, 0.524, 28, 15, 20.28210492164445, ATLAS-ZTF
297.4018, 42.23985, o, 59498.26697, 20.984, 1.184, 15, 17, 20.959771852360795, ATLAS-ZTF
297.4018, 42.23985, o, 59498.27066, -21.79, 2.417, -7, 17, nan, ATLAS-ZTF
297.4018, 42.23985, o, 59498.276254, 19.935, 0.467, 39, 18, 19.92233848243375, ATLAS-ZTF
297.4018, 42.23985, o, 59498.286447, -20.409, 0.661, -25, 16, nan, ATLAS-ZTF
297.4018, 42.23985, o, 59500.298062, -19.661, 0.249, -50, 12, nan, ATLAS-ZTF
297.4018, 42.23985, o, 59500.301284, 19.95, 0.377, 38, 14, 19.950541008457975, ATLAS-ZTF
297.4018, 42.23985, o, 59500.307712, -21.314, 1.53, -11, 17, nan, ATLAS-ZTF
297.4018, 42.23985, o, 59500.317831, -21.049, 1.157, -14, 16, nan, ATLAS-ZTF
297.4018, 42.23985, o, 59502.243392, -25.053, 53.0, 0, 18, inf, ATLAS-ZTF
297.4018, 42.23985, o, 59502.247077, 20.564, 0.787, 22, 17, 20.543943297944484, ATLAS-ZTF
297.4018, 42.23985, o, 59502.254484, -21.547, 2.157, -9, 19, nan, ATLAS-ZTF
297.4018, 42.23985, o, 59502.266972, -20.023, 0.831, -36, 30, nan, ATLAS-ZTF
297.4018, 42.23985, o, 59504.276486, 21.323, 1.429, 11, 15, 21.296518287104437, ATLAS-ZTF
297.4018, 42.23985, o, 59504.280614, -21.348, 1.529, -10, 16, nan, ATLAS-ZTF
297.4018, 42.23985, o, 59504.287985, -20.042, 0.472, -35, 16, nan, ATLAS-ZTF
297.4018, 42.23985, o, 59504.303198, -21.586, 2.272, -8, 19, nan, ATLAS-ZTF
297.4018, 42.23985, o, 59506.295546, 21.734, 4.524, 7, 33, 21.787254899964356, ATLAS-ZTF
297.4018, 42.23985, o, 59506.301091, 19.514, 0.621, 57, 35, 19.51031286081877, ATLAS-ZTF
297.4018, 42.23985, o, 59506.304785, 20.811, 1.816, 17, 31, 20.823877696554312, ATLAS-ZTF
297.4018, 42.23985, o, 59506.316792, 19.562, 0.685, 54, 37, 19.569015600442576, ATLAS-ZTF
297.4018, 42.23985, o, 59507.380829, -20.114, 1.551, -33, 51, nan, ATLAS-ZTF
297.4018, 42.23985, o, 59507.384048, 20.691, 2.567, 19, 49, 20.703115997617928, ATLAS-ZTF
297.4018, 42.23985, o, 59507.390048, -18.588, 0.564, -133, 75, nan, ATLAS-ZTF
297.4018, 42.23985, o, 59507.404825, 19.629, 1.078, 51, 55, 19.631074559755156, ATLAS-ZTF
297.4018, 42.23985, o, 59508.315329, 22.688, 10.08, 3, 31, 22.707196863200842, ATLAS-ZTF
297.4018, 42.23985, o, 59508.315786, -21.412, 3.179, -10, 31, nan, ATLAS-ZTF
297.4018, 42.23985, o, 59508.319031, -21.405, 2.463, -10, 24, nan, ATLAS-ZTF
297.4018, 42.23985, o, 59508.319489, 20.392, 0.891, 25, 23, 20.405149978319905, ATLAS-ZTF
297.4018, 42.23985, o, 59508.321318, -20.419, 1.261, -25, 31, nan, ATLAS-ZTF
297.4018, 42.23985, o, 59508.324574, 20.381, 1.022, 26, 26, 20.362566630072955, ATLAS-ZTF
297.4018, 42.23985, o, 59508.325032, -21.05, 3.45, -14, 48, nan, ATLAS-ZTF
297.4018, 42.23985, o, 59508.325489, -21.413, 2.3, -10, 23, nan, ATLAS-ZTF
297.4018, 42.23985, o, 59508.330999, 23.035, 25.375, 2, 56, 23.147425010840045, ATLAS-ZTF
297.4018, 42.23985, o, 59508.336528, 20.102, 0.971, 33, 32, 20.10371515030528, ATLAS-ZTF
297.4018, 42.23985, o, 59508.336986, -20.172, 1.103, -31, 34, nan, ATLAS-ZTF
297.4018, 42.23985, o, 59508.341134, 20.145, 1.084, 32, 34, 20.137125054200233, ATLAS-ZTF
297.4018, 42.23985, o, 59510.231868, 21.119, 1.589, 13, 21, 21.115141619232908, ATLAS-ZTF
297.4018, 42.23985, o, 59510.235094, 20.02, 0.453, 36, 16, 20.00924374808178, ATLAS-ZTF
297.4018, 42.23985, o, 59510.240222, 20.927, 1.268, 16, 20, 20.889700043360186, ATLAS-ZTF
297.4018, 42.23985, o, 59510.251827, 22.373, 4.87, 4, 20, 22.394850021680092, ATLAS-ZTF
297.4018, 42.23985, o, 59512.225866, -21.757, 2.288, -7, 16, nan, ATLAS-ZTF
297.4018, 42.23985, o, 59512.228153, 20.333, 0.5, 27, 13, 20.32159058960253, ATLAS-ZTF
297.4018, 42.23985, o, 59512.229074, 20.086, 0.423, 34, 14, 20.07130270739436, ATLAS-ZTF
297.4018, 42.23985, o, 59512.230946, 20.96, 0.975, 15, 15, 20.959771852360795, ATLAS-ZTF
297.4018, 42.23985, o, 59512.233236, 19.945, 0.569, 38, 22, 19.950541008457975, ATLAS-ZTF
297.4018, 42.23985, o, 59512.235067, -20.812, 1.187, -17, 20, nan, ATLAS-ZTF
297.4018, 42.23985, o, 59512.236898, 20.283, 0.58, 28, 16, 20.28210492164445, ATLAS-ZTF
297.4018, 42.23985, o, 59512.237817, 19.97, 0.36, 37, 13, 19.97949568983251, ATLAS-ZTF
297.4018, 42.23985, o, 59512.242426, 19.404, 0.378, 63, 24, 19.401648626366043, ATLAS-ZTF
297.4018, 42.23985, o, 59512.246568, 20.586, 0.756, 21, 16, 20.5944517631652, ATLAS-ZTF
297.4018, 42.23985, o, 59512.250288, -19.898, 0.348, -40, 14, nan, ATLAS-ZTF
297.4018, 42.23985, o, 59512.254897, 22.07, 2.719, 5, 15, 22.15257498915995, ATLAS-ZTF
297.4018, 42.23985, o, 59514.239407, 20.333, 0.601, 27, 16, 20.32159058960253, ATLAS-ZTF
297.4018, 42.23985, o, 59514.243091, 19.938, 0.356, 38, 14, 19.950541008457975, ATLAS-ZTF
297.4018, 42.23985, o, 59514.249096, 20.457, 0.653, 24, 16, 20.449471895720983, ATLAS-ZTF
297.4018, 42.23985, o, 59514.25925, 20.412, 0.637, 25, 16, 20.405149978319905, ATLAS-ZTF
297.4018, 42.23985, c, 59516.240281, 19.593, 0.874, 53, 46, 19.589310325998028, ATLAS-ZTF
297.4018, 42.23985, c, 59516.243497, 21.258, 4.0, 11, 46, 21.296518287104437, ATLAS-ZTF
297.4018, 42.23985, c, 59516.250832, 23.782, 13.571, 1, 15, 23.9, ATLAS-ZTF
297.4018, 42.23985, c, 59516.26143, -22.974, 6.071, -2, 14, nan, ATLAS-ZTF
297.4018, 42.23985, o, 59518.223042, 20.064, 0.515, 34, 18, 20.07130270739436, ATLAS-ZTF
297.4018, 42.23985, o, 59518.225809, 21.217, 1.676, 12, 20, 21.202046884880936, ATLAS-ZTF
297.4018, 42.23985, o, 59518.231353, 20.822, 0.99, 17, 17, 20.823877696554312, ATLAS-ZTF
297.4018, 42.23985, o, 59518.241502, 20.937, 1.165, 15, 18, 20.959771852360795, ATLAS-ZTF
297.4018, 42.23985, o, 59522.263162, 20.187, 0.597, 31, 18, 20.171595765414317, ATLAS-ZTF
297.4018, 42.23985, o, 59522.266398, 25.86, 95.0, 0, 16, inf, ATLAS-ZTF
297.4018, 42.23985, o, 59522.276538, 20.433, 0.698, 24, 17, 20.449471895720983, ATLAS-ZTF
297.40152440000003, 42.240144399999998, zg, 59322.446111099998, 19.1765766, 0.0563719906, 685.1211269779451, 35.57184660565492, 26.265995, ATLAS-ZTF
297.40146420000002, 42.240190499999997, zg, 59325.4553935, 19.1445179, 0.0551905967, 728.5183243333489, 37.03234805161414, 26.3006191, ATLAS-ZTF
297.40155709999999, 42.240091999999997, zg, 59336.452569399997, 19.1228619, 0.0544087216, 735.1908952122903, 36.84209531298746, 26.2888622, ATLAS-ZTF
297.401633, 42.2400576, zg, 59336.453506899998, 19.2466316, 0.0590554401, 663.7654454555656, 36.103576847456566, 26.3016682, ATLAS-ZTF
297.40150929999999, 42.240054899999997, zg, 59337.405451400002, 19.0955105, 0.0534396097, 709.7264650918539, 34.93252331648874, 26.223238, ATLAS-ZTF
297.40158489999999, 42.240113200000003, zg, 59338.439710600003, 19.259243, 0.0595536679, 650.9955801617157, 35.70772938713534, 26.2931881, ATLAS-ZTF
297.40154519999999, 42.240060300000003, zg, 59339.436145799998, 19.2457695, 0.0590215512, 647.4792872941032, 35.19752932479733, 26.2738342, ATLAS-ZTF
297.40157069999998, 42.239949500000002, zg, 59340.449166699997, 19.22686, 0.0582836866, 677.9185535193019, 36.391521568949024, 26.3048038, ATLAS-ZTF
297.4016307, 42.240101199999998, zg, 59341.472789400003, 19.0356541, 0.0513887778, 801.9120140152319, 37.9551479657616, 26.2959709, ATLAS-ZTF
297.40151989999998, 42.240086400000003, zg, 59342.474594899999, 19.2452183, 0.0589998737, 668.6703711577502, 36.336144334459235, 26.3082485, ATLAS-ZTF
297.40146540000001, 42.240091900000003, zg, 59344.446921299997, 19.130476, 0.0546821728, 715.8533801959171, 36.053341561044725, 26.2675362, ATLAS-ZTF
297.40151969999999, 42.240085999999998, zg, 59344.447858799998, 19.2159119, 0.0578612536, 664.2063144264691, 35.397005122724785, 26.2716694, ATLAS-ZTF
297.40154619999998, 42.2401342, zg, 59346.468993100003, 19.0830956, 0.0530064255, 780.3326883295737, 38.09640530350618, 26.3137951, ATLAS-ZTF
297.40151329999998, 42.240168300000001, zg, 59349.407326400004, 19.217762, 0.0579323992, 674.7533353811151, 36.003293816234475, 26.2906246, ATLAS-ZTF
297.40146759999999, 42.240034999999999, zg, 59353.416689799997, 19.0801125, 0.052902963, 758.367582164738, 36.95178622932459, 26.2798119, ATLAS-ZTF
297.40152799999998, 42.2401105, zg, 59356.455497700001, 19.1094208, 0.0539299399, 758.4009005050008, 37.67076643948889, 26.3091679, ATLAS-ZTF
297.40166809999999, 42.240141800000004, zg, 59359.318518499997, 19.5599632, 0.0728943422, 441.8098967036703, 29.662308078635395, 26.1730518, ATLAS-ZTF
297.40158639999999, 42.240122300000003, zg, 59362.406631899998, 19.3540077, 0.0634502545, 631.5450855948267, 36.907396321137554, 26.3550186, ATLAS-ZTF
297.40156680000001, 42.240103499999996, zg, 59364.3855903, 19.33881, 0.0628069192, 612.1163219183074, 35.409282847198405, 26.3058949, ATLAS-ZTF
297.40157019999998, 42.240082800000003, zg, 59366.326435199997, 19.2089462, 0.0575942993, 643.7716387477356, 34.14970992069696, 26.2307758, ATLAS-ZTF
297.40148340000002, 42.2400704, zg, 59368.366608800003, 19.20578, 0.0574734174, 674.0567157366746, 35.681174492506926, 26.2775211, ATLAS-ZTF
297.40151329999998, 42.240129099999997, zg, 59370.402673600001, 19.2533379, 0.0593198128, 661.3200349118442, 36.13159485696549, 26.3043671, ATLAS-ZTF
297.4015114, 42.240131300000002, zg, 59373.425648099997, 19.1942616, 0.0570360906, 732.1092936944646, 38.45929777533914, 26.3557014, ATLAS-ZTF
297.40159319999998, 42.240096399999999, zg, 59377.451018500004, 19.2989082, 0.061151579, 667.3795273033674, 37.588607350499196, 26.3598404, ATLAS-ZTF
297.40154910000001, 42.240120699999999, zg, 59379.429455999998, 19.1863861, 0.056739226, 717.5265904487268, 37.4970487288385, 26.3259811, ATLAS-ZTF
297.40147039999999, 42.240139300000003, zg, 59386.430161999997, 19.2603264, 0.0595967025, 664.3428725407628, 36.46617323738168, 26.3163071, ATLAS-ZTF
297.40154719999998, 42.240137599999997, zg, 59390.426840300002, 19.134243, 0.0548180342, 775.5617822763991, 39.157552376649036, 26.358284, ATLAS-ZTF
297.40180570000001, 42.240110199999997, zg, 59392.300463, 19.0516777, 0.0519285277, 754.7737020562151, 36.099272477690896, 26.2462196, ATLAS-ZTF
297.40157249999999, 42.239999400000002, zg, 59397.303090300004, 19.1874008, 0.0567774065, 680.8689354416556, 35.60530831649389, 26.2700596, ATLAS-ZTF
297.40153600000002, 42.240114200000001, zg, 59400.362523099997, 19.2773552, 0.0602774955, 646.276969749717, 35.87976247372211, 26.3034019, ATLAS-ZTF
297.4015081, 42.240144000000001, zg, 59402.320289399999, 19.1867695, 0.0567536503, 706.3965996004782, 36.92479389665898, 26.309391, ATLAS-ZTF
297.40156889999997, 42.240164, zg, 59404.357164399997, 19.3248653, 0.0622228757, 566.5217134390173, 32.46701178627437, 26.2079067, ATLAS-ZTF
297.40154280000002, 42.240100499999997, zg, 59408.362708300003, 19.1610184, 0.0557950251, 550.7549384180425, 28.302810091728723, 26.0134144, ATLAS-ZTF
297.40145430000001, 42.2400558, zg, 59412.333101900003, 19.2558041, 0.0594173335, 582.9271994197012, 31.90091632051386, 26.1698399, ATLAS-ZTF
297.40160459999998, 42.240092500000003, zg, 59415.430694399998, 19.2205238, 0.0580387898, 633.164737591861, 33.84626482272698, 26.2243156, ATLAS-ZTF
297.40158789999998, 42.2399506, zg, 59418.326458299998, 19.2577057, 0.0594927147, 549.5391529644309, 30.111896334041585, 26.1077023, ATLAS-ZTF
297.40169930000002, 42.239866800000001, zg, 59424.2667477, 18.8598366, 0.0458910577, 945.275670133191, 39.95418051860229, 26.2987328, ATLAS-ZTF
297.40165159999998, 42.239891800000002, zg, 59427.3018056, 18.6431599, 0.0400942042, 1135.7316273697406, 41.94044150374892, 26.2813492, ATLAS-ZTF
297.40174580000001, 42.239849200000002, zg, 59429.333078700001, 18.6922855, 0.0413210653, 1127.7353654643093, 42.91947387703724, 26.3228035, ATLAS-ZTF
297.40168299999999, 42.2398971, zg, 59434.261597199999, 18.53932, 0.0376571044, 1289.9339702591467, 44.73939247330923, 26.3157387, ATLAS-ZTF
297.40169529999997, 42.2398819, zg, 59436.353055599997, 18.6661263, 0.0406616814, 1034.0338595254639, 38.725387592839176, 26.2024632, ATLAS-ZTF
297.40166850000003, 42.239910600000002, zg, 59439.348194400001, 18.8204041, 0.0447595753, 799.8452315334837, 32.973693529124105, 26.077919, ATLAS-ZTF
297.40169209999999, 42.2399074, zg, 59441.290752300003, 18.9036713, 0.0471912362, 824.305276811626, 35.82821024890628, 26.1938915, ATLAS-ZTF
297.40169509999998, 42.239946400000001, zg, 59446.280613399998, 19.1516495, 0.0554508902, 708.6886542821741, 36.194258404914216, 26.2777882, ATLAS-ZTF
297.40159749999998, 42.240108399999997, zg, 59449.224085599999, 19.186491, 0.0567431673, 664.6136856840935, 34.73429861818354, 26.2429142, ATLAS-ZTF
297.40156819999999, 42.240106400000002, zg, 59452.305752300002, 19.2139301, 0.0577851795, 701.152101427762, 37.31679929272624, 26.3284607, ATLAS-ZTF
297.40167659999997, 42.240058599999998, zg, 59454.2158681, 19.1529999, 0.0555003546, 750.3976062768694, 38.358611471959954, 26.3412285, ATLAS-ZTF
297.4016092, 42.240014899999998, zg, 59458.266423599998, 19.1730518, 0.0562406741, 691.4144950501388, 35.814977076124585, 26.272398, ATLAS-ZTF
297.40154649999999, 42.240076600000002, zg, 59460.285023099997, 19.1441288, 0.0551764145, 748.1480701322814, 38.020402970894615, 26.3290977, ATLAS-ZTF
297.40154080000002, 42.239964299999997, zg, 59462.288252300001, 19.1741543, 0.0562817156, 730.6009624670847, 37.87243660702921, 26.3333549, ATLAS-ZTF
297.40154960000001, 42.240004200000001, zg, 59464.241875, 18.9721451, 0.0493146554, 861.1825079553295, 39.11531956861075, 26.3098831, ATLAS-ZTF
297.40154000000001, 42.240038300000002, zg, 59466.305057899997, 19.1752167, 0.0563212819, 674.9940117834449, 35.01451628108533, 26.2484665, ATLAS-ZTF
297.40159979999999, 42.240002799999999, zg, 59468.201794000001, 19.2307377, 0.0584341548, 686.6839236551143, 36.9572226823487, 26.3226299, ATLAS-ZTF
297.40164429999999, 42.240071100000002, zg, 59470.245925900002, 19.1181965, 0.0542419963, 774.0182487348986, 38.66896470801924, 26.3400745, ATLAS-ZTF
297.40133859999997, 42.240091100000001, zg, 59473.280509299999, 19.3867607, 0.0648610964, 577.5614525976691, 34.50310387522421, 26.2907562, ATLAS-ZTF
297.40154899999999, 42.240100499999997, zg, 59476.247199099998, 19.1901588, 0.0568812117, 703.0354750530361, 36.83169955450673, 26.3076019, ATLAS-ZTF
297.40150299999999, 42.240162400000003, zg, 59478.300115700004, 19.1872749, 0.056772653, 675.1185482702232, 35.30164224683615, 26.260725, ATLAS-ZTF
297.40146920000001, 42.240064099999998, zg, 59484.185787000002, 19.3529682, 0.0634060279, 611.4704019769964, 35.70932718082721, 26.3189068, ATLAS-ZTF
297.40155119999997, 42.240064199999999, zg, 59487.195648100002, 19.1781254, 0.056429781, 661.5199102502551, 34.38166978218937, 26.2294827, ATLAS-ZTF
297.40155720000001, 42.240091999999997, zg, 59489.205335600003, 19.2095299, 0.0576166362, 669.0075823942607, 35.50214713383217, 26.2731075, ATLAS-ZTF
297.40153939999999, 42.2399798, zg, 59491.258263900003, 19.2435265, 0.0589334629, 533.040343344484, 28.933283389673385, 26.0604267, ATLAS-ZTF
297.4017053, 42.240024099999999, zg, 59502.137812499997, 19.1130466, 0.05405863, 768.2865671896468, 38.252863897936884, 26.3268547, ATLAS-ZTF
297.40156780000001, 42.240174400000001, zg, 59504.195219900001, 19.3148212, 0.06180593, 618.2362697411712, 35.19332545385292, 26.2927074, ATLAS-ZTF
297.4013822, 42.239917699999999, zg, 59510.203425899999, 19.2411957, 0.0588421151, 639.5996243438145, 34.663479534551925, 26.2559662, ATLAS-ZTF
297.40158839999998, 42.240074, zg, 59512.181597199997, 19.4131508, 0.0660223663, 555.0861099307206, 33.75414609670517, 26.2740517, ATLAS-ZTF
297.40157779999998, 42.240081099999998, zg, 59517.1553356, 19.1742897, 0.0562867299, 744.3450078463666, 38.58832949058302, 26.3537254, ATLAS-ZTF
297.40154740000003, 42.240071100000002, zg, 59521.125138900003, 19.3180237, 0.0619385242, 659.4047632943387, 37.61738598189255, 26.3659039, ATLAS-ZTF
297.40158980000001, 42.240038599999998, zg, 59522.136713, 19.2367592, 0.0586686432, 700.1243137678822, 37.831789508431406, 26.3496971, ATLAS-ZTF
297.4040372, 42.239339700000002, zg, 59322.446111099998, 20.9160252, 0.16027844, 138.03458694339315, 20.376927806566055, 26.265995, ATLAS-ZTF
297.40438979999999, 42.2393432, zg, 59339.436145799998, 21.0207882, 0.166969895, 126.246224778624, 19.41477018363693, 26.2738342, ATLAS-ZTF
297.40411449999999, 42.239175099999997, zg, 59340.449166699997, 21.1267128, 0.173735619, 117.82471555864039, 18.853889003028616, 26.3048038, ATLAS-ZTF
297.40419329999997, 42.239423299999999, zg, 59346.468993100003, 21.3987694, 0.191112518, 92.47200623345306, 16.277027401627308, 26.3137951, ATLAS-ZTF
297.4046108, 42.2394423, zg, 59356.455497700001, 20.7293167, 0.148352981, 170.58485866641394, 23.308398656802463, 26.3091679, ATLAS-ZTF
297.40431489999997, 42.239314100000001, zg, 59368.366608800003, 21.035471, 0.167907715, 124.9741063689006, 19.327085660962833, 26.2775211, ATLAS-ZTF
297.40427149999999, 42.239355699999997, zg, 59370.402673600001, 21.0863724, 0.17115891, 122.23564823549633, 19.26961652696451, 26.3043671, ATLAS-ZTF
297.40430120000002, 42.2393547, zg, 59373.425648099997, 21.0608521, 0.169528842, 131.2017778536511, 20.486086187782323, 26.3557014, ATLAS-ZTF
297.40406469999999, 42.239553700000002, zg, 59375.426886599998, 21.0771523, 0.170570016, 127.86306774487734, 20.087389013532395, 26.3440151, ATLAS-ZTF
297.4043815, 42.2393711, zg, 59377.451018500004, 21.2289467, 0.180265546, 112.81256660628213, 18.730349808564352, 26.3598404, ATLAS-ZTF
297.40428609999998, 42.239544799999997, zg, 59379.429455999998, 20.8259068, 0.154522419, 158.5001654897035, 22.557808126906274, 26.3259811, ATLAS-ZTF
297.40434329999999, 42.239449899999997, zg, 59386.430161999997, 20.9913692, 0.165090799, 134.88857292287935, 20.510380129369246, 26.3163071, ATLAS-ZTF
297.4041775, 42.239325600000001, zg, 59400.362523099997, 20.9853859, 0.164708734, 134.03135248628058, 20.3328711777102, 26.3034019, ATLAS-ZTF
297.4043016, 42.239375500000001, zg, 59402.320289399999, 20.7972908, 0.152694583, 160.26551372698418, 22.539246347849478, 26.309391, ATLAS-ZTF
297.40437020000002, 42.239415000000001, zg, 59404.357164399997, 20.927906, 0.161037326, 129.41966758491475, 19.19563620366368, 26.2079067, ATLAS-ZTF
297.40401919999999, 42.239425500000003, zg, 59408.362708300003, 21.2623272, 0.182397604, 79.51240322452072, 13.357638598470862, 26.0134144, ATLAS-ZTF
297.40396379999999, 42.239343900000001, zg, 59412.333101900003, 21.0698338, 0.170102596, 109.6484356512301, 17.17865119526727, 26.1698399, ATLAS-ZTF
297.4044778, 42.2392854, zg, 59415.430694399998, 21.1073418, 0.172498345, 111.37546236953487, 17.694982306161965, 26.2243156, ATLAS-ZTF
297.40432440000001, 42.239452300000004, zg, 59424.2667477, 21.0887184, 0.171308756, 121.34049436147113, 19.145248219957175, 26.2987328, ATLAS-ZTF
297.40416859999999, 42.239417600000003, zg, 59427.3018056, 21.0533676, 0.169050813, 123.36519228576084, 19.208151998997845, 26.2813492, ATLAS-ZTF
297.4042154, 42.239296799999998, zg, 59429.333078700001, 21.2028675, 0.178599715, 111.67974149006474, 18.37091727621133, 26.3228035, ATLAS-ZTF
297.40430179999998, 42.239401700000002, zg, 59434.261597199999, 21.339756, 0.187343121, 97.81221189096996, 16.877437601567113, 26.3157387, ATLAS-ZTF
297.40438119999999, 42.239483800000002, zg, 59439.348194400001, 21.1229801, 0.1734972, 95.93466425921507, 15.330054905576052, 26.077919, ATLAS-ZTF
297.40417189999999, 42.239392199999998, zg, 59460.285023099997, 20.9613132, 0.163171053, 140.3181337869894, 21.08786420189283, 26.3290977, ATLAS-ZTF
297.40429239999997, 42.239400699999997, zg, 59464.241875, 21.0649281, 0.169789195, 125.30892376623356, 19.59601346933518, 26.3098831, ATLAS-ZTF
297.40432929999997, 42.239402400000003, zg, 59466.305057899997, 21.029665, 0.167536855, 122.3265141118652, 18.87585526539619, 26.2484665, ATLAS-ZTF
297.4043734, 42.239369000000003, zg, 59470.245925900002, 21.0421658, 0.168335319, 131.57200110119226, 20.39925967263064, 26.3400745, ATLAS-ZTF
297.40437919999999, 42.239492200000001, zg, 59473.280509299999, 20.8247967, 0.154451489, 153.59737726093599, 21.85000695425016, 26.2907562, ATLAS-ZTF
297.404133, 42.239382599999999, zg, 59484.185787000002, 21.1729984, 0.17669189, 114.38349438685032, 18.61468349258862, 26.3189068, ATLAS-ZTF
297.40455939999998, 42.239501300000001, zg, 59487.195648100002, 20.7355804, 0.148753047, 157.6017080645812, 21.592477237353904, 26.2294827, ATLAS-ZTF
297.40428630000002, 42.239397599999997, zg, 59512.181597199997, 20.7871819, 0.152048945, 156.58419358045091, 21.92840335732119, 26.2740517, ATLAS-ZTF
297.40425590000001, 42.239389899999999, zg, 59521.125138900003, 21.3000603, 0.184807658, 106.25207985509546, 18.085606751985903, 26.3659039, ATLAS-ZTF
297.40434549999998, 42.239393100000001, zg, 59522.136713, 21.1007061, 0.172074437, 125.77560064832105, 19.933723841066957, 26.3496971, ATLAS-ZTF
297.39995490000001, 42.241969699999999, zg, 59344.447858799998, 21.3326206, 0.186887383, 94.5408537771018, 16.27328320779747, 26.2716694, ATLAS-ZTF
297.39984550000003, 42.241869600000001, zg, 59400.362523099997, 21.288332, 0.184058547, 101.39766637360626, 17.189356917571267, 26.3034019, ATLAS-ZTF
297.3996429, 42.242318500000003, zg, 59462.288252300001, 21.2475071, 0.181450963, 108.22787216495564, 18.087313973422194, 26.3333549, ATLAS-ZTF
297.40157010000001, 42.240149799999998, zr, 59322.486747700001, 17.8083305, 0.0237221681, 2576.9507588462247, 56.30360194204898, 26.3360958, ATLAS-ZTF
297.40156530000002, 42.240117699999999, zr, 59325.488217600003, 17.7750549, 0.0233204663, 2636.479021536187, 56.628783219113934, 26.3276157, ATLAS-ZTF
297.40160100000003, 42.2400758, zr, 59334.407962999998, 17.9559898, 0.0256544519, 2211.9582217761085, 52.265527811155756, 26.3179321, ATLAS-ZTF
297.40161540000003, 42.240035200000001, zr, 59336.465740699998, 17.8820705, 0.0246556457, 2339.6193253713377, 53.12968740144318, 26.3049335, ATLAS-ZTF
297.40158400000001, 42.240118199999998, zr, 59336.466678199999, 17.9648628, 0.0257787723, 2216.0149195560134, 52.61512306054428, 26.3287945, ATLAS-ZTF
297.40151500000002, 42.2400606, zr, 59337.456423600001, 17.8300896, 0.0239913054, 2444.9919861908043, 54.026520608036265, 26.3007832, ATLAS-ZTF
297.40152649999999, 42.240147499999999, zr, 59338.470717600001, 17.8323669, 0.0240197834, 2476.762023713459, 54.79350055955432, 26.3170776, ATLAS-ZTF
297.40154180000002, 42.240205799999998, zr, 59339.452997699998, 17.8637924, 0.0244185515, 2369.903596305841, 53.29988330758581, 26.3006191, ATLAS-ZTF
297.40156639999998, 42.2401415, zr, 59340.427476899997, 17.823925, 0.0239145271, 2502.390715264913, 55.117891724281726, 26.3198128, ATLAS-ZTF
297.4015622, 42.240153599999999, zr, 59341.450601899996, 17.7692356, 0.0232514217, 2620.0467464456206, 56.10922018474208, 26.3150082, ATLAS-ZTF
297.40160459999998, 42.240055300000002, zr, 59342.4533218, 17.8477745, 0.0242139176, 2427.4277923437935, 54.13611177943214, 26.3106403, ATLAS-ZTF
297.40153650000002, 42.240079999999999, zr, 59344.428321799998, 17.8474579, 0.024209898, 2337.5240075998618, 52.12243779708052, 26.2693481, ATLAS-ZTF
297.40158250000002, 42.240159800000001, zr, 59344.429259299999, 17.8367386, 0.0240745917, 2376.553306280784, 52.696548435299405, 26.2766075, ATLAS-ZTF
297.4016001, 42.2400673, zr, 59346.427442100001, 17.791687, 0.0235197656, 2516.099665498028, 54.50502074022225, 26.2935066, ATLAS-ZTF
297.40158259999998, 42.240090899999998, zr, 59349.454814800003, 17.8136024, 0.023786895, 2555.833274866439, 55.994575367685705, 26.3324337, ATLAS-ZTF
297.40157310000001, 42.240130399999998, zr, 59353.446053200001, 17.8557091, 0.0243149307, 2445.3183112953548, 54.76260717660516, 26.3265476, ATLAS-ZTF
297.40157360000001, 42.240129699999997, zr, 59356.414953699998, 17.8556252, 0.0243138466, 2431.349768705098, 54.44735567274415, 26.3202438, ATLAS-ZTF
297.40157479999999, 42.2400655, zr, 59359.4096412, 17.9393387, 0.0254237466, 2181.614040557252, 51.08497101143058, 26.2862835, ATLAS-ZTF
297.40156139999999, 42.240101299999999, zr, 59364.434652800002, 17.7744141, 0.0233128387, 2676.095945236202, 57.460912552799805, 26.3431683, ATLAS-ZTF
297.40156500000001, 42.240144399999998, zr, 59366.390717599999, 17.8277855, 0.0239625704, 2447.7208091894736, 54.02203772215008, 26.2996902, ATLAS-ZTF
297.40154969999998, 42.240184599999999, zr, 59368.407974499998, 17.8258896, 0.023938952, 2506.78172537247, 55.27100149666389, 26.3236809, ATLAS-ZTF
297.40160809999998, 42.240046499999998, zr, 59373.409375000003, 17.841114, 0.0241296608, 2544.244240136572, 56.54389181995228, 26.355011, ATLAS-ZTF
297.40155499999997, 42.240071399999998, zr, 59375.408356499996, 17.8901482, 0.0247616507, 2434.0380329744626, 55.5114578466648, 26.3559666, ATLAS-ZTF
297.40150799999998, 42.240068800000003, zr, 59377.408414400001, 17.6741714, 0.0221726783, 3013.271333619715, 61.53639863731518, 26.371767, ATLAS-ZTF
297.401545, 42.240088800000002, zr, 59379.409016199999, 17.7350292, 0.0228527319, 2786.8780179651903, 58.65860961756329, 26.3478241, ATLAS-ZTF
297.40155729999998, 42.240079600000001, zr, 59381.415127300002, 17.9385738, 0.0254132394, 1152.4554870403267, 26.974901510743905, 25.5926342, ATLAS-ZTF
297.40159619999997, 42.240051700000002, zr, 59384.349722200001, 17.9748688, 0.0259201489, 1709.286096311055, 40.8063670852278, 26.0569057, ATLAS-ZTF
297.40155270000002, 42.2400959, zr, 59386.402835599998, 17.8390884, 0.0241041426, 2472.6884486368795, 54.895502894824915, 26.3220119, ATLAS-ZTF
297.4015824, 42.240107100000003, zr, 59390.363101900002, 17.9509544, 0.0255843289, 2273.946486065778, 53.583360806749894, 26.342905, ATLAS-ZTF
297.40156130000003, 42.240087699999997, zr, 59394.435219899999, 18.03405, 0.0267822053, 1935.5933439382559, 47.745905577696206, 26.2510853, ATLAS-ZTF
297.40154999999999, 42.240087500000001, zr, 59397.362511599997, 17.7366219, 0.0228710268, 2678.2875345698935, 56.418111243605296, 26.3062649, ATLAS-ZTF
297.40155909999999, 42.240095500000002, zr, 59400.342129600001, 17.9079762, 0.0249982961, 2314.299278735941, 53.285078254110154, 26.319025, ATLAS-ZTF
297.40158589999999, 42.240109199999999, zr, 59402.386851900003, 17.8272305, 0.0239556469, 2504.831521924504, 55.26651798129949, 26.3241768, ATLAS-ZTF
297.40158330000003, 42.240070500000002, zr, 59404.308668999998, 17.8532333, 0.0242833328, 2284.340502035901, 51.09104807996551, 26.2501354, ATLAS-ZTF
297.40159340000002, 42.240077800000002, zr, 59408.324351900003, 17.7160206, 0.0226363484, 2309.5922841987444, 48.15233698384519, 26.1248589, ATLAS-ZTF
297.4015531, 42.240121199999997, zr, 59410.384189800003, 17.9337769, 0.025347447, 1991.6271592800238, 46.496251706791924, 26.181797, ATLAS-ZTF
297.40160100000003, 42.240108300000003, zr, 59412.384594900002, 17.6629314, 0.0220510494, 2723.1931125734695, 55.30741775758926, 26.2506275, ATLAS-ZTF
297.40157829999998, 42.240079299999998, zr, 59415.384456, 17.7545166, 0.0230783802, 2520.922183702228, 53.58465560523038, 26.2584152, ATLAS-ZTF
297.4015976, 42.240046, zr, 59418.2603819, 18.0609322, 0.0271888059, 1444.302090995015, 36.16794672677934, 25.9600773, ATLAS-ZTF
297.4016446, 42.240045299999998, zr, 59422.391608799997, 17.6473961, 0.0218849406, 2841.0107693792984, 57.26561540395267, 26.2810783, ATLAS-ZTF
297.4016474, 42.239992100000002, zr, 59424.226979200001, 17.5027828, 0.0204442851, 3285.7663679451034, 61.87059444446349, 26.2943745, ATLAS-ZTF
297.40165239999999, 42.239939, zr, 59427.330358799998, 17.4569244, 0.0200249795, 3481.212385570086, 64.20639410446546, 26.3112507, ATLAS-ZTF
297.4016585, 42.239916999999998, zr, 59429.369780100002, 17.4840698, 0.0202711001, 3380.678876381177, 63.11853616813385, 26.3065796, ATLAS-ZTF
297.40167400000001, 42.239889699999999, zr, 59434.353263899997, 17.3112907, 0.0188021436, 3989.045591813914, 69.07995488732976, 26.3134632, ATLAS-ZTF
297.40168419999998, 42.239871100000002, zr, 59436.369571800002, 17.4022503, 0.0195470676, 3373.772857935265, 60.73976886107154, 26.2225399, ATLAS-ZTF
297.40163430000001, 42.239920499999997, zr, 59439.362986100001, 17.4811821, 0.0202446338, 2914.7232148697376, 54.3479197385167, 26.1426754, ATLAS-ZTF
297.40161610000001, 42.239978600000001, zr, 59446.342685199998, 17.5793915, 0.0211842842, 3009.6896861560085, 58.72340020156292, 26.2756958, ATLAS-ZTF
297.4016451, 42.2399925, zr, 59449.3279167, 17.5666199, 0.0210573673, 2999.297047512886, 58.170022602639484, 26.2591686, ATLAS-ZTF
297.40165630000001, 42.239988099999998, zr, 59452.259062500001, 17.6083527, 0.0214774814, 2382.5895903614005, 47.13117549784595, 26.0509758, ATLAS-ZTF
297.40155129999999, 42.2399548, zr, 59454.304629600003, 17.6233826, 0.0216326583, 3040.667134463026, 60.583512676112846, 26.3308048, ATLAS-ZTF
297.4015655, 42.239957400000002, zr, 59458.238588, 17.6941013, 0.0223913398, 2776.4207403601786, 57.25864160440474, 26.3028145, ATLAS-ZTF
297.40152490000003, 42.239982099999999, zr, 59460.323414400002, 17.7716408, 0.0232799165, 2644.5549776726907, 56.703478054869244, 26.3275223, ATLAS-ZTF
297.40161119999999, 42.240006000000001, zr, 59462.241284700001, 17.6144714, 0.021540409, 3122.9046187321005, 61.95670961388269, 26.3508682, ATLAS-ZTF
297.40160370000001, 42.240087199999998, zr, 59464.299259300002, 17.6502457, 0.0219152328, 2915.2250021889295, 58.84287021780144, 26.3119259, ATLAS-ZTF
297.40155770000001, 42.240093199999997, zr, 59466.342442100002, 17.7221375, 0.0227055904, 2600.393309612073, 54.38104127706166, 26.2597351, ATLAS-ZTF
297.40165089999999, 42.240011299999999, zr, 59468.324664400003, 17.7038002, 0.0224991646, 2672.652160428984, 55.384024786603746, 26.2711563, ATLAS-ZTF
297.40166290000002, 42.239963299999999, zr, 59470.267083300001, 17.6810989, 0.0222482439, 2915.5888452991903, 59.7444678164584, 26.3429146, ATLAS-ZTF
297.40159249999999, 42.2400077, zr, 59473.241400500003, 17.7162361, 0.0226387847, 2825.308265405835, 58.910760506417795, 26.3439007, ATLAS-ZTF
297.40159940000001, 42.2400503, zr, 59476.301469899998, 17.8073902, 0.0237106513, 2490.212678907627, 54.38205360902654, 26.2979813, ATLAS-ZTF
297.4015794, 42.2400552, zr, 59478.227743099997, 17.8151455, 0.0238058977, 2525.106384670169, 55.365588815808344, 26.3208447, ATLAS-ZTF
297.4015703, 42.240084099999997, zr, 59480.220000000001, 17.8341026, 0.0240415204, 2463.5746126557706, 54.55107699966595, 26.3130169, ATLAS-ZTF
297.40164249999998, 42.240026100000001, zr, 59484.219756899998, 17.6372414, 0.0217776038, 2966.2596220067767, 59.49698143334173, 26.3177643, ATLAS-ZTF
297.40158200000002, 42.240118699999996, zr, 59487.164502300002, 17.7175465, 0.0226535853, 2748.0336094539075, 57.33696040181243, 26.3151016, ATLAS-ZTF
297.40155520000002, 42.240092599999997, zr, 59489.183530100003, 17.7693462, 0.0232527331, 2610.1419099829172, 55.90025728162728, 26.3110065, ATLAS-ZTF
297.40160759999998, 42.240074999999997, zr, 59491.176574099998, 17.8628273, 0.02440615, 2460.7889049151586, 55.315815083346486, 26.3405132, ATLAS-ZTF
297.40161879999999, 42.240041699999999, zr, 59502.164432899997, 17.8281651, 0.023967294, 2555.348159565938, 56.40852754497518, 26.3467903, ATLAS-ZTF
297.4015938, 42.240093700000003, zr, 59504.1569676, 17.9030533, 0.0249325875, 2405.0753102013814, 55.22957634911326, 26.355875, ATLAS-ZTF
297.40157950000003, 42.240136999999997, zr, 59510.138460599999, 18.0437431, 0.0269277096, 1323.0606713306051, 32.81367369407032, 25.8476925, ATLAS-ZTF
297.40156109999998, 42.240082100000002, zr, 59512.131122699997, 17.6682129, 0.0221080408, 3004.89789866901, 61.18650649437259, 26.3627872, ATLAS-ZTF
297.40156610000003, 42.240054600000001, zr, 59517.121458299996, 17.8393707, 0.0241076965, 2586.334184050699, 57.42698759000976, 26.3710823, ATLAS-ZTF
297.40153029999999, 42.240051399999999, zr, 59521.1525463, 17.6935406, 0.022385139, 2917.4434050496593, 60.15031631115083, 26.3560467, ATLAS-ZTF
297.40161330000001, 42.240130399999998, zr, 59522.162731500001, 17.8877239, 0.024729766, 2415.678422021409, 55.02180165498566, 26.3453217, ATLAS-ZTF
297.40421350000003, 42.239424, zr, 59322.486747700001, 19.9697361, 0.0975881293, 352.00098600446364, 31.638548650575327, 26.3360958, ATLAS-ZTF
297.4041757, 42.239491299999997, zr, 59325.488217600003, 20.0334454, 0.101993345, 329.3579266051904, 30.939667010746184, 26.3276157, ATLAS-ZTF
297.4040895, 42.239316100000003, zr, 59334.407962999998, 20.0614777, 0.103981629, 318.1132509922361, 30.465903135308434, 26.3179321, ATLAS-ZTF
297.40433339999998, 42.239398799999996, zr, 59336.465740699998, 20.2005386, 0.114280984, 276.5400009499365, 29.107681299952567, 26.3049335, ATLAS-ZTF
297.40426480000002, 42.239374400000003, zr, 59336.466678199999, 20.0923996, 0.106209576, 312.28991537641275, 30.549022272489836, 26.3287945, ATLAS-ZTF
297.40416649999997, 42.239301500000003, zr, 59337.456423600001, 19.9155254, 0.0939651132, 358.1814745380394, 30.998839914901342, 26.3007832, ATLAS-ZTF
297.40436349999999, 42.239400799999999, zr, 59338.470717600001, 20.0878143, 0.105876938, 310.2453778930856, 30.253970067517777, 26.3170776, ATLAS-ZTF
297.40435250000002, 42.239410100000001, zr, 59339.452997699998, 20.1922474, 0.113647297, 277.55476013947595, 29.052497394025586, 26.3006191, ATLAS-ZTF
297.40428559999998, 42.2393888, zr, 59340.427476899997, 19.9953194, 0.0993380845, 338.68608974387024, 30.987662799221262, 26.3198128, ATLAS-ZTF
297.40399509999997, 42.239348300000003, zr, 59341.450601899996, 19.7975788, 0.0864836648, 404.5495850041668, 32.224154035900035, 26.3150082, ATLAS-ZTF
297.40428600000001, 42.239361299999999, zr, 59342.4533218, 20.0632076, 0.104105219, 315.4809064610352, 30.249713248496768, 26.3106403, ATLAS-ZTF
297.40436679999999, 42.239359800000003, zr, 59344.428321799998, 20.2598915, 0.118887089, 253.38601416931513, 27.745529241712497, 26.2693481, ATLAS-ZTF
297.40432859999999, 42.239392500000001, zr, 59344.429259299999, 20.2321568, 0.116719864, 261.6858741624928, 28.132008041282532, 26.2766075, ATLAS-ZTF
297.40433919999998, 42.239384700000002, zr, 59346.427442100001, 20.0260658, 0.101475023, 321.348531788552, 30.033860445432833, 26.2935066, ATLAS-ZTF
297.40418870000002, 42.239447200000001, zr, 59353.446053200001, 20.1201515, 0.108239964, 303.7794839452572, 30.284594233917222, 26.3265476, ATLAS-ZTF
297.404358, 42.239441399999997, zr, 59356.414953699998, 20.2100468, 0.115010746, 278.0217674993714, 29.450515460580473, 26.3202438, ATLAS-ZTF
297.40431310000002, 42.239390800000002, zr, 59362.442395799997, 20.3177681, 0.123489365, 261.86248205062356, 29.783690996064003, 26.3629513, ATLAS-ZTF
297.40423750000002, 42.239396900000003, zr, 59364.434652800002, 20.3347855, 0.124861941, 253.135537674356, 29.111117812581224, 26.3431683, ATLAS-ZTF
297.40427160000002, 42.239399200000001, zr, 59366.390717599999, 20.2231884, 0.116024554, 269.52603348681066, 28.802242837303826, 26.2996902, ATLAS-ZTF
297.40427469999997, 42.239317700000001, zr, 59373.409375000003, 19.9605312, 0.0969647467, 361.2367447329272, 32.26127055380262, 26.355011, ATLAS-ZTF
297.4043135, 42.2394362, zr, 59375.408356499996, 19.983633, 0.0985355526, 353.943091585605, 32.121962927550484, 26.3559666, ATLAS-ZTF
297.40436640000001, 42.239387800000003, zr, 59379.409016199999, 20.2913551, 0.121375874, 264.59863534261063, 29.579828399543096, 26.3478241, ATLAS-ZTF
297.40436940000001, 42.239346900000001, zr, 59381.415127300002, 20.0480423, 0.103024974, 165.13409854366282, 15.669493321137146, 25.5926342, ATLAS-ZTF
297.40436160000002, 42.239432000000001, zr, 59384.349722200001, 20.1103745, 0.107521504, 239.11811585705922, 23.680097741904788, 26.0569057, ATLAS-ZTF
297.40436499999998, 42.2394161, zr, 59386.402835599998, 20.2905006, 0.121307939, 258.58570930661017, 28.891455690036597, 26.3220119, ATLAS-ZTF
297.40425579999999, 42.239354900000002, zr, 59390.363101900002, 19.9984798, 0.0995560214, 344.9610650220857, 31.63102696677244, 26.342905, ATLAS-ZTF
297.4044255, 42.239385800000001, zr, 59394.435219899999, 20.2766399, 0.120207876, 245.34553571159333, 27.163564781873376, 26.2510853, ATLAS-ZTF
297.4042536, 42.239383799999999, zr, 59397.362511599997, 20.1019669, 0.106906302, 303.19302076467085, 29.85370157144286, 26.3062649, ATLAS-ZTF
297.40434670000002, 42.239347799999997, zr, 59400.342129600001, 20.1524315, 0.110637754, 292.8447212874567, 29.841210131901157, 26.319025, ATLAS-ZTF
297.40429440000003, 42.239444599999999, zr, 59402.386851900003, 20.1006203, 0.106808007, 308.6189575696353, 30.360022661097048, 26.3241768, ATLAS-ZTF
297.40425720000002, 42.239387899999997, zr, 59404.308668999998, 20.1106606, 0.107542478, 285.62085837286367, 28.290826761872164, 26.2501354, ATLAS-ZTF
297.40430620000001, 42.2393961, zr, 59408.324351900003, 20.22229, 0.115955025, 229.6294364595829, 24.524085066628594, 26.1248589, ATLAS-ZTF
297.40423900000002, 42.239405900000001, zr, 59410.384189800003, 20.3372688, 0.125063062, 217.67636675223503, 25.073560991856272, 26.181797, ATLAS-ZTF
297.40439959999998, 42.239354300000002, zr, 59412.384594900002, 20.2251854, 0.116179198, 257.1442633155866, 27.515720808961067, 26.2506275, ATLAS-ZTF
297.4042839, 42.239394599999997, zr, 59415.384456, 20.2528305, 0.118332855, 252.48401050388932, 27.5178755887863, 26.2584152, ATLAS-ZTF
297.40432570000002, 42.239365100000001, zr, 59422.391608799997, 20.0426292, 0.102641389, 312.8813234781876, 29.578615406965895, 26.2810783, ATLAS-ZTF
297.40427039999997, 42.239407499999999, zr, 59424.226979200001, 20.2048454, 0.114611253, 272.7794441040183, 28.794834089897204, 26.2943745, ATLAS-ZTF
297.40434310000001, 42.239354400000003, zr, 59429.369780100002, 20.1331253, 0.109199069, 294.70107496157084, 29.639872814475922, 26.3065796, ATLAS-ZTF
297.40432299999998, 42.239384700000002, zr, 59434.353263899997, 20.1991577, 0.11417529, 279.0758139021606, 29.34742513386435, 26.3134632, ATLAS-ZTF
297.4043752, 42.239384999999999, zr, 59436.369571800002, 20.266222, 0.119385272, 241.28324220968335, 26.53099838985474, 26.2225399, ATLAS-ZTF
297.40440430000001, 42.239375299999999, zr, 59439.362986100001, 20.1712456, 0.112052724, 244.66504125102793, 25.250502119764352, 26.1426754, ATLAS-ZTF
297.40444059999999, 42.239521500000002, zr, 59446.342685199998, 19.8575916, 0.0902215689, 369.1829876014372, 30.678048872848468, 26.2756958, ATLAS-ZTF
297.40422360000002, 42.239425699999998, zr, 59449.3279167, 20.2447777, 0.11770279, 254.5401876845564, 27.594262884758614, 26.2591686, ATLAS-ZTF
297.40425599999998, 42.239325800000003, zr, 59452.259062500001, 20.3335533, 0.124762438, 193.62837468128612, 22.249924047247124, 26.0509758, ATLAS-ZTF
297.40423229999999, 42.239359, zr, 59454.304629600003, 20.1206245, 0.108274922, 304.840117252521, 30.400146714588434, 26.3308048, ATLAS-ZTF
297.404268, 42.239338400000001, zr, 59458.238588, 20.156395, 0.110934705, 287.45363175991264, 29.370471115097793, 26.3028145, ATLAS-ZTF
297.40432190000001, 42.239413999999996, zr, 59464.299259300002, 20.1534805, 0.110716328, 290.6552420582951, 29.639134233176303, 26.3119259, ATLAS-ZTF
297.40429890000001, 42.23939, zr, 59466.342442100002, 20.3024788, 0.122263379, 241.49187306217925, 27.194093990997164, 26.2597351, ATLAS-ZTF
297.404245, 42.239400600000003, zr, 59468.324664400003, 20.2241192, 0.11609669, 262.30999550544755, 28.0485463215086, 26.2711563, ATLAS-ZTF
297.40432509999999, 42.239352500000003, zr, 59470.267083300001, 20.1103477, 0.107519396, 311.19080781898265, 30.816921781569214, 26.3429146, ATLAS-ZTF
297.40431039999999, 42.239392299999999, zr, 59473.241400500003, 19.9695549, 0.097575821, 354.5996642037371, 31.86810314454966, 26.3439007, ATLAS-ZTF
297.40451159999998, 42.239372099999997, zr, 59476.301469899998, 20.3118248, 0.123011917, 248.00623537542745, 28.098650765984896, 26.2979813, ATLAS-ZTF
297.4042498, 42.239325899999997, zr, 59478.227743099997, 19.7805634, 0.0854496434, 413.1545310408522, 32.51610031222984, 26.3208447, ATLAS-ZTF
297.40431840000002, 42.239395500000001, zr, 59480.220000000001, 20.0865116, 0.105782628, 309.4582890096243, 30.150335711715588, 26.3130169, ATLAS-ZTF
297.4042862, 42.239393900000003, zr, 59484.219756899998, 20.0894814, 0.105997756, 309.96535841786755, 30.261155781711224, 26.3177643, ATLAS-ZTF
297.40420760000001, 42.239379700000001, zr, 59487.164502300002, 19.9248791, 0.0945819393, 359.82306616794983, 31.34533347409045, 26.3151016, ATLAS-ZTF
297.40423070000003, 42.239406500000001, zr, 59489.183530100003, 20.2147141, 0.115370199, 274.4839532428533, 29.166631976677277, 26.3110065, ATLAS-ZTF
297.40427679999999, 42.239369400000001, zr, 59491.176574099998, 20.2552872, 0.118525386, 271.70047645560567, 29.66043105789086, 26.3405132, ATLAS-ZTF
297.40433849999999, 42.239373299999997, zr, 59517.121458299996, 20.2378159, 0.117159873, 283.9922967292346, 30.6451063084772, 26.3710823, ATLAS-ZTF
297.40430099999998, 42.239431400000001, zr, 59521.1525463, 20.0448475, 0.102798492, 334.5643637126229, 31.67685844487323, 26.3560467, ATLAS-ZTF
297.40429640000002, 42.239404200000003, zr, 59522.162731500001, 20.110218, 0.107509956, 311.9187487299603, 30.886297062373064, 26.3453217, ATLAS-ZTF
297.40315930000003, 42.238022800000003, zr, 59325.488217600003, 19.944416, 0.0958815143, 357.50315595084345, 31.57115311194035, 26.3276157, ATLAS-ZTF
297.40328490000002, 42.2374309, zr, 59338.470717600001, 20.6657925, 0.149965882, 182.1855969636555, 25.164145412685752, 26.3170776, ATLAS-ZTF
297.4036011, 42.237986200000002, zr, 59344.428321799998, 20.5848808, 0.144411087, 187.8394984673269, 24.98406706557642, 26.2693481, ATLAS-ZTF
297.40308850000002, 42.237685599999999, zr, 59368.407974499998, 20.7992973, 0.159131169, 162.08896159193233, 23.756604806106022, 26.3236809, ATLAS-ZTF
297.4032694, 42.237952100000001, zr, 59400.342129600001, 20.5054245, 0.138956308, 211.56323540575045, 27.076601085681762, 26.319025, ATLAS-ZTF
297.40301599999998, 42.237841899999999, zr, 59415.384456, 20.870821, 0.164041281, 142.90179367385903, 21.59068951438318, 26.2584152, ATLAS-ZTF
297.40310010000002, 42.238038000000003, zr, 59427.330358799998, 20.5189495, 0.13988483, 207.4533632319153, 26.728019496309823, 26.3112507, ATLAS-ZTF
297.40363079999997, 42.237510800000003, zr, 59458.238588, 20.8783894, 0.164560914, 147.8325403940591, 22.406416825353762, 26.3028145, ATLAS-ZTF
297.40338129999998, 42.237984500000003, zr, 59464.299259300002, 20.6754704, 0.150630236, 179.71411973827196, 24.93274162736303, 26.3119259, ATLAS-ZTF
297.4037879, 42.238031599999999, zr, 59491.176574099998, 20.5482788, 0.141898394, 207.44060004108923, 27.111086346046896, 26.3405132, ATLAS-ZTF
297.40382770000002, 42.2377064, zr, 59510.138460599999, 20.2603416, 0.118922323, 171.7672489567701, 18.813925677102162, 25.8476925, ATLAS-ZTF
297.40240899999998, 42.239292900000002, zr, 59322.486747700001, 19.4297047, 0.0665934384, 578.8372079308429, 35.50287793760886, 26.3360958, ATLAS-ZTF
297.40265460000001, 42.239029899999998, zr, 59418.2603819, 19.7144775, 0.08154127, 314.9487724679792, 23.653372503776012, 25.9600773, ATLAS-ZTF
297.40273500000001, 42.238790100000003, zr, 59510.138460599999, 19.6423187, 0.0774667636, 303.49358797308787, 21.654123654156393, 25.8476925, ATLAS-ZTF
