MJD,m,dm,uJy,duJy,F,err,chi/N,RA,Dec,x,y,maj,min,phi,apfit,mag5sig,Sky,Obs
59191.615708,20.575,0.949,21,20,o,0,0.97,186.63453,31.42839,9824.2,862.86,2.16,1.63,-50.4,-0.521,19.1,19.88,02a59191o0873o
59191.619873,-20.943,1.062,-15,16,o,0,0.97,186.63453,31.42839,9843.1,901.88,2.14,1.65,-51.6,-0.51,19.24,20.03,02a59191o0882o
59191.627704,-19.58,0.804,-54,43,o,0,1.14,186.63453,31.42839,9784.81,825.04,2.02,1.62,-54.4,-0.554,19.18,19.85,02a59191o0899o
59191.646108,19.94,0.509,38,20,o,0,1.68,186.63453,31.42839,9765.74,945.22,2.23,2.0,-64.4,-0.416,18.95,19.84,02a59191o0939o
59193.628004,-21.955,2.07,-6,12,o,0,1.6,186.63453,31.42839,9340.35,3460.47,2.27,2.16,-73.4,-0.414,19.61,20.83,01a59193o0937o
59193.650716,22.403,2.8,4,11,o,0,1.6,186.63453,31.42839,9318.5,3420.72,2.21,2.08,-69.5,-0.423,19.63,20.76,01a59193o0981o
59193.658818,20.399,0.659,25,17,o,0,1.39,186.63453,31.42839,9377.64,3495.35,2.16,2.15,80.9,-0.405,19.36,20.09,01a59193o0997o
59193.663816,20.604,1.166,21,24,o,0,1.03,186.63453,31.42839,9396.16,3381.09,2.21,1.98,-75.9,-0.412,18.81,18.97,01a59193o1006o
59194.635747,-21.062,0.667,-14,9,c,0,1.63,186.63453,31.42839,9341.78,3456.99,2.63,2.46,-73.0,-0.37,19.73,22.88,01a59194o0977c
59194.647006,-22.865,3.789,-3,10,c,0,2.27,186.63453,31.42839,9319.55,3416.5,2.76,2.61,-53.0,-0.372,19.64,22.83,01a59194o1001c
59194.651257,20.962,0.664,15,10,c,0,1.31,186.63453,31.42839,9378.1,3495.33,2.73,2.57,-79.6,-0.373,19.61,22.74,01a59194o1010c
59194.660553,20.225,0.583,30,17,c,0,1.24,186.63453,31.42839,9397.27,3378.82,2.78,2.64,-75.6,-0.361,19.03,21.8,01a59194o1030c
59197.612306,-22.325,1.667,-4,7,c,0,2.74,186.63453,31.42839,9341.9,3466.94,2.7,2.57,-46.2,-0.373,19.81,21.98,01a59197o0723c
59197.617842,21.116,0.731,13,10,c,0,2.23,186.63453,31.42839,9321.92,3427.65,2.81,2.7,-31.9,-0.357,19.81,22.0,01a59197o0735c
59197.621545,21.226,0.733,12,9,c,0,2.11,186.63453,31.42839,9380.3,3504.93,2.77,2.66,-68.3,-0.36,19.81,21.99,01a59197o0743c
59197.643698,21.247,0.753,12,9,c,0,1.59,186.63453,31.42839,9399.56,3388.54,2.96,2.61,4.1,-0.372,19.76,21.92,01a59197o0791c
59205.611421,20.908,0.459,16,7,c,0,2.27,186.63453,31.42839,8666.42,9762.68,2.48,2.35,72.1,-0.36,19.92,21.78,01a59205o0827c
59205.61622,22.713,2.233,3,7,c,0,3.15,186.63453,31.42839,8646.84,9723.01,2.41,2.25,79.7,-0.377,20.01,21.85,01a59205o0836c
59205.622213,21.612,0.822,8,7,c,0,2.48,186.63453,31.42839,8706.9,9804.59,2.55,2.44,38.8,-0.352,19.9,21.8,01a59205o0849c
59205.644526,-22.229,1.744,-5,8,c,0,1.92,186.63453,31.42839,8726.63,9684.12,2.53,2.37,81.2,-0.353,19.94,21.85,01a59205o0895c
59207.602536,21.292,0.648,11,7,c,0,2.68,186.63453,31.42839,2487.29,5372.94,2.41,2.35,65.3,-0.409,19.75,21.77,02a59207o0828c
59207.607861,-21.76,1.117,-7,8,c,0,2.0,186.63453,31.42839,2508.84,5411.96,2.36,2.3,64.3,-0.405,19.79,21.76,02a59207o0838c
59207.610639,-24.087,10.286,-1,9,c,0,1.52,186.63453,31.42839,2449.22,5333.06,2.35,2.31,78.9,-0.415,19.81,21.76,02a59207o0844c
59207.621275,-22.546,2.567,-4,9,c,0,1.17,186.63453,31.42839,2426.62,5450.5,2.31,2.29,65.9,-0.407,19.78,21.76,02a59207o0865c
59209.610427,0.0,21.492,0,9,o,0,1.64,186.63453,31.42839,4223.94,5358.71,2.42,2.26,-19.5,-0.387,19.58,21.11,01a59209o0888o
59209.613192,21.667,1.261,8,10,o,0,2.4,186.63453,31.42839,4204.21,5320.1,2.37,2.31,-23.1,-0.383,19.6,21.08,01a59209o0894o
59209.629498,22.429,2.457,4,10,o,0,4.61,186.63453,31.42839,4261.89,5399.2,2.42,2.2,-12.0,-0.396,19.59,21.11,01a59209o0927o
59209.648467,-21.698,1.096,-8,8,o,0,1.97,186.63453,31.42839,4279.5,5285.28,2.14,2.05,-5.3,-0.396,19.69,21.09,01a59209o0966o
59212.557037,-21.872,3.625,-6,24,o,0,1.28,186.63453,31.42839,5452.21,7426.16,2.72,2.08,41.3,-0.398,18.86,19.36,02a59212o0794o
59212.56162,22.416,6.121,4,24,o,0,1.0,186.63453,31.42839,5473.86,7463.73,2.39,2.01,39.6,-0.429,18.96,19.39,02a59212o0804o
59212.570403,21.741,3.081,7,22,o,0,0.9,186.63453,31.42839,5414.42,7386.11,2.36,2.01,41.3,-0.426,18.91,19.38,02a59212o0823o
59212.594292,-20.487,0.863,-23,20,o,0,0.86,186.63453,31.42839,5394.8,7504.52,2.24,1.97,40.7,-0.44,19.0,19.53,02a59212o0874o
59214.626644,21.833,2.354,7,16,o,0,1.15,186.63453,31.42839,4219.31,5361.29,2.1,1.96,-17.5,-0.394,19.15,19.63,01a59214o0938o
59214.629548,-21.123,1.182,-13,15,o,0,1.23,186.63453,31.42839,4199.84,5323.22,2.11,1.93,-23.2,-0.387,19.14,19.62,01a59214o0944o
59214.635621,21.105,1.307,13,17,o,0,1.24,186.63453,31.42839,4260.01,5400.58,2.16,1.94,4.8,-0.388,19.14,19.63,01a59214o0957o
59214.660447,-21.007,1.119,-14,16,o,0,1.69,186.63453,31.42839,4275.02,5286.45,2.3,1.92,-4.0,-0.376,19.09,19.63,01a59214o1009o
59216.626743,21.458,2.197,10,21,o,0,1.3,186.63453,31.42839,5459.01,7433.0,2.65,2.46,44.1,-0.405,18.83,19.54,02a59216o0941o
59216.63056,-22.101,4.474,-5,23,o,0,0.93,186.63453,31.42839,5479.44,7472.9,2.51,2.29,44.6,-0.416,18.88,19.54,02a59216o0949o
59216.638311,20.477,0.868,23,20,o,0,1.31,186.63453,31.42839,5425.9,7396.44,2.72,2.49,42.4,-0.418,18.78,19.5,02a59216o0965o
59216.663238,20.411,0.866,25,22,o,0,1.56,186.63453,31.42839,5407.51,7513.83,2.76,2.23,39.5,-0.401,18.8,19.39,02a59216o1018o
59217.609491,23.03,7.167,2,16,o,0,1.36,186.63453,31.42839,5080.76,1189.9,2.12,2.05,-7.9,-0.422,19.15,19.7,01a59217o0894o
59217.612369,22.624,5.222,3,17,o,0,1.53,186.63453,31.42839,5059.95,1149.78,2.07,2.02,-21.6,-0.427,19.18,19.7,01a59217o0900o
59217.615149,20.319,0.723,27,20,o,0,1.11,186.63453,31.42839,5119.22,1227.68,2.28,2.13,-6.9,-0.411,19.08,19.71,01a59217o0906o
59217.625831,0.0,20.814,0,17,o,0,1.59,186.63453,31.42839,5137.95,1111.32,2.45,2.22,1.3,-0.411,19.06,19.74,01a59217o0929o
59219.605811,19.677,0.329,49,16,o,0,1.1,186.63453,31.42839,6054.17,3075.88,2.03,1.87,39.7,-0.443,19.2,19.91,02a59219o0787o
59219.607749,21.405,1.344,10,13,o,0,1.47,186.63453,31.42839,6073.21,3115.51,2.02,1.88,38.8,-0.441,19.18,19.91,02a59219o0791o
59219.611407,21.83,2.127,7,14,o,0,1.68,186.63453,31.42839,6015.58,3038.65,2.03,1.89,43.2,-0.441,19.16,19.9,02a59219o0799o
59219.646958,-21.484,1.618,-9,15,o,0,1.73,186.63453,31.42839,4595.56,7410.15,2.24,1.97,36.6,-0.434,19.2,20.01,02a59219o0873o
59221.581413,21.002,0.678,14,10,o,0,3.86,186.63453,31.42839,5080.12,1184.71,2.05,1.92,-11.9,-0.421,19.7,20.99,01a59221o0786o
59221.583255,26.491,126.0,0,12,o,0,1.07,186.63453,31.42839,5060.18,1145.61,2.15,2.0,2.7,-0.412,19.67,20.98,01a59221o0790o
59221.586016,20.663,0.647,20,13,o,0,1.64,186.63453,31.42839,5119.75,1223.61,2.03,1.94,-16.0,-0.42,19.69,21.01,01a59221o0796o
59221.602381,20.845,0.638,17,11,o,0,2.84,186.63453,31.42839,5136.54,1108.74,2.35,2.22,-3.0,-0.404,19.57,21.06,01a59221o0828o
59226.626492,21.712,1.174,8,9,c,0,1.51,186.63453,31.42839,10036.32,5113.72,3.06,2.97,-34.5,-0.347,19.71,22.21,01a59226o0893c
59226.63355,-21.616,1.036,-8,8,c,0,1.88,186.63453,31.42839,10015.47,5074.94,2.89,2.8,-58.4,-0.375,19.77,22.2,01a59226o0908c
59226.637098,19.988,0.198,37,7,c,0,3.48,186.63453,31.42839,450.8,5433.12,2.61,2.44,-17.5,-0.356,19.79,22.2,01a59226o0915c
59226.662055,21.422,0.882,10,9,c,0,1.23,186.63453,31.42839,440.72,5548.67,2.75,2.62,-22.0,-0.354,19.68,21.8,01a59226o0968c
59229.623671,21.521,0.955,9,8,c,0,1.64,186.63453,31.42839,10426.77,5378.54,2.75,2.65,-88.4,-0.369,19.98,22.14,01a59229o0602c
59229.626526,22.321,1.812,4,8,c,0,1.82,186.63453,31.42839,10448.1,5415.92,2.79,2.64,-80.9,-0.364,19.99,22.14,01a59229o0608c
59229.636957,21.075,0.674,14,9,c,0,1.62,186.63453,31.42839,10028.83,5118.88,3.03,2.75,-3.2,-0.367,19.9,22.18,01a59229o0626c
59229.662014,23.052,3.667,2,8,c,0,2.44,186.63453,31.42839,10400.68,5336.05,2.64,2.52,-87.0,-0.378,19.93,21.8,01a59229o0674c
59229.662935,20.395,0.346,25,9,c,0,1.09,186.63453,31.42839,517.23,5508.41,2.34,2.22,-82.0,-0.397,19.87,21.74,01a59229o0676c
59229.666419,22.343,2.591,4,11,c,0,1.41,186.63453,31.42839,458.54,5429.26,2.35,2.2,86.5,-0.394,19.73,21.19,01a59229o0682c
59229.668293,-21.754,1.877,-7,14,c,0,0.9,186.63453,31.42839,10382.81,5452.95,2.7,2.58,77.3,-0.362,19.53,20.74,01a59229o0686c
59229.671123,-20.18,0.533,-31,16,c,0,1.34,186.63453,31.42839,442.39,5546.15,2.35,2.24,-66.6,-0.391,19.13,20.04,01a59229o0690c
59231.537799,-23.249,4.667,-2,8,c,0,1.4,186.63453,31.42839,7478.42,9271.81,2.68,2.6,-43.2,-0.399,19.78,21.96,02a59231o0705c
59231.540601,21.373,0.838,10,9,c,0,1.59,186.63453,31.42839,7497.93,9311.41,2.66,2.58,-40.8,-0.401,19.84,21.97,02a59231o0711c
59231.546568,20.459,0.338,24,8,c,0,2.12,186.63453,31.42839,7436.76,9233.38,2.61,2.58,-48.1,-0.406,19.83,21.98,02a59231o0724c
59231.556677,21.908,1.372,6,9,c,0,1.84,186.63453,31.42839,7417.12,9352.65,2.62,2.56,-51.7,-0.399,19.88,21.99,02a59231o0746c
59233.521671,-18.705,2.235,-120,268,c,0,1.25,186.63453,31.42839,1082.98,1380.03,2.65,2.38,65.4,-0.404,16.11,18.29,01a59233o0210c
59235.561512,20.515,1.224,23,28,c,0,1.06,186.63453,31.42839,7921.23,1014.81,2.52,2.25,-55.8,-0.41,18.48,20.33,02a59235o0744c
59235.564418,18.664,0.818,124,102,c,0,0.9,186.63453,31.42839,7942.26,1053.21,2.61,2.35,-55.7,-0.386,17.06,18.87,02a59235o0750c
59237.617366,-18.344,0.564,-167,94,c,0,0.74,186.63453,31.42839,9455.07,9098.52,2.53,2.43,33.9,-0.441,17.51,19.51,01a59237o0021c
59237.622894,-17.119,1.509,-516,778,c,0,0.9,186.63453,31.42839,9478.79,9138.52,2.55,2.35,50.3,-0.442,15.4,17.41,01a59237o0033c
59237.636472,-16.776,0.505,-707,357,c,0,1.27,186.63453,31.42839,9403.11,9178.5,2.56,2.44,73.7,-0.469,17.01,19.05,01a59237o0062c
59238.525248,22.68,4.913,3,15,o,0,1.73,186.63453,31.42839,1103.21,1418.07,2.62,2.47,28.2,-0.395,19.22,20.35,01a59238o0677o
59238.544811,24.643,25.4,0,13,o,0,1.3,186.63453,31.42839,1079.9,1384.04,2.38,2.01,12.9,-0.423,19.47,20.54,01a59238o0719o
59238.550007,20.148,0.388,32,12,o,0,1.44,186.63453,31.42839,1137.71,1461.87,2.27,2.15,39.0,-0.416,19.47,20.6,01a59238o0730o
59238.560568,21.66,1.346,8,11,o,0,3.23,186.63453,31.42839,1156.53,1346.1,2.55,1.95,0.2,-0.388,19.51,20.85,01a59238o0752o
59243.539455,-20.114,0.687,-33,22,o,0,1.65,186.63453,31.42839,6012.89,1130.98,2.24,1.99,-53.6,-0.435,18.56,18.88,02a59243o0232o
59243.54174,19.851,0.602,42,25,o,0,1.02,186.63453,31.42839,6032.15,1169.91,2.37,2.09,-54.8,-0.418,18.56,18.88,02a59243o0237o
59243.544579,20.014,0.769,36,28,o,0,0.96,186.63453,31.42839,5975.51,1092.18,2.57,2.34,-46.7,-0.421,18.56,19.0,02a59243o0243o
59243.550038,21.166,1.853,12,23,o,0,1.06,186.63453,31.42839,5960.83,1209.66,2.16,2.0,-58.7,-0.44,18.72,19.06,02a59243o0254o
59251.569565,23.355,5.471,2,9,o,0,2.45,186.63453,31.42839,1198.44,3365.2,1.99,1.96,-61.2,-0.455,19.73,21.04,02a59251o0667o
59251.584851,22.482,3.194,4,12,o,0,1.13,186.63453,31.42839,1177.96,3327.03,2.04,2.03,-74.6,-0.448,19.69,21.07,02a59251o0698o
59251.588054,-21.173,0.765,-12,9,o,0,1.5,186.63453,31.42839,1237.73,3405.4,2.07,2.03,-58.4,-0.446,19.7,21.07,02a59251o0705o
59251.593949,20.491,0.411,23,10,o,0,1.65,186.63453,31.42839,1256.61,3287.61,2.03,1.99,-64.4,-0.448,19.7,21.08,02a59251o0716o
59253.545543,-22.291,1.868,-4,8,c,0,2.28,186.63453,31.42839,8543.42,7810.18,2.71,2.29,-86.9,-0.395,19.82,22.05,01a59253o0670c
59253.547387,21.018,0.598,14,8,c,0,1.89,186.63453,31.42839,8524.53,7771.55,2.74,2.38,89.7,-0.385,19.82,22.05,01a59253o0674c
59253.570533,-26.244,65.0,0,8,c,0,1.83,186.63453,31.42839,8581.36,7851.52,2.72,2.31,-85.6,-0.389,19.89,22.16,01a59253o0721c
59253.586742,-21.973,1.193,-6,7,c,0,2.89,186.63453,31.42839,1904.86,2850.98,2.47,2.22,86.9,-0.423,19.84,22.14,01a59253o0754c
59255.485072,-23.103,3.643,-2,8,c,0,1.58,186.63453,31.42839,9387.89,7198.04,2.72,2.51,35.9,-0.392,19.81,21.98,02a59255o0576c
59255.487359,22.323,2.185,4,9,c,0,1.68,186.63453,31.42839,9407.65,7236.96,2.76,2.57,37.5,-0.397,19.78,21.99,02a59255o0581c
59255.490103,22.54,2.182,4,8,c,0,1.94,186.63453,31.42839,9347.54,7160.3,2.77,2.6,38.1,-0.389,19.82,22.0,02a59255o0587c
59255.514449,-22.23,2.036,-5,10,c,0,1.26,186.63453,31.42839,9336.95,7283.53,2.95,2.62,29.5,-0.383,19.78,22.04,02a59255o0635c
59257.519852,-21.292,0.755,-11,8,c,0,2.21,186.63453,31.42839,3148.41,3246.09,2.37,2.35,87.1,-0.395,19.87,22.23,01a59257o0667c
59257.521695,21.902,1.284,6,8,c,0,1.2,186.63453,31.42839,3128.59,3208.1,2.25,2.24,-8.8,-0.396,19.9,22.24,01a59257o0671c
59257.556866,23.375,4.312,2,7,c,0,1.83,186.63453,31.42839,3184.71,3284.91,2.37,2.32,-50.9,-0.39,19.85,22.23,01a59257o0742c
59257.578776,-23.302,4.188,-2,7,c,0,1.66,186.63453,31.42839,7340.91,7393.85,2.45,2.4,78.4,-0.38,19.86,22.21,01a59257o0786c
59261.471717,22.409,2.156,4,8,c,0,0.99,186.63453,31.42839,3151.09,3239.95,2.17,2.14,-72.4,-0.403,19.91,21.97,01a59261o0547c
59261.474018,23.147,3.857,2,8,c,0,1.58,186.63453,31.42839,3130.91,3200.89,2.29,2.24,-86.6,-0.39,19.89,21.98,01a59261o0552c
59261.476925,21.784,1.266,7,9,c,0,1.77,186.63453,31.42839,3190.85,3278.85,2.2,2.15,-74.0,-0.401,19.9,21.98,01a59261o0558c
59261.489189,20.992,0.556,15,8,c,0,2.05,186.63453,31.42839,3211.28,3163.41,2.15,2.14,76.9,-0.4,19.91,22.01,01a59261o0582c
59263.498547,-14.238,0.552,-7323,4040,c,0,1.21,186.63453,31.42839,124.56,2832.56,2.45,2.33,50.0,-0.4,15.35,17.02,02a59263o0327c
59263.50178,20.852,1.465,17,24,c,0,1.5,186.63453,31.42839,69.07,2751.48,2.44,2.32,-62.9,-0.387,18.47,20.27,02a59263o0333c
59263.506824,19.949,0.752,38,29,c,0,1.46,186.63453,31.42839,51.57,2868.01,2.41,2.32,-54.7,-0.396,19.02,20.86,02a59263o0344c
59263.534053,20.778,9.3,18,165,c,0,1.06,186.63453,31.42839,685.24,7749.17,2.39,2.3,-35.0,-0.408,16.67,18.3,02a59263o0400c
59263.573101,20.098,4.294,33,142,c,0,1.28,186.63453,31.42839,719.47,7785.11,2.33,2.28,-19.2,-0.413,16.56,18.19,02a59263o0478c
59267.543695,-22.701,3.75,-3,11,c,0,0.84,186.63453,31.42839,7081.84,1108.65,2.47,2.35,-68.3,-0.394,19.56,21.2,02a59267o0667c
59267.547066,21.312,0.943,11,10,c,0,1.94,186.63453,31.42839,7061.99,1068.54,2.44,2.32,-66.6,-0.398,19.61,21.33,02a59267o0674c
59267.582265,22.882,3.286,3,8,c,0,2.08,186.63453,31.42839,7117.14,1147.16,2.43,2.28,-70.0,-0.401,19.79,21.95,02a59267o0747c
59267.589815,21.029,0.637,14,9,c,0,1.49,186.63453,31.42839,7138.33,1030.49,2.47,2.29,-69.8,-0.402,19.79,21.94,02a59267o0762c
59269.415817,-23.806,13.0,-1,14,o,0,2.21,186.63453,31.42839,6462.05,9334.19,2.21,2.15,88.9,-0.395,19.06,19.71,01a59269o0436o
59269.41952,-24.687,34.2,0,17,o,0,1.42,186.63453,31.42839,6443.43,9296.69,2.22,2.09,-86.4,-0.398,19.11,19.73,01a59269o0444o
59269.422316,21.751,1.986,7,14,o,0,1.88,186.63453,31.42839,6501.77,9374.2,2.27,2.11,-79.7,-0.397,19.11,19.74,01a59269o0450o
59269.429691,-21.618,1.772,-8,14,o,0,1.54,186.63453,31.42839,6522.68,9257.23,2.1,2.03,89.4,-0.397,19.2,19.76,01a59269o0466o
59277.468344,-21.32,1.208,-11,13,o,0,1.08,186.63453,31.42839,7067.35,3043.25,2.44,2.24,-88.0,-0.401,19.43,20.41,01a59277o0513o
59277.471941,-20.325,0.737,-27,20,o,0,1.68,186.63453,31.42839,7046.92,3004.19,3.85,3.43,-84.5,-0.414,18.91,20.4,01a59277o0520o
59277.506677,19.901,0.236,40,9,o,0,1.39,186.63453,31.42839,7101.76,3080.6,2.01,1.91,-23.0,-0.416,19.67,20.52,01a59277o0583o
59277.541499,21.773,1.439,7,10,o,0,1.47,186.63453,31.42839,3429.95,7622.82,2.07,1.99,-38.6,-0.416,19.51,20.54,01a59277o0598o
59287.364672,18.667,0.094,124,12,c,0,1.28,186.63453,31.42839,8522.31,5562.82,2.83,2.5,29.1,-0.376,19.6,21.65,02a59287o0294c
59291.502698,18.464,0.057,149,9,c,0,4.44,186.63453,31.42839,9243.38,1530.09,2.35,2.11,-54.0,-0.423,19.85,21.88,02a59291o0370c
59291.505909,18.918,0.09,98,9,c,0,1.55,186.63453,31.42839,9226.57,1493.9,2.4,2.18,-50.3,-0.417,19.83,21.87,02a59291o0376c
59291.511374,18.852,0.082,104,9,c,0,2.53,186.63453,31.42839,9287.26,1572.44,2.38,2.17,-53.2,-0.416,19.8,21.85,02a59291o0386c
59291.546557,18.815,0.085,108,9,c,0,2.08,186.63453,31.42839,9298.83,1453.16,2.42,2.18,-53.1,-0.415,19.76,21.73,02a59291o0458c
59293.42777,18.717,0.077,118,9,o,0,3.91,186.63453,31.42839,6141.68,5263.79,1.92,1.83,-81.4,-0.42,19.98,21.33,01a59293o0331o
59293.429614,18.992,0.075,92,7,o,0,2.82,186.63453,31.42839,6122.28,5225.03,1.93,1.79,-83.4,-0.42,19.99,21.33,01a59293o0335o
59293.457864,19.19,0.116,76,9,o,0,0.98,186.63453,31.42839,4351.13,5285.38,1.89,1.77,-84.8,-0.412,19.98,21.33,01a59293o0391o
59293.486347,18.905,0.093,100,9,o,0,1.45,186.63453,31.42839,4339.64,5395.19,1.91,1.78,-80.7,-0.418,19.92,21.22,01a59293o0449o
59297.367051,18.961,0.186,95,18,o,0,1.15,186.63453,31.42839,8080.23,5184.83,2.3,1.98,-82.1,-0.434,19.2,19.71,01a59297o0180o
59297.368894,19.556,0.273,55,15,o,0,1.15,186.63453,31.42839,8059.61,5145.26,2.2,1.82,-85.6,-0.437,19.28,19.71,01a59297o0184o
59297.371662,19.315,0.234,68,16,o,0,1.48,186.63453,31.42839,8118.13,5223.94,2.2,1.85,-82.0,-0.444,19.27,19.71,01a59297o0190o
59297.394206,19.047,0.169,87,15,o,0,1.23,186.63453,31.42839,8136.49,5108.67,2.17,1.87,-88.0,-0.437,19.37,19.85,01a59297o0236o
59299.370707,18.33,0.632,169,107,o,0,1.13,186.63453,31.42839,1253.79,7087.14,2.13,2.08,-53.7,-0.435,17.24,17.03,02a59299o0331o
59299.372537,19.253,1.776,72,128,o,0,1.29,186.63453,31.42839,1273.95,7126.87,2.08,2.04,-35.7,-0.441,17.14,16.79,02a59299o0335o
59299.375288,20.021,6.043,36,215,o,0,2.95,186.63453,31.42839,1215.58,7048.39,2.13,2.04,-63.1,-0.46,16.49,16.14,02a59299o0341o
59299.400796,-19.5,1.738,-58,100,o,0,2.11,186.63453,31.42839,1200.32,7162.71,2.06,2.02,-81.4,-0.44,17.33,17.26,02a59299o0394o
59303.441515,20.137,0.686,32,22,o,0,0.98,186.63453,31.42839,9332.78,3484.83,2.14,1.96,-56.2,-0.422,18.86,19.23,02a59303o0285o
59303.445816,19.641,0.4,50,20,o,0,1.66,186.63453,31.42839,9313.43,3446.57,2.09,1.95,-55.3,-0.432,18.83,19.24,02a59303o0293o
59303.478241,19.61,0.367,52,19,o,0,1.37,186.63453,31.42839,9369.4,3527.41,2.04,1.96,-53.8,-0.426,18.87,19.17,02a59303o0359o
59303.484252,19.431,0.319,61,20,o,0,1.44,186.63453,31.42839,9394.03,3413.27,1.95,1.89,-34.0,-0.444,18.87,19.14,02a59303o0372o
59305.399148,19.669,0.202,49,10,o,0,2.26,186.63453,31.42839,5107.74,3142.31,1.87,1.83,69.8,-0.418,19.55,20.23,01a59305o0373o
59305.434176,19.852,0.291,42,12,o,0,1.38,186.63453,31.42839,5084.9,3100.29,1.93,1.84,-37.2,-0.409,19.49,20.16,01a59305o0445o
59305.455779,20.033,0.308,35,11,o,0,1.68,186.63453,31.42839,5405.62,7401.99,1.91,1.8,-69.2,-0.418,19.49,20.03,01a59305o0488o
59305.459006,19.872,0.275,41,11,o,0,1.45,186.63453,31.42839,5388.11,7518.66,1.91,1.8,-74.5,-0.417,19.46,20.04,01a59305o0495o
59307.382844,19.423,0.208,62,13,o,0,1.67,186.63453,31.42839,1941.64,780.65,2.05,1.76,-73.7,-0.468,19.53,21.04,02a59307o0242o
59307.38545,19.275,0.154,71,11,o,0,1.56,186.63453,31.42839,1962.35,818.86,2.06,1.82,-57.7,-0.466,19.68,20.83,02a59307o0247o
59307.388651,19.719,0.267,47,13,o,0,1.15,186.63453,31.42839,1904.84,738.6,2.06,1.76,-57.5,-0.494,19.64,20.79,02a59307o0254o
59307.409665,19.406,0.171,63,11,o,0,1.89,186.63453,31.42839,1891.81,856.73,2.06,1.78,-52.6,-0.482,19.62,20.8,02a59307o0299o
59309.451723,20.602,0.313,21,6,c,0,1.76,186.63453,31.42839,5445.6,7434.67,2.3,2.13,-67.4,-0.382,20.05,22.01,01a59309o0308c
59309.455428,20.276,0.242,28,7,c,0,1.39,186.63453,31.42839,5465.98,7472.3,2.3,2.13,-76.4,-0.384,20.06,21.98,01a59309o0316c
59309.491321,19.999,0.225,36,8,c,0,0.96,186.63453,31.42839,5415.51,7390.07,2.3,2.08,-71.5,-0.383,20.06,21.98,01a59309o0390c
59309.499065,19.889,0.168,40,7,c,0,2.94,186.63453,31.42839,5395.83,7505.8,2.38,2.17,-77.6,-0.381,20.02,21.96,01a59309o0403c
59313.42848,20.709,0.319,19,6,c,0,2.43,186.63453,31.42839,5994.54,3081.51,2.39,2.31,-77.3,-0.389,20.0,21.87,01a59313o0443c
59313.443722,19.913,0.171,39,7,c,0,2.43,186.63453,31.42839,6017.57,3118.0,2.35,2.31,-60.5,-0.384,19.98,21.84,01a59313o0474c
59313.457014,19.801,0.166,44,7,c,0,2.83,186.63453,31.42839,5962.49,3039.92,2.34,2.21,-66.2,-0.389,20.05,21.85,01a59313o0502c
59313.471253,21.009,0.467,14,7,c,0,1.83,186.63453,31.42839,5946.89,3155.18,2.36,2.22,-68.6,-0.382,19.99,21.79,01a59313o0532c
59317.475055,21.068,0.558,14,8,c,0,2.06,186.63453,31.42839,6005.87,3072.07,2.49,2.23,-81.0,-0.395,19.92,21.75,01a59317o0162c
59317.494139,20.323,0.279,27,8,c,0,1.53,186.63453,31.42839,6031.06,3110.42,2.54,2.31,-78.1,-0.378,19.85,21.69,01a59317o0198c
59317.502917,19.936,0.208,38,8,c,0,2.17,186.63453,31.42839,5972.77,3030.91,2.67,2.42,-76.1,-0.375,19.8,21.64,01a59317o0216c
59319.416275,-22.765,3.63,-3,10,o,0,1.77,186.63453,31.42839,4215.23,5379.15,2.22,1.9,39.0,-0.437,19.62,20.82,02a59319o0405o
59319.419051,19.806,0.324,43,14,o,0,1.69,186.63453,31.42839,4197.64,5341.98,2.27,1.84,34.6,-0.433,19.6,20.8,02a59319o0411o
59319.424892,20.552,0.472,22,10,o,0,1.14,186.63453,31.42839,4255.72,5417.5,2.21,1.87,40.9,-0.436,19.6,20.83,02a59319o0421o
59319.451861,20.067,0.364,34,12,o,0,1.19,186.63453,31.42839,4270.9,5301.02,2.1,1.8,37.1,-0.442,19.62,20.82,02a59319o0474o
59321.416919,19.975,0.205,37,8,c,0,2.18,186.63453,31.42839,7480.48,9255.34,2.65,2.54,-81.5,-0.352,19.88,21.83,01a59321o0378c
59321.422134,21.049,0.528,14,7,c,0,2.28,186.63453,31.42839,7501.43,9294.18,2.59,2.51,85.4,-0.338,19.91,21.83,01a59321o0389c
59321.426295,21.324,0.663,11,7,c,0,1.66,186.63453,31.42839,7441.31,9215.97,2.48,2.46,-86.9,-0.341,19.91,21.82,01a59321o0398c
59321.456874,20.47,0.333,24,8,c,0,1.75,186.63453,31.42839,7428.09,9329.9,2.73,2.59,-77.2,-0.34,19.81,21.8,01a59321o0459c
59323.439477,21.19,0.795,12,10,o,0,1.73,186.63453,31.42839,5089.71,1209.09,2.0,1.96,72.9,-0.448,19.68,21.01,02a59323o0446o
59323.464999,20.809,0.615,17,11,o,0,1.46,186.63453,31.42839,5069.37,1167.5,2.0,1.96,79.0,-0.448,19.67,21.0,02a59323o0497o
59323.480525,20.445,0.467,24,11,o,0,1.3,186.63453,31.42839,5126.2,1245.38,2.01,1.94,63.9,-0.446,19.62,21.02,02a59323o0528o
59327.302319,-21.751,3.565,-7,26,o,0,0.82,186.63453,31.42839,5496.26,9361.81,2.14,2.11,78.4,-0.441,18.69,19.0,02a59327o0143o
59327.304165,-20.557,1.511,-22,33,o,0,0.7,186.63453,31.42839,5517.41,9401.43,2.27,2.14,-62.9,-0.433,18.69,18.99,02a59327o0147o
59327.306926,-21.285,2.161,-11,24,o,0,1.71,186.63453,31.42839,5460.43,9321.5,2.23,2.12,-62.3,-0.432,18.72,19.0,02a59327o0153o
59327.331237,19.769,0.492,45,22,o,0,1.59,186.63453,31.42839,5442.56,9441.75,2.11,2.02,-62.2,-0.437,18.74,19.04,02a59327o0204o
59331.405246,-20.712,3.403,-19,64,o,0,4.84,186.63453,31.42839,87.11,5149.12,2.04,1.93,-32.5,-0.362,18.5,18.6,02a59331o0389o
59331.406167,-20.081,0.782,-34,26,o,0,1.44,186.63453,31.42839,10033.77,5155.28,2.18,2.04,-54.5,-0.443,18.54,18.58,02a59331o0391o
59331.408931,19.184,0.495,77,38,o,0,3.51,186.63453,31.42839,67.55,5110.34,2.06,1.89,-36.8,-0.362,18.48,18.6,02a59331o0397o
59331.425434,-21.753,4.468,-7,32,o,0,1.08,186.63453,31.42839,10013.07,5116.98,2.19,2.09,-54.2,-0.442,18.51,18.6,02a59331o0432o
59331.427294,23.141,9.818,2,20,o,0,1.62,186.63453,31.42839,125.32,5185.58,2.0,1.88,-45.1,-0.386,18.53,18.61,02a59331o0436o
59331.429123,23.598,21.167,1,28,o,0,1.85,186.63453,31.42839,10072.62,5198.32,2.09,2.05,-27.9,-0.457,18.54,18.6,02a59331o0440o
59331.443011,21.3,2.466,11,27,o,0,1.22,186.63453,31.42839,148.09,5066.18,2.0,1.9,-40.4,-0.417,18.52,18.56,02a59331o0470o
59331.446379,20.959,1.938,15,29,o,0,1.48,186.63453,31.42839,10091.17,5079.18,2.16,2.13,11.2,-0.433,18.47,18.56,02a59331o0477o
59333.394226,20.517,0.675,23,15,o,0,1.48,186.63453,31.42839,7848.77,990.44,2.13,1.85,-63.6,-0.433,19.35,19.78,01a59333o0083o
59333.410177,21.214,1.226,12,15,o,0,1.09,186.63453,31.42839,7871.36,1027.73,2.13,1.9,-44.6,-0.427,19.3,19.75,01a59333o0116o
59333.431441,-20.451,0.632,-24,15,o,0,1.45,186.63453,31.42839,7819.92,951.09,2.1,1.84,-67.4,-0.431,19.28,19.68,01a59333o0159o
59333.438679,22.228,3.434,5,16,o,0,0.76,186.63453,31.42839,7800.02,1066.26,2.18,1.87,-69.0,-0.435,19.25,19.65,01a59333o0173o
59335.341989,19.537,0.702,56,39,o,0,14.82,186.63453,31.42839,90.26,5152.23,2.48,2.19,-47.2,-0.38,19.54,21.07,02a59335o0244o
59335.34703,17.672,0.079,310,25,o,0,27.02,186.63453,31.42839,71.46,5118.52,2.36,2.08,-49.4,-0.388,19.59,21.06,02a59335o0255o
59335.357588,20.966,0.664,15,10,o,0,1.87,186.63453,31.42839,130.02,5193.39,2.25,1.99,-52.7,-0.4,19.65,21.05,02a59335o0276o
59335.358959,20.248,0.414,29,12,o,0,1.94,186.63453,31.42839,10038.58,5158.57,2.47,2.25,-54.3,-0.424,19.6,21.06,02a59335o0279o
59335.361886,20.208,0.327,30,10,o,0,2.27,186.63453,31.42839,10019.89,5121.39,2.46,2.25,-51.0,-0.43,19.58,21.05,02a59335o0285o
59335.362344,22.179,2.467,5,12,o,0,1.44,186.63453,31.42839,152.28,5079.1,2.2,2.04,-50.6,-0.394,19.65,21.04,02a59335o0286o
59335.368633,20.883,0.729,16,12,o,0,1.05,186.63453,31.42839,10078.2,5201.63,2.31,2.16,-52.8,-0.431,19.64,21.02,02a59335o0298o
59335.404262,20.334,0.5,27,13,o,0,1.88,186.63453,31.42839,10093.69,5085.85,2.25,2.1,-62.4,-0.441,19.47,20.46,02a59335o0372o
59337.458415,20.75,0.886,18,16,o,0,1.02,186.63453,31.42839,5965.72,1128.43,1.89,1.78,-54.4,-0.42,19.13,20.12,01a59337o0416o
59337.481892,-22.469,10.769,-4,40,o,0,1.58,186.63453,31.42839,5990.9,1168.9,1.88,1.79,-50.7,-0.421,17.9,18.43,01a59337o0465o
59337.48744,20.035,0.77,35,27,o,0,0.92,186.63453,31.42839,5932.39,1092.47,2.13,1.79,-16.2,-0.414,18.75,19.45,01a59337o0476o
59337.490691,21.039,1.359,14,19,o,0,1.16,186.63453,31.42839,5915.55,1210.61,1.93,1.87,-50.4,-0.413,19.08,19.81,01a59337o0483o
59341.516616,-20.181,0.422,-31,13,o,0,1.19,186.63453,31.42839,5973.85,1129.99,2.29,2.18,-88.5,-0.413,19.12,20.17,01a59341o0083o
59341.519403,20.322,0.638,27,17,o,0,1.19,186.63453,31.42839,5994.19,1169.12,2.27,2.19,-59.2,-0.391,18.49,19.56,01a59341o0089o
59341.524933,20.671,0.77,20,15,o,0,1.18,186.63453,31.42839,5940.59,1093.63,2.12,2.01,-54.5,-0.408,19.32,20.16,01a59341o0101o
59341.539468,20.293,0.496,28,14,o,0,1.53,186.63453,31.42839,5921.11,1212.82,2.16,2.14,-76.5,-0.415,19.19,20.09,01a59341o0132o
59343.336614,19.743,0.232,46,11,c,0,0.97,186.63453,31.42839,1113.67,1443.61,2.43,2.23,-62.8,-0.443,19.76,21.69,02a59343o0210c
59343.339827,-23.272,6.286,-2,11,c,0,1.12,186.63453,31.42839,1093.98,1402.98,2.45,2.2,-63.2,-0.45,19.76,21.67,02a59343o0217c
59343.349771,22.059,1.5,6,8,c,0,1.87,186.63453,31.42839,1156.76,1479.08,2.48,2.26,-59.0,-0.432,19.74,21.67,02a59343o0237c
59343.355999,20.447,0.436,24,10,c,0,0.95,186.63453,31.42839,1176.12,1363.56,2.4,2.18,-58.7,-0.446,19.77,21.65,02a59343o0250c
59345.357549,21.427,1.385,10,14,o,0,0.54,186.63453,31.42839,9379.02,7163.46,2.04,1.84,-89.7,-0.415,19.78,20.74,01a59345o0284o
59345.361238,20.466,0.446,24,10,o,0,1.65,186.63453,31.42839,9399.58,7202.08,2.1,1.89,88.0,-0.415,19.72,20.81,01a59345o0292o
59345.392596,21.273,0.992,11,11,o,0,1.39,186.63453,31.42839,9345.97,7124.44,2.15,1.89,-89.1,-0.407,19.65,20.56,01a59345o0358o
59345.406079,20.385,0.458,26,12,o,0,1.2,186.63453,31.42839,9327.55,7240.1,2.08,1.87,-83.5,-0.405,19.66,20.56,01a59345o0386o
59347.377421,20.649,0.55,20,11,c,0,0.92,186.63453,31.42839,2607.98,7622.55,2.36,2.3,41.0,-0.403,19.72,21.56,02a59347o0315c
59347.406898,21.864,1.5,6,10,c,0,1.47,186.63453,31.42839,2589.25,7581.18,2.4,2.34,36.7,-0.399,19.67,21.53,02a59347o0375c
59347.410105,20.792,0.58,18,10,c,0,1.79,186.63453,31.42839,2647.22,7658.23,2.36,2.28,28.6,-0.406,19.69,21.52,02a59347o0382c
59347.428241,21.697,1.368,8,10,c,0,1.5,186.63453,31.42839,2668.98,7542.23,2.39,2.36,32.4,-0.401,19.65,21.5,02a59347o0419c
59349.323766,21.188,0.923,12,11,o,0,0.9,186.63453,31.42839,9370.74,7167.54,2.3,1.88,-86.7,-0.434,19.77,20.94,01a59349o0198o
59349.334812,-22.664,2.933,-3,9,o,0,2.12,186.63453,31.42839,9393.0,7205.34,2.44,2.0,88.7,-0.424,19.69,20.94,01a59349o0221o
59349.33804,0.0,21.419,0,10,o,0,1.21,186.63453,31.42839,9333.16,7128.2,2.31,1.92,-84.7,-0.434,19.72,20.9,01a59349o0228o
59349.354157,20.693,0.536,19,10,o,0,1.02,186.63453,31.42839,9317.28,7243.97,2.3,2.0,88.8,-0.422,19.73,20.88,01a59349o0262o
59351.313623,20.452,0.643,24,15,o,0,1.95,186.63453,31.42839,2613.12,7623.19,2.2,2.14,-36.7,-0.413,19.38,20.53,02a59351o0171o
59351.316825,21.417,1.08,10,11,o,0,3.7,186.63453,31.42839,2594.68,7584.94,2.29,2.26,-45.7,-0.405,19.32,20.57,02a59351o0178o
59351.329978,21.536,1.642,9,14,o,0,1.26,186.63453,31.42839,2654.65,7666.59,2.3,2.26,23.2,-0.405,19.37,20.64,02a59351o0205o
59351.342375,21.671,1.908,8,15,o,0,1.92,186.63453,31.42839,2674.39,7547.66,2.2,2.11,46.9,-0.418,19.45,20.65,02a59351o0230o
59353.286246,-20.937,1.067,-15,16,o,0,1.08,186.63453,31.42839,9832.49,2793.64,2.11,1.81,-77.9,-0.433,19.52,20.09,01a59353o0115o
59353.289629,-21.727,1.807,-7,13,o,0,1.21,186.63453,31.42839,9852.31,2831.32,2.16,1.85,-78.4,-0.425,19.5,20.1,01a59353o0122o
59353.320565,22.326,3.479,4,15,o,0,0.98,186.63453,31.42839,9801.94,2746.19,2.15,1.85,-74.5,-0.425,19.58,20.21,01a59353o0185o
59353.324098,21.97,2.18,6,13,o,0,0.89,186.63453,31.42839,44.92,2849.13,1.88,1.64,79.1,-0.399,19.6,20.34,01a59353o0192o
59353.348907,20.053,0.415,35,14,o,0,0.87,186.63453,31.42839,9789.26,2859.58,2.19,1.8,-75.7,-0.426,19.55,20.19,01a59353o0242o
59353.351842,21.069,1.109,14,15,o,0,1.06,186.63453,31.42839,70.21,2884.01,1.78,1.59,84.6,-0.418,19.65,20.33,01a59353o0247o
59357.318635,22.142,4.185,5,21,o,0,0.91,186.63453,31.42839,9842.69,2779.63,2.22,1.95,-72.9,-0.408,18.99,19.07,01a59357o0050o
59357.320478,-20.681,1.358,-19,26,o,0,0.84,186.63453,31.42839,45.64,2844.66,1.88,1.72,72.0,-0.387,18.96,19.06,01a59357o0054o
59357.321861,21.323,1.861,11,20,o,0,1.09,186.63453,31.42839,9862.23,2819.1,2.14,1.89,-66.3,-0.416,19.02,19.06,01a59357o0057o
59357.323702,-22.394,6.508,-4,26,o,0,1.16,186.63453,31.42839,66.71,2885.05,1.82,1.64,79.2,-0.396,19.02,19.04,01a59357o0061o
59357.327852,-21.309,2.056,-11,22,o,0,0.85,186.63453,31.42839,9803.88,2743.74,2.13,1.86,-69.0,-0.428,19.0,19.03,01a59357o0070o
59357.349251,-20.386,0.899,-25,23,o,0,1.16,186.63453,31.42839,9790.74,2860.33,2.24,1.86,-71.4,-0.422,18.97,18.98,01a59357o0114o
59359.302458,19.329,0.37,67,25,o,0,1.66,186.63453,31.42839,8548.78,7845.5,2.17,2.08,83.3,-0.449,18.84,19.25,02a59359o0145o
59359.312597,20.614,1.154,21,24,o,0,2.31,186.63453,31.42839,8529.57,7804.83,2.16,2.07,-89.3,-0.452,18.82,19.23,02a59359o0166o
59359.315798,-20.646,1.326,-20,27,o,0,1.01,186.63453,31.42839,8587.61,7884.2,2.15,2.07,88.3,-0.454,18.82,19.22,02a59359o0173o
59359.321789,20.079,0.901,34,30,o,0,1.11,186.63453,31.42839,8607.33,7769.75,2.23,2.1,57.9,-0.446,18.77,19.17,02a59359o0186o
59361.386586,22.597,4.283,3,14,o,0,1.36,186.63453,31.42839,3524.63,9464.35,1.93,1.69,-78.3,-0.447,18.98,19.22,01a59361o0088o
59361.392582,-21.505,2.386,-9,22,o,0,0.92,186.63453,31.42839,3544.49,9504.62,2.17,1.88,-80.1,-0.439,18.87,19.19,01a59361o0101o
59361.395806,-25.691,107.0,0,21,o,0,1.41,186.63453,31.42839,3482.8,9426.73,2.27,1.92,-79.5,-0.436,18.84,19.17,01a59361o0108o
59361.408752,-20.626,1.114,-20,23,o,0,1.15,186.63453,31.42839,3464.45,9544.52,2.25,1.93,-76.3,-0.439,18.79,19.12,01a59361o0136o
59363.340468,-21.15,1.095,-13,14,o,0,1.63,186.63453,31.42839,3162.84,3259.04,2.03,1.88,40.3,-0.454,19.38,20.36,02a59363o0224o
59363.349183,22.291,2.727,4,12,o,0,1.5,186.63453,31.42839,3143.6,3219.91,2.03,1.9,41.1,-0.441,19.31,20.16,02a59363o0243o
59363.366163,21.329,1.524,11,16,o,0,1.17,186.63453,31.42839,3206.17,3295.19,2.11,1.89,42.5,-0.451,19.19,19.95,02a59363o0280o
59363.377247,22.142,2.286,5,12,o,0,2.02,186.63453,31.42839,3226.31,3178.27,2.06,1.91,38.8,-0.449,19.15,19.86,02a59363o0304o
59367.33734,20.882,0.736,16,12,o,0,0.96,186.63453,31.42839,3171.85,3258.66,1.9,1.89,-1.5,-0.454,19.65,20.91,02a59367o0215o
59367.356953,-22.673,3.187,-3,10,o,0,1.6,186.63453,31.42839,3155.56,3220.28,1.93,1.89,-57.1,-0.455,19.67,20.9,02a59367o0256o
59367.367643,25.243,37.667,0,11,o,0,1.14,186.63453,31.42839,3213.46,3296.41,1.93,1.89,-41.6,-0.455,19.63,20.89,02a59367o0277o
59369.357896,-23.944,7.545,-1,7,c,0,1.47,186.63453,31.42839,4099.78,3173.53,2.17,2.09,-76.2,-0.394,19.93,21.73,01a59369o0265c
59369.360736,20.806,0.409,17,7,c,0,1.25,186.63453,31.42839,4121.9,3212.27,2.16,2.1,-49.1,-0.391,19.96,21.72,01a59369o0271c
59369.376077,22.505,2.256,4,8,c,0,1.26,186.63453,31.42839,4065.05,3134.77,2.2,2.16,-22.9,-0.388,19.9,21.68,01a59369o0303c
59369.404643,-22.91,3.75,-2,9,c,0,1.1,186.63453,31.42839,4047.53,3250.19,2.28,2.17,-81.0,-0.39,19.73,21.4,01a59369o0361c
59371.335221,20.791,0.661,18,12,o,0,1.55,186.63453,31.42839,6460.34,9360.13,2.49,2.4,75.5,-0.424,19.49,20.87,02a59371o0208o
59371.338463,21.184,1.066,12,13,o,0,1.41,186.63453,31.42839,6442.46,9320.56,2.57,2.52,89.9,-0.414,19.41,20.89,02a59371o0215o
59371.344427,-20.437,0.55,-24,13,o,0,1.82,186.63453,31.42839,6498.93,9399.15,2.51,2.45,60.1,-0.418,19.46,20.87,02a59371o0228o
59371.363767,-21.517,1.3,-9,12,o,0,1.53,186.63453,31.42839,6518.16,9284.17,2.46,2.44,-72.0,-0.416,19.4,20.77,02a59371o0270o
59373.319486,22.643,2.154,3,7,c,0,2.22,186.63453,31.42839,4098.67,3171.62,2.13,2.06,-85.2,-0.393,20.0,21.86,01a59373o0179c
59373.322717,20.709,0.405,19,8,c,0,1.45,186.63453,31.42839,4119.19,3211.22,2.06,2.01,-80.8,-0.391,20.04,21.87,01a59373o0186c
59373.337652,22.377,1.612,4,7,c,0,2.0,186.63453,31.42839,4062.76,3133.79,2.14,2.06,-71.7,-0.401,20.04,21.82,01a59373o0218c
59373.347477,-23.069,4.0,-2,9,c,0,1.01,186.63453,31.42839,4044.76,3250.46,2.19,2.09,-82.8,-0.402,19.99,21.8,01a59373o0239c
59377.299251,21.405,0.785,10,8,c,0,1.83,186.63453,31.42839,8503.78,5529.87,2.33,2.11,-77.3,-0.415,20.06,21.84,01a59377o0133c
59377.31197,-23.667,5.923,-1,7,c,0,2.07,186.63453,31.42839,8526.15,5569.29,2.4,2.12,-78.6,-0.409,20.02,21.87,01a59377o0159c
59377.325637,21.074,0.535,14,7,c,0,1.65,186.63453,31.42839,8469.02,5494.65,2.51,2.21,-78.6,-0.403,20.0,21.91,01a59377o0187c
59377.328883,21.093,0.617,13,8,c,0,1.41,186.63453,31.42839,8448.56,5611.26,2.52,2.18,-82.2,-0.402,19.99,21.91,01a59377o0194c
59381.289489,20.348,0.417,26,11,o,0,1.34,186.63453,31.42839,8507.61,5529.88,2.15,1.82,-79.6,-0.435,19.67,20.52,01a59381o0108o
59381.314988,20.309,0.443,27,12,o,0,1.06,186.63453,31.42839,8528.07,5569.85,2.22,1.89,-79.4,-0.432,19.42,20.21,01a59381o0161o
59381.329732,20.788,1.558,18,27,o,0,1.02,186.63453,31.42839,8469.36,5494.09,2.26,1.96,-80.0,-0.428,18.58,19.06,01a59381o0191o
59383.262,20.697,0.783,19,15,o,0,1.27,186.63453,31.42839,7084.73,3068.12,2.16,1.91,-87.7,-0.413,19.13,19.8,02a59383o0043o
59383.265223,20.252,0.509,29,15,o,0,0.97,186.63453,31.42839,7067.29,3031.58,1.91,1.86,78.1,-0.44,19.27,19.83,02a59383o0050o
59383.283284,-22.201,3.113,-5,15,o,0,1.75,186.63453,31.42839,7122.03,3105.91,1.91,1.86,-67.3,-0.431,19.26,19.87,02a59383o0089o
59383.29076,22.904,7.037,2,18,o,0,0.97,186.63453,31.42839,7143.46,2992.2,1.94,1.89,89.0,-0.43,19.24,19.88,02a59383o0105o
59385.342748,24.709,27.375,0,13,o,0,1.69,186.63453,31.42839,1349.64,9063.06,1.7,1.57,-60.6,-0.44,19.29,19.61,01a59385o0008o
59385.34644,20.674,0.715,20,14,o,0,1.15,186.63453,31.42839,1369.54,9100.75,1.71,1.53,-72.9,-0.43,19.3,19.59,01a59385o0016o
59385.352889,21.194,1.436,12,17,o,0,1.28,186.63453,31.42839,1310.81,9020.53,1.88,1.68,-83.0,-0.423,19.19,19.53,01a59385o0030o
59385.363519,21.18,1.236,12,15,o,0,1.82,186.63453,31.42839,1292.01,9137.6,1.89,1.62,-79.2,-0.436,18.82,19.15,01a59385o0053o
59387.298369,18.394,0.424,159,68,o,0,1.56,186.63453,31.42839,737.96,9713.69,2.42,1.72,-41.5,-0.473,17.82,17.9,02a59387o0124o
59387.302026,-19.99,2.351,-37,86,o,0,0.93,186.63453,31.42839,720.03,9673.98,2.32,1.84,-43.6,-0.509,17.88,17.88,02a59387o0132o
59387.308448,19.974,6.968,37,259,o,0,1.12,186.63453,31.42839,776.37,9750.55,2.5,1.79,-45.8,-0.533,16.42,16.25,02a59387o0146o
59387.318559,-18.644,0.775,-127,98,o,0,1.09,186.63453,31.42839,796.25,9631.1,2.26,1.73,-43.3,-0.508,17.26,17.09,02a59387o0168o
59389.282803,-21.626,2.254,-8,18,o,0,0.76,186.63453,31.42839,1345.36,9071.34,1.75,1.5,-74.5,-0.452,19.14,19.24,01a59389o0092o
59389.305028,-22.065,3.798,-5,21,o,0,0.69,186.63453,31.42839,1364.16,9107.6,1.79,1.56,-73.8,-0.441,19.07,19.17,01a59389o0139o
59389.308257,-20.489,0.834,-23,19,o,0,1.01,186.63453,31.42839,1303.89,9028.74,1.87,1.58,-78.8,-0.435,19.03,19.15,01a59389o0146o
59389.324182,20.543,1.014,22,22,o,0,1.0,186.63453,31.42839,1283.09,9145.06,1.83,1.57,-72.8,-0.442,18.97,19.08,01a59389o0179o
59391.268511,20.572,0.682,21,15,o,0,1.39,186.63453,31.42839,751.09,9712.24,1.95,1.46,-42.9,-0.552,19.6,20.66,02a59391o0057o
59391.291233,19.958,0.466,38,18,o,0,4.81,186.63453,31.42839,733.2,9669.88,2.02,1.49,-44.5,-0.521,19.21,19.87,02a59391o0105o
59391.300573,21.157,1.972,12,25,o,0,1.16,186.63453,31.42839,789.67,9747.53,2.11,1.53,-44.7,-0.508,19.15,19.71,02a59391o0125o
59391.305779,-20.786,1.302,-18,23,o,0,1.28,186.63453,31.42839,809.09,9629.18,2.06,1.52,-44.7,-0.522,19.1,19.64,02a59391o0136o
